Frequency (Hz)	Level (dB)
5.383301	-89.738197
10.766602	-88.189659
16.149902	-71.805847
21.533203	-57.128380
26.916504	-54.342640
32.299805	-54.431122
37.683105	-57.224983
43.066406	-49.318726
48.449707	-47.464745
53.833008	-50.036148
59.216309	-53.788273
64.599609	-54.346745
69.982910	-55.416439
75.366211	-56.821465
80.749512	-56.803104
86.132812	-55.194359
91.516113	-54.544090
96.899414	-58.110535
102.282715	-60.697285
107.666016	-59.876488
113.049316	-58.663773
118.432617	-57.896145
123.815918	-57.793091
129.199219	-57.998707
134.582520	-59.164635
139.965820	-61.218784
145.349121	-60.911247
150.732422	-62.675121
156.115723	-63.941448
161.499023	-64.962936
166.882324	-67.486092
172.265625	-67.950523
177.648926	-67.975739
183.032227	-69.579094
188.415527	-69.700722
193.798828	-70.241692
199.182129	-71.385826
204.565430	-71.017143
209.948730	-70.799316
215.332031	-71.462234
220.715332	-70.853905
226.098633	-68.591881
231.481934	-67.749405
236.865234	-67.416634
242.248535	-66.441612
247.631836	-67.291931
253.015137	-67.631668
258.398438	-62.739044
263.781738	-60.056343
269.165039	-64.194977
274.548340	-69.801537
279.931641	-72.020248
285.314941	-71.726578
290.698242	-70.926788
296.081543	-67.877029
301.464844	-67.071327
306.848145	-68.740433
312.231445	-69.172440
317.614746	-68.842232
322.998047	-70.297478
328.381348	-71.038544
333.764648	-69.765823
339.147949	-69.483856
344.531250	-69.871979
349.914551	-69.183594
355.297852	-69.759529
360.681152	-70.138603
366.064453	-70.975433
371.447754	-71.772476
376.831055	-71.344612
382.214355	-71.691818
387.597656	-71.852585
392.980957	-72.929535
398.364258	-73.425049
403.747559	-73.404663
409.130859	-73.292213
414.514160	-71.288391
419.897461	-71.144852
425.280762	-70.573425
430.664062	-71.017944
436.047363	-70.535080
441.430664	-71.239235
446.813965	-72.165779
452.197266	-73.047241
457.580566	-73.540062
462.963867	-73.605133
468.347168	-73.304077
473.730469	-73.349770
479.113770	-74.047623
484.497070	-74.430130
489.880371	-73.845245
495.263672	-73.275780
500.646973	-72.205521
506.030273	-71.812805
511.413574	-72.424553
516.796875	-73.430260
522.180176	-73.702408
527.563477	-73.098114
532.946777	-72.723251
538.330078	-71.322914
543.713379	-70.512047
549.096680	-70.622574
554.479980	-70.409615
559.863281	-70.061104
565.246582	-70.095993
570.629883	-70.843819
576.013184	-71.160378
581.396484	-71.122963
586.779785	-70.943726
592.163086	-70.796143
597.546387	-69.614487
602.929688	-70.777382
608.312988	-71.694244
613.696289	-71.706009
619.079590	-70.979462
624.462891	-71.142242
629.846191	-71.908096
635.229492	-73.298042
640.612793	-73.322533
645.996094	-73.854874
651.379395	-74.405022
656.762695	-75.749779
662.145996	-75.617393
667.529297	-75.427269
672.912598	-75.296707
678.295898	-76.252213
683.679199	-78.690163
689.062500	-79.847099
694.445801	-80.358322
699.829102	-80.300652
705.212402	-81.434082
710.595703	-81.137283
715.979004	-80.224190
721.362305	-81.254494
726.745605	-79.261963
732.128906	-78.194260
737.512207	-77.921684
742.895508	-77.255966
748.278809	-76.580475
753.662109	-76.110008
759.045410	-75.448944
764.428711	-74.967667
769.812012	-74.466003
775.195312	-73.569229
780.578613	-74.010857
785.961914	-73.971703
791.345215	-75.859756
796.728516	-76.570770
802.111816	-76.425278
807.495117	-77.123886
812.878418	-77.269836
818.261719	-75.490723
823.645020	-75.078033
829.028320	-74.774887
834.411621	-74.275818
839.794922	-74.549133
845.178223	-74.721863
850.561523	-75.560432
855.944824	-77.010284
861.328125	-78.784859
866.711426	-79.584297
872.094727	-80.061455
877.478027	-80.226486
882.861328	-79.540024
888.244629	-79.259048
893.627930	-80.254570
899.011230	-80.170601
904.394531	-80.019798
909.777832	-80.612038
915.161133	-81.157684
920.544434	-81.569725
925.927734	-80.188797
931.311035	-79.332870
936.694336	-79.762398
942.077637	-80.131088
947.460938	-78.992226
952.844238	-79.302467
958.227539	-79.760712
963.610840	-80.891022
968.994141	-80.987633
974.377441	-80.978752
979.760742	-81.156570
985.144043	-81.267311
990.527344	-82.031143
995.910645	-80.719238
1001.293945	-79.500740
1006.677246	-79.901588
1012.060547	-80.866241
1017.443848	-81.773033
1022.827148	-81.991081
1028.210449	-82.149986
1033.593750	-82.756897
1038.977051	-82.227074
1044.360352	-82.410568
1049.743652	-82.466736
1055.126953	-81.932571
1060.510254	-81.635345
1065.893555	-81.391739
1071.276855	-81.990593
1076.660156	-82.096306
1082.043457	-82.041420
1087.426758	-82.438309
1092.810059	-82.808067
1098.193359	-82.919228
1103.576660	-83.127197
1108.959961	-83.430008
1114.343262	-82.640404
1119.726562	-82.696205
1125.109863	-83.368713
1130.493164	-83.791542
1135.876465	-84.081970
1141.259766	-84.005356
1146.643066	-83.978409
1152.026367	-84.662956
1157.409668	-84.358231
1162.792969	-84.620110
1168.176270	-84.672836
1173.559570	-84.402573
1178.942871	-85.066902
1184.326172	-84.626923
1189.709473	-84.386742
1195.092773	-84.526344
1200.476074	-84.194588
1205.859375	-84.375038
1211.242676	-83.974945
1216.625977	-83.924515
1222.009277	-84.619545
1227.392578	-84.535995
1232.775879	-85.282013
1238.159180	-85.932526
1243.542480	-86.020531
1248.925781	-86.081688
1254.309082	-85.748764
1259.692383	-86.021980
1265.075684	-86.538025
1270.458984	-85.902481
1275.842285	-86.249313
1281.225586	-86.215332
1286.608887	-85.956894
1291.992188	-86.296593
1297.375488	-86.637001
1302.758789	-86.729393
1308.142090	-87.445343
1313.525391	-87.841354
1318.908691	-88.050224
1324.291992	-88.557030
1329.675293	-88.424194
1335.058594	-88.024620
1340.441895	-88.670547
1345.825195	-89.145935
1351.208496	-89.156952
1356.591797	-87.999634
1361.975098	-87.925461
1367.358398	-87.813103
1372.741699	-87.589256
1378.125000	-86.549377
1383.508301	-86.287682
1388.891602	-87.320869
1394.274902	-87.309143
1399.658203	-86.970207
1405.041504	-87.310875
1410.424805	-87.702995
1415.808105	-87.946037
1421.191406	-87.755806
1426.574707	-87.379410
1431.958008	-87.411705
1437.341309	-87.674904
1442.724609	-88.444084
1448.107910	-89.106674
1453.491211	-88.859245
1458.874512	-88.888779
1464.257812	-88.369064
1469.641113	-88.145218
1475.024414	-88.281631
1480.407715	-87.466972
1485.791016	-86.560661
1491.174316	-86.328506
1496.557617	-86.258659
1501.940918	-87.102570
1507.324219	-88.190926
1512.707520	-88.291161
1518.090820	-87.646500
1523.474121	-86.876190
1528.857422	-85.363411
1534.240723	-84.691078
1539.624023	-84.862968
1545.007324	-84.917717
1550.390625	-85.802666
1555.773926	-87.090309
1561.157227	-88.244370
1566.540527	-88.739960
1571.923828	-89.097771
1577.307129	-89.000557
1582.690430	-88.474602
1588.073730	-88.405441
1593.457031	-87.653160
1598.840332	-86.925186
1604.223633	-86.087143
1609.606934	-85.011757
1614.990234	-85.083862
1620.373535	-85.105827
1625.756836	-86.684067
1631.140137	-87.557480
1636.523438	-87.765549
1641.906738	-88.944572
1647.290039	-89.570053
1652.673340	-89.266983
1658.056641	-89.490112
1663.439941	-88.835281
1668.823242	-89.070946
1674.206543	-89.955246
1679.589844	-89.876205
1684.973145	-88.973206
1690.356445	-89.131584
1695.739746	-89.801506
1701.123047	-89.589729
1706.506348	-89.337868
1711.889648	-90.377090
1717.272949	-90.286514
1722.656250	-90.101646
1728.039551	-90.187691
1733.422852	-90.217209
1738.806152	-89.398277
1744.189453	-88.780800
1749.572754	-89.424149
1754.956055	-89.969070
1760.339355	-89.554970
1765.722656	-89.540115
1771.105957	-87.804367
1776.489258	-87.830055
1781.872559	-89.576164
1787.255859	-90.240517
1792.639160	-89.920219
1798.022461	-90.201393
1803.405762	-91.191566
1808.789062	-91.716103
1814.172363	-91.382217
1819.555664	-91.294487
1824.938965	-91.788864
1830.322266	-91.894569
1835.705566	-91.415802
1841.088867	-91.362587
1846.472168	-91.639191
1851.855469	-91.156090
1857.238770	-90.945847
1862.622070	-90.962738
1868.005371	-91.109451
1873.388672	-90.862701
1878.771973	-91.344063
1884.155273	-90.550240
1889.538574	-90.138969
1894.921875	-90.943314
1900.305176	-91.421265
1905.688477	-90.806732
1911.071777	-90.027328
1916.455078	-89.712967
1921.838379	-90.194916
1927.221680	-90.465248
1932.604980	-90.120384
1937.988281	-89.747971
1943.371582	-89.644409
1948.754883	-89.427475
1954.138184	-88.911079
1959.521484	-89.480698
1964.904785	-89.025871
1970.288086	-88.964470
1975.671387	-89.019417
1981.054688	-88.961815
1986.437988	-89.083923
1991.821289	-88.754372
1997.204590	-88.917679
2002.587891	-88.047066
2007.971191	-87.876030
2013.354492	-87.938423
2018.737793	-87.702576
2024.121094	-87.719841
2029.504395	-88.265846
2034.887695	-88.428307
2040.270996	-88.306694
2045.654297	-88.375389
2051.037598	-88.367851
2056.420898	-88.126122
2061.804199	-87.537483
2067.187500	-87.755188
2072.570801	-87.625877
2077.954102	-88.331055
2083.337402	-88.871323
2088.720703	-88.546440
2094.104004	-88.552460
2099.487305	-88.811111
2104.870605	-89.297852
2110.253906	-89.350609
2115.637207	-90.127899
2121.020508	-90.617111
2126.403809	-90.684273
2131.787109	-90.105019
2137.170410	-89.951210
2142.553711	-89.688835
2147.937012	-90.022430
2153.320312	-90.214676
2158.703613	-90.197502
2164.086914	-89.813126
2169.470215	-89.708694
2174.853516	-89.775642
2180.236816	-89.852196
2185.620117	-90.204697
2191.003418	-89.637512
2196.386719	-89.135826
2201.770020	-88.909470
2207.153320	-89.089539
2212.536621	-89.147118
2217.919922	-88.618088
2223.303223	-88.175812
2228.686523	-88.615173
2234.069824	-88.807053
2239.453125	-88.864563
2244.836426	-89.144699
2250.219727	-89.632874
2255.603027	-89.733833
2260.986328	-89.969589
2266.369629	-90.347954
2271.752930	-90.740616
2277.136230	-90.486748
2282.519531	-90.294907
2287.902832	-91.126747
2293.286133	-91.148392
2298.669434	-91.887718
2304.052734	-92.571579
2309.436035	-92.733696
2314.819336	-92.353653
2320.202637	-92.282684
2325.585938	-91.387115
2330.969238	-92.104759
2336.352539	-92.879982
2341.735840	-92.638649
2347.119141	-92.420639
2352.502441	-92.461868
2357.885742	-93.076897
2363.269043	-93.636696
2368.652344	-92.285843
2374.035645	-92.269127
2379.418945	-92.905144
2384.802246	-92.344460
2390.185547	-92.868828
2395.568848	-92.777969
2400.952148	-93.013611
2406.335449	-93.449493
2411.718750	-92.892532
2417.102051	-92.527336
2422.485352	-92.999359
2427.868652	-93.176186
2433.251953	-93.082603
2438.635254	-93.251495
2444.018555	-93.220474
2449.401855	-93.571320
2454.785156	-94.205856
2460.168457	-93.666267
2465.551758	-93.574890
2470.935059	-93.638336
2476.318359	-93.335587
2481.701660	-94.077271
2487.084961	-94.366165
2492.468262	-94.222527
2497.851562	-94.266701
2503.234863	-94.914551
2508.618164	-95.034828
2514.001465	-95.322960
2519.384766	-95.496346
2524.768066	-96.057365
2530.151367	-95.692169
2535.534668	-94.855659
2540.917969	-94.310989
2546.301270	-94.684090
2551.684570	-94.539497
2557.067871	-94.600197
2562.451172	-94.549782
2567.834473	-94.644707
2573.217773	-94.645378
2578.601074	-95.206429
2583.984375	-95.394203
2589.367676	-95.853539
2594.750977	-95.739380
2600.134277	-95.632278
2605.517578	-96.213646
2610.900879	-95.918228
2616.284180	-95.892982
2621.667480	-95.398911
2627.050781	-95.243378
2632.434082	-94.746506
2637.817383	-94.374252
2643.200684	-93.574944
2648.583984	-93.670868
2653.967285	-93.709702
2659.350586	-93.062050
2664.733887	-93.064514
2670.117188	-93.651367
2675.500488	-94.029182
2680.883789	-94.275284
2686.267090	-94.905678
2691.650391	-95.055885
2697.033691	-94.513039
2702.416992	-94.787262
2707.800293	-94.690689
2713.183594	-94.844627
2718.566895	-95.320045
2723.950195	-95.225067
2729.333496	-95.307220
2734.716797	-95.900169
2740.100098	-96.536797
2745.483398	-95.939957
2750.866699	-95.880157
2756.250000	-96.005493
2761.633301	-96.325439
2767.016602	-96.191544
2772.399902	-95.690727
2777.783203	-95.562370
2783.166504	-95.297401
2788.549805	-94.910286
2793.933105	-95.669426
2799.316406	-95.839798
2804.699707	-95.372391
2810.083008	-95.665710
2815.466309	-96.196594
2820.849609	-96.005074
2826.232910	-95.752411
2831.616211	-95.538307
2836.999512	-95.881256
2842.382812	-95.691101
2847.766113	-95.491615
2853.149414	-95.841942
2858.532715	-95.919334
2863.916016	-95.585464
2869.299316	-95.452805
2874.682617	-95.943390
2880.065918	-95.844147
2885.449219	-95.348335
2890.832520	-95.389412
2896.215820	-95.064903
2901.599121	-95.297394
2906.982422	-95.247215
2912.365723	-95.671593
2917.749023	-95.672256
2923.132324	-95.658134
2928.515625	-95.490761
2933.898926	-94.962578
2939.282227	-94.787590
2944.665527	-94.763184
2950.048828	-95.122734
2955.432129	-95.267113
2960.815430	-95.381218
2966.198730	-95.920998
2971.582031	-96.494675
2976.965332	-96.621986
2982.348633	-96.225380
2987.731934	-96.953598
2993.115234	-96.827309
2998.498535	-96.900574
3003.881836	-96.727089
3009.265137	-96.265625
3014.648438	-96.577309
3020.031738	-96.505104
3025.415039	-95.877724
3030.798340	-96.049980
3036.181641	-96.699013
3041.564941	-96.898643
3046.948242	-96.558044
3052.331543	-96.672997
3057.714844	-96.840218
3063.098145	-96.421211
3068.481445	-96.615685
3073.864746	-96.913284
3079.248047	-97.129524
3084.631348	-96.774719
3090.014648	-96.204727
3095.397949	-96.471634
3100.781250	-96.594978
3106.164551	-96.837975
3111.547852	-97.113373
3116.931152	-96.474266
3122.314453	-96.879875
3127.697754	-96.721184
3133.081055	-95.867523
3138.464355	-95.996330
3143.847656	-95.964699
3149.230957	-96.299797
3154.614258	-96.362076
3159.997559	-96.040672
3165.380859	-95.884735
3170.764160	-95.911369
3176.147461	-95.970039
3181.530762	-96.699348
3186.914062	-97.052666
3192.297363	-96.920990
3197.680664	-97.104469
3203.063965	-97.221802
3208.447266	-97.605354
3213.830566	-97.287560
3219.213867	-96.604485
3224.597168	-96.519119
3229.980469	-96.134544
3235.363770	-96.233635
3240.747070	-96.985245
3246.130371	-97.211708
3251.513672	-97.151390
3256.896973	-97.330284
3262.280273	-96.859673
3267.663574	-96.570335
3273.046875	-96.557007
3278.430176	-96.049660
3283.813477	-96.408318
3289.196777	-96.350594
3294.580078	-96.110519
3299.963379	-96.584480
3305.346680	-96.863304
3310.729980	-96.829903
3316.113281	-96.309227
3321.496582	-96.463844
3326.879883	-97.321869
3332.263184	-97.174088
3337.646484	-96.308662
3343.029785	-95.903107
3348.413086	-96.124153
3353.796387	-96.537376
3359.179688	-96.947365
3364.562988	-97.126579
3369.946289	-96.978928
3375.329590	-96.485260
3380.712891	-96.732635
3386.096191	-96.549355
3391.479492	-97.114388
3396.862793	-96.821785
3402.246094	-96.271080
3407.629395	-96.382179
3413.012695	-96.735291
3418.395996	-96.863144
3423.779297	-96.882309
3429.162598	-96.947433
3434.545898	-96.771080
3439.929199	-97.255875
3445.312500	-97.328362
3450.695801	-97.743233
3456.079102	-97.188271
3461.462402	-96.904114
3466.845703	-96.910316
3472.229004	-97.102371
3477.612305	-97.396904
3482.995605	-97.190414
3488.378906	-96.711479
3493.762207	-96.871002
3499.145508	-96.900528
3504.528809	-96.618690
3509.912109	-96.596573
3515.295410	-96.441940
3520.678711	-96.340538
3526.062012	-96.153778
3531.445312	-96.578773
3536.828613	-97.147758
3542.211914	-96.812836
3547.595215	-96.696976
3552.978516	-96.660225
3558.361816	-96.287117
3563.745117	-97.248329
3569.128418	-96.972649
3574.511719	-96.754158
3579.895020	-97.084076
3585.278320	-96.833931
3590.661621	-96.453079
3596.044922	-96.943092
3601.428223	-97.202095
3606.811523	-97.276039
3612.194824	-96.675583
3617.578125	-97.163063
3622.961426	-97.217712
3628.344727	-97.505974
3633.728027	-97.404884
3639.111328	-97.915924
3644.494629	-97.564461
3649.877930	-97.180901
3655.261230	-97.263290
3660.644531	-96.593994
3666.027832	-97.398552
3671.411133	-97.720078
3676.794434	-97.612396
3682.177734	-97.607086
3687.561035	-97.582870
3692.944336	-98.158401
3698.327637	-97.962944
3703.710938	-97.999573
3709.094238	-97.951096
3714.477539	-98.212967
3719.860840	-97.948822
3725.244141	-98.223907
3730.627441	-98.636551
3736.010742	-98.756729
3741.394043	-98.854469
3746.777344	-98.958961
3752.160645	-98.628510
3757.543945	-98.747269
3762.927246	-98.711967
3768.310547	-99.314903
3773.693848	-99.112244
3779.077148	-99.386887
3784.460449	-99.199799
3789.843750	-99.420242
3795.227051	-98.910538
3800.610352	-99.176224
3805.993652	-98.672470
3811.376953	-98.720840
3816.760254	-99.114777
3822.143555	-98.731613
3827.526855	-98.887840
3832.910156	-98.741951
3838.293457	-98.744919
3843.676758	-98.133652
3849.060059	-98.243233
3854.443359	-98.390366
3859.826660	-98.691261
3865.209961	-98.463974
3870.593262	-98.625671
3875.976562	-98.776680
3881.359863	-98.460258
3886.743164	-98.806587
3892.126465	-99.283554
3897.509766	-99.655464
3902.893066	-99.350067
3908.276367	-99.370628
3913.659668	-98.908318
3919.042969	-98.794067
3924.426270	-99.048134
3929.809570	-99.503540
3935.192871	-99.004189
3940.576172	-99.471336
3945.959473	-99.340019
3951.342773	-99.344231
3956.726074	-99.767830
3962.109375	-99.242805
3967.492676	-99.224213
3972.875977	-99.114616
3978.259277	-99.067665
3983.642578	-99.143158
3989.025879	-99.357185
3994.409180	-99.339500
3999.792480	-99.547607
4005.175781	-99.265198
4010.559082	-99.239815
4015.942383	-99.243805
4021.325684	-99.600136
4026.708984	-100.034462
4032.092285	-99.817444
4037.475586	-99.837769
4042.858887	-100.039703
4048.242188	-99.724327
4053.625488	-100.069862
4059.008789	-99.716385
4064.392090	-99.589729
4069.775391	-99.478027
4075.158691	-99.456696
4080.541992	-99.497276
4085.925293	-99.325607
4091.308594	-99.231247
4096.691895	-99.129868
4102.075195	-98.987793
4107.458496	-98.812820
4112.841797	-98.514107
4118.225098	-99.102631
4123.608398	-99.406212
4128.991699	-99.347351
4134.375000	-99.399361
4139.758301	-99.662971
4145.141602	-99.669083
4150.524902	-99.803741
4155.908203	-100.252701
4161.291504	-99.738869
4166.674805	-99.290955
4172.058105	-99.707703
4177.441406	-99.278847
4182.824707	-100.102005
4188.208008	-99.467499
4193.591309	-99.012138
4198.974609	-99.039284
4204.357910	-98.940720
4209.741211	-99.205658
4215.124512	-99.303902
4220.507812	-99.270271
4225.891113	-99.567329
4231.274414	-99.577202
4236.657715	-99.235085
4242.041016	-98.827271
4247.424316	-98.942375
4252.807617	-99.458427
4258.190918	-99.479271
4263.574219	-99.494118
4268.957520	-99.513489
4274.340820	-99.848862
4279.724121	-99.483727
4285.107422	-99.417709
4290.490723	-99.593262
4295.874023	-99.473679
4301.257324	-99.341064
4306.640625	-99.560074
4312.023926	-98.983849
4317.407227	-99.319588
4322.790527	-99.166939
4328.173828	-99.120789
4333.557129	-99.428200
4338.940430	-99.324348
4344.323730	-99.000389
4349.707031	-99.347038
4355.090332	-99.286003
4360.473633	-99.197189
4365.856934	-99.207451
4371.240234	-100.203659
4376.623535	-99.571884
4382.006836	-99.503410
4387.390137	-99.777657
4392.773438	-99.654770
4398.156738	-100.272987
4403.540039	-99.975136
4408.923340	-100.145538
4414.306641	-99.578285
4419.689941	-100.079277
4425.073242	-99.814552
4430.456543	-99.432167
4435.839844	-99.568466
4441.223145	-100.063141
4446.606445	-99.825684
4451.989746	-99.357025
4457.373047	-99.383911
4462.756348	-99.430885
4468.139648	-99.475952
4473.522949	-99.807999
4478.906250	-99.657089
4484.289551	-99.648056
4489.672852	-99.024841
4495.056152	-99.521591
4500.439453	-100.272835
4505.822754	-99.936333
4511.206055	-99.281158
4516.589355	-99.133850
4521.972656	-99.340363
4527.355957	-99.509003
4532.739258	-99.367020
4538.122559	-99.341896
4543.505859	-99.730782
4548.889160	-99.534813
4554.272461	-99.853195
4559.655762	-100.185913
4565.039062	-99.891518
4570.422363	-100.197723
4575.805664	-99.892899
4581.188965	-100.379585
4586.572266	-99.972504
4591.955566	-99.633263
4597.338867	-100.136391
4602.722168	-100.181175
4608.105469	-100.218781
4613.488770	-100.359779
4618.872070	-99.335999
4624.255371	-98.995346
4629.638672	-99.393890
4635.021973	-99.218987
4640.405273	-99.167236
4645.788574	-99.644897
4651.171875	-99.559891
4656.555176	-99.763672
4661.938477	-100.012444
4667.321777	-100.234421
4672.705078	-99.862648
4678.088379	-99.333763
4683.471680	-99.230087
4688.854980	-99.010437
4694.238281	-99.861839
4699.621582	-99.520714
4705.004883	-99.634552
4710.388184	-99.768265
4715.771484	-99.784920
4721.154785	-99.761528
4726.538086	-99.503105
4731.921387	-99.563332
4737.304688	-99.107376
4742.687988	-99.925453
4748.071289	-100.232246
4753.454590	-99.739189
4758.837891	-99.514656
4764.221191	-100.221443
4769.604492	-99.729355
4774.987793	-99.595642
4780.371094	-99.776428
4785.754395	-99.615746
4791.137695	-99.746681
4796.520996	-99.987137
4801.904297	-99.614235
4807.287598	-99.723000
4812.670898	-99.713676
4818.054199	-99.411697
4823.437500	-99.301994
4828.820801	-99.324013
4834.204102	-99.462692
4839.587402	-99.444786
4844.970703	-99.678078
4850.354004	-99.410904
4855.737305	-99.676323
4861.120605	-99.763107
4866.503906	-99.513878
4871.887207	-100.383881
4877.270508	-100.188446
4882.653809	-99.781578
4888.037109	-99.745895
4893.420410	-99.750961
4898.803711	-100.111580
4904.187012	-100.230522
4909.570312	-99.787880
4914.953613	-99.840897
4920.336914	-99.521111
4925.720215	-99.677635
4931.103516	-99.865776
4936.486816	-99.997986
4941.870117	-100.287003
4947.253418	-99.820732
4952.636719	-99.415779
4958.020020	-99.546669
4963.403320	-99.932396
4968.786621	-99.797882
4974.169922	-99.254562
4979.553223	-99.483437
4984.936523	-99.535110
4990.319824	-99.987579
4995.703125	-100.194298
5001.086426	-100.195023
5006.469727	-99.983681
5011.853027	-99.709808
5017.236328	-99.534599
5022.619629	-98.974113
5028.002930	-99.340973
5033.386230	-99.585724
5038.769531	-100.350319
5044.152832	-99.657097
5049.536133	-99.570511
5054.919434	-99.966614
5060.302734	-100.057457
5065.686035	-99.729256
5071.069336	-100.031250
5076.452637	-100.163177
5081.835938	-100.173103
5087.219238	-99.537071
5092.602539	-99.636879
5097.985840	-99.340942
5103.369141	-99.560654
5108.752441	-99.530350
5114.135742	-99.720833
5119.519043	-99.671303
5124.902344	-100.153557
5130.285645	-99.657028
5135.668945	-99.531517
5141.052246	-99.054207
5146.435547	-99.159615
5151.818848	-99.325783
5157.202148	-99.386963
5162.585449	-100.012276
5167.968750	-99.881157
5173.352051	-99.839111
5178.735352	-99.547073
5184.118652	-99.164528
5189.501953	-99.628510
5194.885254	-99.876610
5200.268555	-99.963722
5205.651855	-99.642982
5211.035156	-99.239418
5216.418457	-100.193283
5221.801758	-100.139557
5227.185059	-99.690109
5232.568359	-100.636215
5237.951660	-100.284897
5243.334961	-99.723175
5248.718262	-99.591209
5254.101562	-100.018433
5259.484863	-100.804352
5264.868164	-100.255791
5270.251465	-99.645645
5275.634766	-99.731133
5281.018066	-99.470108
5286.401367	-99.549561
5291.784668	-99.671608
5297.167969	-99.987236
5302.551270	-99.462334
5307.934570	-99.410782
5313.317871	-99.861504
5318.701172	-99.555046
5324.084473	-100.363586
5329.467773	-100.566391
5334.851074	-99.954132
5340.234375	-100.153557
5345.617676	-100.379234
5351.000977	-100.066048
5356.384277	-99.142853
5361.767578	-99.210716
5367.150879	-98.877846
5372.534180	-99.168121
5377.917480	-99.211861
5383.300781	-99.584175
5388.684082	-100.065331
5394.067383	-99.934601
5399.450684	-99.843094
5404.833984	-100.155434
5410.217285	-100.251411
5415.600586	-100.407761
5420.983887	-100.422676
5426.367188	-100.127914
5431.750488	-100.115135
5437.133789	-99.876221
5442.517090	-99.671722
5447.900391	-100.076790
5453.283691	-100.115944
5458.666992	-100.339752
5464.050293	-100.404068
5469.433594	-99.895943
5474.816895	-99.765167
5480.200195	-100.505684
5485.583496	-100.489799
5490.966797	-99.559158
5496.350098	-99.679474
5501.733398	-100.149696
5507.116699	-100.164726
5512.500000	-100.348961
5517.883301	-99.879601
5523.266602	-99.844116
5528.649902	-100.160728
5534.033203	-100.025703
5539.416504	-99.909531
5544.799805	-99.795074
5550.183105	-99.427361
5555.566406	-99.593941
5560.949707	-99.877640
5566.333008	-99.871445
5571.716309	-99.703842
5577.099609	-99.600502
5582.482910	-100.033890
5587.866211	-100.195923
5593.249512	-99.607468
5598.632812	-99.888649
5604.016113	-99.765808
5609.399414	-99.458344
5614.782715	-99.372009
5620.166016	-100.012985
5625.549316	-100.126381
5630.932617	-100.519203
5636.315918	-100.308327
5641.699219	-99.828682
5647.082520	-99.262527
5652.465820	-98.957985
5657.849121	-99.296631
5663.232422	-99.475525
5668.615723	-99.682587
5673.999023	-99.907158
5679.382324	-99.995758
5684.765625	-99.671127
5690.148926	-99.851669
5695.532227	-99.835922
5700.915527	-99.757538
5706.298828	-99.290047
5711.682129	-99.376595
5717.065430	-99.951027
5722.448730	-99.900093
5727.832031	-99.417542
5733.215332	-99.578827
5738.598633	-99.615990
5743.981934	-99.827988
5749.365234	-99.775520
5754.748535	-99.739441
5760.131836	-99.673073
5765.515137	-100.412491
5770.898438	-100.216362
5776.281738	-100.247169
5781.665039	-100.306610
5787.048340	-99.638504
5792.431641	-99.545410
5797.814941	-99.797539
5803.198242	-100.267403
5808.581543	-100.472603
5813.964844	-99.681946
5819.348145	-100.080536
5824.731445	-100.733826
5830.114746	-100.187767
5835.498047	-99.602699
5840.881348	-100.059242
5846.264648	-100.141663
5851.647949	-99.820053
5857.031250	-100.402618
5862.414551	-99.973076
5867.797852	-99.944534
5873.181152	-100.517815
5878.564453	-100.882355
5883.947754	-100.557167
5889.331055	-100.407837
5894.714355	-100.134796
5900.097656	-100.016548
5905.480957	-100.177315
5910.864258	-100.230507
5916.247559	-100.480293
5921.630859	-100.146225
5927.014160	-100.264618
5932.397461	-100.461166
5937.780762	-100.276497
5943.164062	-100.419678
5948.547363	-100.689041
5953.930664	-100.720970
5959.313965	-99.804565
5964.697266	-100.182800
5970.080566	-100.471642
5975.463867	-100.183868
5980.847168	-100.213219
5986.230469	-99.900055
5991.613770	-100.053619
5996.997070	-100.209106
6002.380371	-99.911423
6007.763672	-100.093300
6013.146973	-99.952110
6018.530273	-99.837013
6023.913574	-99.986824
6029.296875	-100.308167
6034.680176	-100.361259
6040.063477	-100.237244
6045.446777	-99.712135
6050.830078	-100.046234
6056.213379	-100.358162
6061.596680	-100.310196
6066.979980	-100.107857
6072.363281	-99.880089
6077.746582	-99.834915
6083.129883	-99.910805
6088.513184	-99.954185
6093.896484	-100.133949
6099.279785	-100.049217
6104.663086	-99.876328
6110.046387	-100.219688
6115.429688	-100.004005
6120.812988	-100.268417
6126.196289	-100.381386
6131.579590	-100.371567
6136.962891	-100.592438
6142.346191	-100.650032
6147.729492	-100.345154
6153.112793	-100.125488
6158.496094	-100.477142
6163.879395	-100.482056
6169.262695	-99.731926
6174.645996	-99.735268
6180.029297	-100.601341
6185.412598	-100.542068
6190.795898	-100.237640
6196.179199	-100.209816
6201.562500	-100.490486
6206.945801	-100.692566
6212.329102	-100.134743
6217.712402	-100.251274
6223.095703	-100.225922
6228.479004	-100.089027
6233.862305	-99.992798
6239.245605	-100.130692
6244.628906	-100.153603
6250.012207	-100.254951
6255.395508	-99.772324
6260.778809	-100.204559
6266.162109	-100.302513
6271.545410	-100.117561
6276.928711	-100.137268
6282.312012	-100.597160
6287.695312	-100.375221
6293.078613	-99.750732
6298.461914	-100.106186
6303.845215	-100.702591
6309.228516	-100.772018
6314.611816	-100.405388
6319.995117	-101.172379
6325.378418	-100.482185
6330.761719	-100.492867
6336.145020	-100.420593
6341.528320	-100.300690
6346.911621	-99.934921
6352.294922	-100.121727
6357.678223	-100.348351
6363.061523	-100.171478
6368.444824	-100.517372
6373.828125	-100.274399
6379.211426	-100.247108
6384.594727	-99.945694
6389.978027	-100.464645
6395.361328	-100.084000
6400.744629	-99.965408
6406.127930	-100.463455
6411.511230	-100.741867
6416.894531	-100.325783
6422.277832	-100.279800
6427.661133	-100.264908
6433.044434	-100.588852
6438.427734	-100.346748
6443.811035	-100.704491
6449.194336	-100.960548
6454.577637	-100.546585
6459.960938	-100.626755
6465.344238	-100.254196
6470.727539	-99.855042
6476.110840	-99.965919
6481.494141	-100.187607
6486.877441	-100.758507
6492.260742	-100.305969
6497.644043	-99.579086
6503.027344	-100.334541
6508.410645	-100.395378
6513.793945	-99.826424
6519.177246	-100.234543
6524.560547	-100.327927
6529.943848	-100.518326
6535.327148	-100.532158
6540.710449	-100.210213
6546.093750	-100.132408
6551.477051	-99.993111
6556.860352	-100.431969
6562.243652	-100.355804
6567.626953	-99.960152
6573.010254	-100.058243
6578.393555	-99.960899
6583.776855	-100.128853
6589.160156	-100.303581
6594.543457	-100.151642
6599.926758	-100.125145
6605.310059	-100.485168
6610.693359	-100.484550
6616.076660	-100.933006
6621.459961	-100.025856
6626.843262	-100.267578
6632.226562	-100.534393
6637.609863	-100.453087
6642.993164	-100.092514
6648.376465	-100.063538
6653.759766	-100.142349
6659.143066	-100.468010
6664.526367	-100.186523
6669.909668	-100.035324
6675.292969	-99.590485
6680.676270	-99.768593
6686.059570	-100.376038
6691.442871	-100.559792
6696.826172	-100.129265
6702.209473	-100.036491
6707.592773	-99.529625
6712.976074	-99.491203
6718.359375	-100.066444
6723.742676	-99.914047
6729.125977	-99.815643
6734.509277	-100.145668
6739.892578	-100.528038
6745.275879	-100.156349
6750.659180	-100.231346
6756.042480	-99.961296
6761.425781	-99.990273
6766.809082	-99.822021
6772.192383	-99.747635
6777.575684	-99.988083
6782.958984	-100.394913
6788.342285	-99.988106
6793.725586	-99.318359
6799.108887	-99.742249
6804.492188	-99.846527
6809.875488	-100.136505
6815.258789	-100.676964
6820.642090	-99.981102
6826.025391	-99.761459
6831.408691	-100.067314
6836.791992	-100.018524
6842.175293	-99.956421
6847.558594	-99.681709
6852.941895	-100.017601
6858.325195	-100.273743
6863.708496	-100.233444
6869.091797	-100.025604
6874.475098	-99.674355
6879.858398	-99.799240
6885.241699	-99.100800
6890.625000	-99.312553
6896.008301	-99.981941
6901.391602	-100.430016
6906.774902	-99.726700
6912.158203	-99.730408
6917.541504	-100.270485
6922.924805	-99.877838
6928.308105	-99.802887
6933.691406	-100.184982
6939.074707	-100.199203
6944.458008	-99.404350
6949.841309	-99.744919
6955.224609	-99.715607
6960.607910	-99.739670
6965.991211	-99.731613
6971.374512	-99.970299
6976.757812	-99.972183
6982.141113	-100.420219
6987.524414	-99.751442
6992.907715	-99.872040
6998.291016	-100.172813
7003.674316	-100.481041
7009.057617	-100.426605
7014.440918	-99.592163
7019.824219	-99.589897
7025.207520	-99.866295
7030.590820	-99.322083
7035.974121	-99.505074
7041.357422	-100.077736
7046.740723	-99.673882
7052.124023	-99.687531
7057.507324	-99.747566
7062.890625	-99.296753
7068.273926	-99.917999
7073.657227	-99.772728
7079.040527	-99.603172
7084.423828	-100.221909
7089.807129	-100.312141
7095.190430	-100.065826
7100.573730	-99.793083
7105.957031	-100.406029
7111.340332	-99.893524
7116.723633	-99.765007
7122.106934	-100.098412
7127.490234	-99.962181
7132.873535	-100.605583
7138.256836	-100.135742
7143.640137	-100.087120
7149.023438	-99.899139
7154.406738	-99.723602
7159.790039	-99.602829
7165.173340	-99.794678
7170.556641	-100.239258
7175.939941	-100.303802
7181.323242	-100.188675
7186.706543	-100.290253
7192.089844	-99.738350
7197.473145	-100.038689
7202.856445	-99.898453
7208.239746	-99.969757
7213.623047	-99.559387
7219.006348	-99.782356
7224.389648	-100.010399
7229.772949	-100.102180
7235.156250	-100.026192
7240.539551	-100.075516
7245.922852	-100.014748
7251.306152	-100.546928
7256.689453	-100.228531
7262.072754	-99.985802
7267.456055	-100.038177
7272.839355	-99.236923
7278.222656	-99.263123
7283.605957	-99.904472
7288.989258	-100.128746
7294.372559	-99.839592
7299.755859	-99.779663
7305.139160	-99.701782
7310.522461	-99.843300
7315.905762	-99.513565
7321.289062	-99.145111
7326.672363	-99.762039
7332.055664	-100.057503
7337.438965	-99.211029
7342.822266	-99.870674
7348.205566	-99.375488
7353.588867	-99.209541
7358.972168	-99.364342
7364.355469	-99.148949
7369.738770	-99.528854
7375.122070	-99.836945
7380.505371	-99.799881
7385.888672	-99.314949
7391.271973	-99.548767
7396.655273	-99.222183
7402.038574	-99.035172
7407.421875	-99.539223
7412.805176	-99.783554
7418.188477	-99.607384
7423.571777	-99.895279
7428.955078	-99.340065
7434.338379	-98.923096
7439.721680	-99.344627
7445.104980	-99.161362
7450.488281	-99.045197
7455.871582	-98.942169
7461.254883	-99.560402
7466.638184	-99.765343
7472.021484	-99.746284
7477.404785	-99.218498
7482.788086	-98.941437
7488.171387	-99.571945
7493.554688	-99.093018
7498.937988	-99.306679
7504.321289	-99.489273
7509.704590	-99.183441
7515.087891	-99.101288
7520.471191	-98.939957
7525.854492	-99.198799
7531.237793	-99.204285
7536.621094	-98.908463
7542.004395	-99.248466
7547.387695	-99.206596
7552.770996	-98.951088
7558.154297	-98.547768
7563.537598	-98.236473
7568.920898	-98.682579
7574.304199	-98.773071
7579.687500	-98.598427
7585.070801	-98.946594
7590.454102	-99.301521
7595.837402	-99.245430
7601.220703	-99.077682
7606.604004	-99.229073
7611.987305	-98.818115
7617.370605	-99.043983
7622.753906	-99.076653
7628.137207	-99.035103
7633.520508	-99.686615
7638.903809	-99.632782
7644.287109	-99.028168
7649.670410	-98.999664
7655.053711	-98.897247
7660.437012	-98.869682
7665.820312	-99.082840
7671.203613	-99.167053
7676.586914	-99.567719
7681.970215	-99.740936
7687.353516	-99.435669
7692.736816	-99.206841
7698.120117	-98.888367
7703.503418	-98.749046
7708.886719	-98.803574
7714.270020	-98.682693
7719.653320	-99.640999
7725.036621	-99.659607
7730.419922	-99.345802
7735.803223	-99.172180
7741.186523	-98.864021
7746.569824	-99.620872
7751.953125	-98.692192
7757.336426	-98.605797
7762.719727	-99.477142
7768.103027	-99.562500
7773.486328	-99.666763
7778.869629	-99.390427
7784.252930	-99.565109
7789.636230	-99.366615
7795.019531	-99.180367
7800.402832	-99.187744
7805.786133	-99.241562
7811.169434	-99.413406
7816.552734	-99.039734
7821.936035	-98.936844
7827.319336	-99.152252
7832.702637	-98.786980
7838.085938	-98.866943
7843.469238	-98.981758
7848.852539	-99.483086
7854.235840	-99.834221
7859.619141	-99.435196
7865.002441	-99.151276
7870.385742	-99.462273
7875.769043	-99.374847
7881.152344	-98.984642
7886.535645	-98.732231
7891.918945	-98.831093
7897.302246	-98.850754
7902.685547	-99.201263
7908.068848	-98.700912
7913.452148	-98.801430
7918.835449	-99.458015
7924.218750	-99.400887
7929.602051	-98.620789
7934.985352	-98.937218
7940.368652	-98.520477
7945.751953	-98.675797
7951.135254	-98.913643
7956.518555	-98.887840
7961.901855	-98.451157
7967.285156	-98.440376
7972.668457	-98.611809
7978.051758	-99.422874
7983.435059	-99.521858
7988.818359	-99.383415
7994.201660	-98.406586
7999.584961	-98.866463
8004.968262	-98.548958
8010.351562	-98.295219
8015.734863	-99.036880
8021.118164	-99.448036
8026.501465	-99.146965
8031.884766	-99.302475
8037.268066	-98.969147
8042.651367	-99.076660
8048.034668	-98.697205
8053.417969	-97.998505
8058.801270	-98.178337
8064.184570	-98.654839
8069.567871	-98.097626
8074.951172	-98.662933
8080.334473	-98.582344
8085.717773	-98.556320
8091.101074	-98.217766
8096.484375	-98.029305
8101.867676	-98.735222
8107.250977	-98.664108
8112.634277	-98.433525
8118.017578	-98.351608
8123.400879	-98.179726
8128.784180	-98.654053
8134.167480	-98.754845
8139.550781	-98.310890
8144.934082	-98.105934
8150.317383	-98.344025
8155.700684	-98.314362
8161.083984	-98.667702
8166.467285	-98.308121
8171.850586	-98.412041
8177.233887	-98.117889
8182.617188	-98.583923
8188.000488	-98.195511
8193.383789	-98.552040
8198.767090	-98.784897
8204.150391	-98.728539
8209.533691	-98.567749
8214.916992	-98.519630
8220.300293	-98.926750
8225.683594	-98.839249
8231.066895	-98.910141
8236.450195	-98.937538
8241.833496	-99.336784
8247.216797	-99.812752
8252.600098	-99.426262
8257.983398	-98.631378
8263.366699	-98.689468
8268.750000	-99.403206
8274.133301	-99.038162
8279.516602	-98.666924
8284.899902	-98.445290
8290.283203	-98.753685
8295.666504	-99.061600
8301.049805	-98.583023
8306.433105	-99.300606
8311.816406	-99.014328
8317.199707	-98.547173
8322.583008	-98.828461
8327.966309	-98.686310
8333.349609	-98.283051
8338.732910	-98.806038
8344.116211	-99.001846
8349.499512	-98.791153
8354.882812	-98.761330
8360.266113	-98.993797
8365.649414	-98.952690
8371.032715	-99.012161
8376.416016	-98.947960
8381.799316	-98.998116
8387.182617	-99.135323
8392.565918	-99.209122
8397.949219	-99.182907
8403.332520	-98.295715
8408.715820	-98.664047
8414.099121	-98.763245
8419.482422	-98.597198
8424.865723	-98.969429
8430.249023	-97.933815
8435.632324	-98.593178
8441.015625	-98.834862
8446.398926	-98.922455
8451.782227	-98.583847
8457.165527	-94.911194
8462.548828	-95.333176
8467.932129	-98.913071
8473.315430	-99.066002
8478.698730	-98.882767
8484.082031	-98.212067
8489.465332	-97.378212
8494.848633	-98.735229
8500.231934	-99.066437
8505.615234	-99.139091
8510.998535	-98.919807
8516.381836	-99.096115
8521.765137	-98.791153
8527.148438	-98.838943
8532.531738	-98.708237
8537.915039	-99.393303
8543.298340	-99.142166
8548.681641	-99.093338
8554.064941	-98.625900
8559.448242	-98.768486
8564.831543	-98.853477
8570.214844	-99.119087
8575.598145	-99.194817
8580.981445	-99.945984
8586.364746	-99.503441
8591.748047	-99.206123
8597.131348	-99.409355
8602.514648	-99.372055
8607.897949	-99.599892
8613.281250	-99.559517
8618.664551	-99.395996
8624.047852	-99.633156
8629.431152	-99.455284
8634.814453	-99.328751
8640.197754	-98.813889
8645.581055	-99.086586
8650.964355	-99.067207
8656.347656	-99.033203
8661.730957	-98.945412
8667.114258	-98.902061
8672.497559	-98.807388
8677.880859	-99.004105
8683.264160	-98.919464
8688.647461	-99.219063
8694.030762	-99.065483
8699.414062	-98.767982
8704.797363	-99.175369
8710.180664	-99.542114
8715.563965	-99.074005
8720.947266	-98.985374
8726.330566	-99.496758
8731.713867	-99.351143
8737.097168	-99.688614
8742.480469	-99.076332
8747.863770	-99.053940
8753.247070	-99.479202
8758.630371	-99.448883
8764.013672	-99.169044
8769.396973	-99.432480
8774.780273	-100.000046
8780.163574	-99.612335
8785.546875	-99.838020
8790.930176	-99.747284
8796.313477	-99.189407
8801.696777	-98.933029
8807.080078	-99.134422
8812.463379	-99.389229
8817.846680	-99.505516
8823.229980	-99.015167
8828.613281	-99.124115
8833.996582	-99.042206
8839.379883	-98.923454
8844.763184	-99.218185
8850.146484	-99.458199
8855.529785	-99.159828
8860.913086	-99.110916
8866.296387	-99.322968
8871.679688	-98.898323
8877.062988	-98.537247
8882.446289	-99.369179
8887.829590	-98.688858
8893.212891	-99.172028
8898.596191	-99.988121
8903.979492	-99.693321
8909.362793	-99.619377
8914.746094	-99.795227
8920.129395	-99.541351
8925.512695	-98.961784
8930.895996	-99.164528
8936.279297	-98.456093
8941.662598	-98.720505
8947.045898	-99.197281
8952.429199	-99.017159
8957.812500	-99.218407
8963.195801	-99.332588
8968.579102	-99.261009
8973.962402	-99.236633
8979.345703	-99.351822
8984.729004	-99.699127
8990.112305	-99.149536
8995.495605	-99.223946
9000.878906	-98.950508
9006.262207	-99.027496
9011.645508	-98.827522
9017.028809	-98.906853
9022.412109	-98.656319
9027.795410	-98.950623
9033.178711	-98.940071
9038.562012	-98.650047
9043.945312	-98.751228
9049.328613	-99.163185
9054.711914	-99.300354
9060.095215	-98.962227
9065.478516	-99.369598
9070.861816	-99.183273
9076.245117	-99.132248
9081.628418	-99.458031
9087.011719	-99.247269
9092.395020	-98.592705
9097.778320	-98.970345
9103.161621	-98.712677
9108.544922	-99.088364
9113.928223	-98.850677
9119.311523	-98.803604
9124.694824	-99.110542
9130.078125	-98.834641
9135.461426	-98.790573
9140.844727	-98.760307
9146.228027	-99.067657
9151.611328	-99.111107
9156.994629	-99.167252
9162.377930	-98.837128
9167.761230	-99.349197
9173.144531	-99.255959
9178.527832	-99.034523
9183.911133	-99.058990
9189.294434	-98.953377
9194.677734	-98.951416
9200.061035	-99.284355
9205.444336	-99.415260
9210.827637	-99.028801
9216.210938	-98.878555
9221.594238	-98.958183
9226.977539	-98.698540
9232.360840	-98.762146
9237.744141	-98.993233
9243.127441	-98.792389
9248.510742	-98.707558
9253.894043	-99.555321
9259.277344	-99.827034
9264.660645	-99.847420
9270.043945	-99.326721
9275.427246	-99.332886
9280.810547	-98.702370
9286.193848	-98.329315
9291.577148	-99.041306
9296.960449	-99.303467
9302.343750	-99.064224
9307.727051	-99.115509
9313.110352	-99.038696
9318.493652	-98.932388
9323.876953	-98.301674
9329.260254	-98.220619
9334.643555	-98.621132
9340.026855	-99.240265
9345.410156	-98.927277
9350.793457	-98.909531
9356.176758	-99.273254
9361.560059	-99.825050
9366.943359	-99.653046
9372.326660	-98.844452
9377.709961	-98.739471
9383.093262	-98.867485
9388.476562	-99.094208
9393.859863	-98.379669
9399.243164	-98.506355
9404.626465	-98.785400
9410.009766	-98.628120
9415.393066	-98.955688
9420.776367	-99.249817
9426.159668	-99.330635
9431.542969	-99.163696
9436.926270	-98.742935
9442.309570	-99.176537
9447.692871	-99.081985
9453.076172	-99.188866
9458.459473	-98.887680
9463.842773	-99.307274
9469.226074	-99.552444
9474.609375	-99.482628
9479.992676	-99.582466
9485.375977	-99.223251
9490.759277	-98.852013
9496.142578	-99.225143
9501.525879	-99.073654
9506.909180	-99.009247
9512.292480	-99.126587
9517.675781	-99.419777
9523.059082	-99.507614
9528.442383	-99.323685
9533.825684	-98.915131
9539.208984	-99.612175
9544.592285	-99.039726
9549.975586	-98.939072
9555.358887	-99.294647
9560.742188	-99.440491
9566.125488	-99.604515
9571.508789	-99.492912
9576.892090	-99.328102
9582.275391	-99.295479
9587.658691	-99.209091
9593.041992	-98.927063
9598.425293	-99.198662
9603.808594	-99.075386
9609.191895	-99.523811
9614.575195	-99.592773
9619.958496	-99.424660
9625.341797	-99.317230
9630.725098	-99.366425
9636.108398	-98.742760
9641.491699	-98.876167
9646.875000	-99.364319
9652.258301	-99.068481
9657.641602	-98.878418
9663.024902	-99.438660
9668.408203	-99.299995
9673.791504	-99.415108
9679.174805	-99.811058
9684.558105	-99.566711
9689.941406	-99.893135
9695.324707	-99.657463
9700.708008	-98.992775
9706.091309	-98.650490
9711.474609	-98.849411
9716.857910	-98.819794
9722.241211	-99.045647
9727.624512	-98.851715
9733.007812	-99.191330
9738.391113	-99.906532
9743.774414	-100.033218
9749.157715	-99.737366
9754.541016	-99.397514
9759.924316	-99.632141
9765.307617	-99.101074
9770.690918	-98.631027
9776.074219	-98.495346
9781.457520	-99.154198
9786.840820	-99.169357
9792.224121	-99.151192
9797.607422	-98.783615
9802.990723	-98.589325
9808.374023	-99.439011
9813.757324	-99.257309
9819.140625	-99.073578
9824.523926	-99.208374
9829.907227	-98.891548
9835.290527	-99.509438
9840.673828	-99.116302
9846.057129	-98.875465
9851.440430	-99.342529
9856.823730	-99.180565
9862.207031	-99.458015
9867.590332	-99.547272
9872.973633	-98.999969
9878.356934	-99.240097
9883.740234	-99.196854
9889.123535	-98.769920
9894.506836	-98.859985
9899.890137	-99.049179
9905.273438	-99.060272
9910.656738	-98.967247
9916.040039	-98.920883
9921.423340	-98.943260
9926.806641	-99.797020
9932.189941	-99.865845
9937.573242	-100.072815
9942.956543	-99.791237
9948.339844	-99.555000
9953.723145	-99.191238
9959.106445	-99.495888
9964.489746	-99.200706
9969.873047	-99.118370
9975.256348	-99.050583
9980.639648	-99.474907
9986.022949	-99.926834
9991.406250	-99.001091
9996.789551	-98.994171
10002.172852	-99.190346
10007.556152	-98.783783
10012.939453	-98.866920
10018.322754	-99.160278
10023.706055	-99.748436
10029.089355	-99.304062
10034.472656	-99.688423
10039.855957	-99.716202
10045.239258	-99.159355
10050.622559	-99.003708
10056.005859	-99.254402
10061.389160	-99.680573
10066.772461	-99.207710
10072.155762	-99.614319
10077.539062	-99.869301
10082.922363	-99.463989
10088.305664	-99.330109
10093.688965	-99.027710
10099.072266	-98.850136
10104.455566	-98.786873
10109.838867	-98.654251
10115.222168	-98.909920
10120.605469	-99.437332
10125.988770	-99.286522
10131.372070	-98.631882
10136.755371	-98.865959
10142.138672	-99.350227
10147.521973	-99.423409
10152.905273	-99.152161
10158.288574	-98.928421
10163.671875	-99.122803
10169.055176	-99.279099
10174.438477	-99.416100
10179.821777	-99.115448
10185.205078	-98.654640
10190.588379	-99.270859
10195.971680	-98.992859
10201.354980	-99.214134
10206.738281	-99.517555
10212.121582	-99.565758
10217.504883	-99.420578
10222.888184	-99.263657
10228.271484	-99.080994
10233.654785	-99.458824
10239.038086	-99.515320
10244.421387	-99.477600
10249.804688	-99.241936
10255.187988	-99.484474
10260.571289	-99.358772
10265.954590	-99.071671
10271.337891	-99.197380
10276.721191	-99.411125
10282.104492	-99.722420
10287.487793	-99.620468
10292.871094	-98.842377
10298.254395	-98.841339
10303.637695	-99.216553
10309.020996	-99.621704
10314.404297	-99.200455
10319.787598	-99.583351
10325.170898	-99.503418
10330.554199	-99.137695
10335.937500	-99.095139
10341.320801	-99.230812
10346.704102	-99.325180
10352.087402	-98.533104
10357.470703	-98.888466
10362.854004	-99.496460
10368.237305	-98.675362
10373.620605	-98.713615
10379.003906	-98.789314
10384.387207	-98.633675
10389.770508	-98.981003
10395.153809	-98.836823
10400.537109	-98.139137
10405.920410	-99.133026
10411.303711	-99.204140
10416.687012	-99.387733
10422.070312	-99.679268
10427.453613	-98.906006
10432.836914	-99.227470
10438.220215	-98.906311
10443.603516	-98.971252
10448.986816	-99.040604
10454.370117	-99.120293
10459.753418	-99.137779
10465.136719	-99.120979
10470.520020	-98.851730
10475.903320	-99.187843
10481.286621	-98.555672
10486.669922	-98.652428
10492.053223	-98.948662
10497.436523	-98.892845
10502.819824	-98.973061
10508.203125	-99.151993
10513.586426	-99.229340
10518.969727	-99.389809
10524.353027	-99.070389
10529.736328	-98.936760
10535.119629	-98.678627
10540.502930	-98.851433
10545.886230	-99.558151
10551.269531	-99.320694
10556.652832	-98.602562
10562.036133	-98.598724
10567.419434	-98.694176
10572.802734	-98.970177
10578.186035	-99.023201
10583.569336	-99.046707
10588.952637	-98.637863
10594.335938	-99.113182
10599.719238	-99.115723
10605.102539	-99.454636
10610.485840	-99.475685
10615.869141	-99.548904
10621.252441	-99.737213
10626.635742	-99.555260
10632.019043	-99.338646
10637.402344	-98.928772
10642.785645	-99.134842
10648.168945	-99.042831
10653.552246	-98.935181
10658.935547	-99.040649
10664.318848	-98.512184
10669.702148	-98.827255
10675.085449	-98.990433
10680.468750	-99.395081
10685.852051	-98.716187
10691.235352	-98.603348
10696.618652	-98.692253
10702.001953	-99.129669
10707.385254	-99.484474
10712.768555	-99.020561
10718.151855	-98.596245
10723.535156	-98.541641
10728.918457	-98.957275
10734.301758	-99.522026
10739.685059	-99.234566
10745.068359	-99.367569
10750.451660	-99.150299
10755.834961	-99.303505
10761.218262	-98.586678
10766.601562	-98.839127
10771.984863	-99.480751
10777.368164	-99.405693
10782.751465	-98.877373
10788.134766	-98.496407
10793.518066	-98.433250
10798.901367	-98.650932
10804.284668	-99.188675
10809.667969	-98.950241
10815.051270	-99.042160
10820.434570	-98.728806
10825.817871	-98.610695
10831.201172	-99.191719
10836.584473	-98.630554
10841.967773	-98.470886
10847.351074	-98.402382
10852.734375	-99.108902
10858.117676	-98.982521
10863.500977	-99.318321
10868.884277	-99.306732
10874.267578	-98.990936
10879.650879	-98.456940
10885.034180	-98.467857
10890.417480	-98.657555
10895.800781	-98.897209
10901.184082	-99.053131
10906.567383	-99.360641
10911.950684	-98.983734
10917.333984	-99.161011
10922.717285	-99.392792
10928.100586	-99.164558
10933.483887	-99.002747
10938.867188	-98.973488
10944.250488	-99.191521
10949.633789	-98.880989
10955.017090	-99.039604
10960.400391	-98.887161
10965.783691	-99.272240
10971.166992	-98.963089
10976.550293	-98.776756
10981.933594	-98.888535
10987.316895	-99.002769
10992.700195	-99.539276
10998.083496	-99.240158
11003.466797	-98.728531
11008.850098	-98.412323
11014.233398	-98.731964
11019.616699	-98.626732
11025.000000	-99.014374
11030.383301	-99.166626
11035.766602	-99.207581
11041.149902	-98.726562
11046.533203	-98.653130
11051.916504	-99.231575
11057.299805	-99.411766
11062.683105	-99.241821
11068.066406	-99.052620
11073.449707	-98.576065
11078.833008	-98.787766
11084.216309	-99.327179
11089.599609	-99.097618
11094.982910	-98.700439
11100.366211	-99.258919
11105.749512	-99.207764
11111.132812	-99.175056
11116.516113	-99.094299
11121.899414	-98.385880
11127.282715	-98.449646
11132.666016	-99.123543
11138.049316	-98.522469
11143.432617	-98.240059
11148.815918	-99.069328
11154.199219	-98.907669
11159.582520	-98.676399
11164.965820	-98.467865
11170.349121	-99.077248
11175.732422	-98.794594
11181.115723	-99.314606
11186.499023	-99.655464
11191.882324	-99.219368
11197.265625	-99.403809
11202.648926	-99.695564
11208.032227	-99.074486
11213.415527	-98.401176
11218.798828	-98.701401
11224.182129	-99.006813
11229.565430	-99.001572
11234.948730	-98.547379
11240.332031	-98.846497
11245.715332	-99.493408
11251.098633	-98.995842
11256.481934	-99.315048
11261.865234	-98.634674
11267.248535	-98.322983
11272.631836	-98.881615
11278.015137	-99.368027
11283.398438	-99.164360
11288.781738	-99.198715
11294.165039	-98.911049
11299.548340	-98.995087
11304.931641	-98.950119
11310.314941	-99.204727
11315.698242	-98.909805
11321.081543	-98.719681
11326.464844	-98.748535
11331.848145	-98.474098
11337.231445	-98.713684
11342.614746	-99.392693
11347.998047	-99.237640
11353.381348	-98.797371
11358.764648	-99.266533
11364.147949	-98.688080
11369.531250	-98.626328
11374.914551	-98.851921
11380.297852	-99.132286
11385.681152	-99.360733
11391.064453	-99.106056
11396.447754	-98.746269
11401.831055	-99.392662
11407.214355	-99.191246
11412.597656	-99.213577
11417.980957	-98.889168
11423.364258	-98.604385
11428.747559	-99.260002
11434.130859	-99.054565
11439.514160	-98.472839
11444.897461	-98.978767
11450.280762	-98.809837
11455.664062	-98.898796
11461.047363	-98.434425
11466.430664	-98.982307
11471.813965	-98.988068
11477.197266	-98.797607
11482.580566	-98.756699
11487.963867	-99.289680
11493.347168	-99.211372
11498.730469	-99.407692
11504.113770	-99.288979
11509.497070	-98.874672
11514.880371	-98.787163
11520.263672	-98.539284
11525.646973	-98.295593
11531.030273	-98.658340
11536.413574	-98.526382
11541.796875	-98.581360
11547.180176	-98.909424
11552.563477	-98.513153
11557.946777	-98.798149
11563.330078	-99.441589
11568.713379	-99.274963
11574.096680	-99.217735
11579.479980	-98.724266
11584.863281	-98.125771
11590.246582	-99.113846
11595.629883	-99.791245
11601.013184	-99.193802
11606.396484	-98.792801
11611.779785	-98.520111
11617.163086	-98.691658
11622.546387	-98.777000
11627.929688	-98.606552
11633.312988	-99.070877
11638.696289	-98.228111
11644.079590	-98.381622
11649.462891	-98.384483
11654.846191	-99.159485
11660.229492	-98.634117
11665.612793	-98.674301
11670.996094	-97.909523
11676.379395	-98.492424
11681.762695	-98.793854
11687.145996	-99.100044
11692.529297	-99.026047
11697.912598	-98.806839
11703.295898	-98.446884
11708.679199	-97.919067
11714.062500	-98.904961
11719.445801	-98.584946
11724.829102	-98.362602
11730.212402	-98.629875
11735.595703	-98.718353
11740.979004	-98.649132
11746.362305	-98.899513
11751.745605	-98.602310
11757.128906	-98.833710
11762.512207	-98.735458
11767.895508	-98.706856
11773.278809	-99.088394
11778.662109	-99.222961
11784.045410	-99.186264
11789.428711	-98.442764
11794.812012	-98.775154
11800.195312	-98.530243
11805.578613	-98.570084
11810.961914	-99.149368
11816.345215	-98.768341
11821.728516	-98.545509
11827.111816	-99.057648
11832.495117	-98.665520
11837.878418	-98.680946
11843.261719	-98.399689
11848.645020	-98.016327
11854.028320	-98.595909
11859.411621	-99.121063
11864.794922	-98.893723
11870.178223	-98.887779
11875.561523	-97.964493
11880.944824	-97.503571
11886.328125	-97.802750
11891.711426	-97.938454
11897.094727	-97.928452
11902.478027	-98.178604
11907.861328	-98.458992
11913.244629	-98.439056
11918.627930	-98.602417
11924.011230	-98.674400
11929.394531	-98.490082
11934.777832	-99.062866
11940.161133	-98.719429
11945.544434	-98.866829
11950.927734	-98.553253
11956.311035	-97.830666
11961.694336	-98.256653
11967.077637	-98.222839
11972.460938	-98.746483
11977.844238	-98.689445
11983.227539	-98.139229
11988.610840	-98.254929
11993.994141	-98.724304
11999.377441	-98.673889
12004.760742	-98.976013
12010.144043	-99.050888
12015.527344	-98.482689
12020.910645	-98.063316
12026.293945	-98.405609
12031.677246	-98.666046
12037.060547	-98.810692
12042.443848	-98.520798
12047.827148	-98.169205
12053.210449	-98.536545
12058.593750	-99.172127
12063.977051	-99.004265
12069.360352	-98.703491
12074.743652	-98.653450
12080.126953	-98.514465
12085.510254	-98.892319
12090.893555	-98.466110
12096.276855	-97.667648
12101.660156	-97.950485
12107.043457	-98.396866
12112.426758	-98.912468
12117.810059	-98.454674
12123.193359	-98.369507
12128.576660	-97.669250
12133.959961	-97.680458
12139.343262	-98.903732
12144.726562	-98.557953
12150.109863	-98.585358
12155.493164	-98.927696
12160.876465	-98.463577
12166.259766	-98.719948
12171.643066	-98.566673
12177.026367	-98.125145
12182.409668	-97.787704
12187.792969	-98.631004
12193.176270	-98.607635
12198.559570	-98.928612
12203.942871	-98.240685
12209.326172	-97.536240
12214.709473	-98.165642
12220.092773	-98.187103
12225.476074	-98.417671
12230.859375	-98.382095
12236.242676	-98.658485
12241.625977	-98.859863
12247.009277	-98.818993
12252.392578	-98.912560
12257.775879	-99.008507
12263.159180	-98.907867
12268.542480	-98.395706
12273.925781	-98.442947
12279.309082	-98.315979
12284.692383	-98.279327
12290.075684	-98.557755
12295.458984	-97.910248
12300.842285	-98.151306
12306.225586	-98.207466
12311.608887	-98.034065
12316.992188	-98.529129
12322.375488	-98.500603
12327.758789	-98.731010
12333.142090	-99.006454
12338.525391	-98.828865
12343.908691	-98.361832
12349.291992	-98.591560
12354.675293	-98.567749
12360.058594	-98.899818
12365.441895	-99.028969
12370.825195	-98.380692
12376.208496	-98.553024
12381.591797	-98.246735
12386.975098	-98.151390
12392.358398	-98.368820
12397.741699	-98.522209
12403.125000	-98.658813
12408.508301	-98.507416
12413.891602	-99.264420
12419.274902	-98.831589
12424.658203	-98.526764
12430.041504	-98.421288
12435.424805	-98.453613
12440.808105	-99.097664
12446.191406	-98.197754
12451.574707	-98.402061
12456.958008	-99.269585
12462.341309	-98.888580
12467.724609	-99.239723
12473.107910	-98.965706
12478.491211	-99.173393
12483.874512	-98.608276
12489.257812	-98.680412
12494.641113	-98.636765
12500.024414	-98.135979
12505.407715	-98.561424
12510.791016	-99.066978
12516.174316	-99.191811
12521.557617	-99.430046
12526.940918	-99.249428
12532.324219	-99.025467
12537.707520	-98.992821
12543.090820	-98.774017
12548.474121	-98.956924
12553.857422	-99.216675
12559.240723	-99.010048
12564.624023	-99.020950
12570.007324	-98.770081
12575.390625	-99.048904
12580.773926	-99.091515
12586.157227	-98.772331
12591.540527	-98.874023
12596.923828	-99.713890
12602.307129	-99.645226
12607.690430	-99.464035
12613.073730	-98.997131
12618.457031	-99.419266
12623.840332	-99.140083
12629.223633	-98.662483
12634.606934	-98.705124
12639.990234	-98.880196
12645.373535	-99.304955
12650.756836	-98.976685
12656.140137	-98.733665
12661.523438	-98.704102
12666.906738	-98.302917
12672.290039	-98.491051
12677.673340	-98.988144
12683.056641	-99.300247
12688.439941	-99.319756
12693.823242	-99.362732
12699.206543	-99.264748
12704.589844	-98.620506
12709.973145	-98.818962
12715.356445	-98.450836
12720.739746	-98.481873
12726.123047	-98.760262
12731.506348	-99.455078
12736.889648	-99.638969
12742.272949	-99.199501
12747.656250	-99.485077
12753.039551	-99.380638
12758.422852	-99.357689
12763.806152	-99.235123
12769.189453	-98.718124
12774.572754	-98.743332
12779.956055	-98.747253
12785.339355	-99.388939
12790.722656	-99.288292
12796.105957	-99.608170
12801.489258	-99.406105
12806.872559	-99.103462
12812.255859	-98.578903
12817.639160	-98.468040
12823.022461	-98.749794
12828.405762	-99.143394
12833.789062	-99.407715
12839.172363	-98.921898
12844.555664	-99.211090
12849.938965	-99.487602
12855.322266	-99.053246
12860.705566	-98.762581
12866.088867	-99.539551
12871.472168	-99.322868
12876.855469	-99.362465
12882.238770	-98.765450
12887.622070	-98.192795
12893.005371	-98.721893
12898.388672	-99.090790
12903.771973	-98.980980
12909.155273	-99.115601
12914.538574	-99.253998
12919.921875	-100.215057
12925.305176	-99.389519
12930.688477	-99.371185
12936.071777	-99.150398
12941.455078	-99.094925
12946.838379	-98.993538
12952.221680	-99.322151
12957.604980	-99.336517
12962.988281	-98.906387
12968.371582	-98.969505
12973.754883	-98.895981
12979.138184	-99.094360
12984.521484	-98.932091
12989.904785	-98.738548
12995.288086	-98.925941
13000.671387	-100.123749
13006.054688	-99.877068
13011.437988	-99.283997
13016.821289	-99.537277
13022.204590	-99.124954
13027.587891	-99.254692
13032.971191	-99.400024
13038.354492	-99.449692
13043.737793	-99.179901
13049.121094	-99.417038
13054.504395	-99.568695
13059.887695	-99.453461
13065.270996	-99.113373
13070.654297	-99.134659
13076.037598	-99.252625
13081.420898	-99.244293
13086.804199	-98.956200
13092.187500	-99.543327
13097.570801	-99.096687
13102.954102	-99.222443
13108.337402	-99.163918
13113.720703	-99.220085
13119.104004	-99.330864
13124.487305	-99.231209
13129.870605	-99.227776
13135.253906	-99.275383
13140.637207	-99.062401
13146.020508	-98.970268
13151.403809	-99.143372
13156.787109	-99.039818
13162.170410	-99.309326
13167.553711	-99.745193
13172.937012	-99.574539
13178.320312	-99.086678
13183.703613	-99.227165
13189.086914	-99.476570
13194.470215	-99.533249
13199.853516	-98.712952
13205.236816	-98.797256
13210.620117	-99.283134
13216.003418	-99.387039
13221.386719	-99.441376
13226.770020	-99.474213
13232.153320	-99.219406
13237.536621	-99.394630
13242.919922	-99.744194
13248.303223	-99.471230
13253.686523	-99.250076
13259.069824	-99.237358
13264.453125	-99.100578
13269.836426	-99.846695
13275.219727	-98.990532
13280.603027	-98.838570
13285.986328	-98.961342
13291.369629	-98.644562
13296.752930	-98.526939
13302.136230	-98.711067
13307.519531	-98.889908
13312.902832	-98.971046
13318.286133	-99.425652
13323.669434	-99.055069
13329.052734	-99.407776
13334.436035	-99.207901
13339.819336	-99.261841
13345.202637	-99.544060
13350.585938	-99.249779
13355.969238	-98.897926
13361.352539	-98.582405
13366.735840	-99.467850
13372.119141	-99.708244
13377.502441	-99.250267
13382.885742	-99.033287
13388.269043	-98.804474
13393.652344	-98.811348
13399.035645	-99.141968
13404.418945	-98.420441
13409.802246	-96.974693
13415.185547	-98.544312
13420.568848	-98.669891
13425.952148	-98.876572
13431.335449	-98.957848
13436.718750	-98.534149
13442.102051	-98.364510
13447.485352	-98.243416
13452.868652	-97.698242
13458.251953	-97.363342
13463.635254	-97.824265
13469.018555	-97.383835
13474.401855	-96.875465
13479.785156	-97.504616
13485.168457	-98.881134
13490.551758	-98.897636
13495.935059	-98.588005
13501.318359	-98.903214
13506.701660	-98.752037
13512.084961	-97.694649
13517.468262	-97.937950
13522.851562	-99.367302
13528.234863	-99.525696
13533.618164	-98.310173
13539.001465	-97.959969
13544.384766	-97.672287
13549.768066	-98.859802
13555.151367	-99.146698
13560.534668	-98.306160
13565.917969	-98.851135
13571.301270	-100.121254
13576.684570	-100.282440
13582.067871	-99.582397
13587.451172	-99.289146
13592.834473	-99.523750
13598.217773	-99.624161
13603.601074	-99.128471
13608.984375	-99.504181
13614.367676	-99.401054
13619.750977	-99.118149
13625.134277	-99.608307
13630.517578	-99.678337
13635.900879	-99.186859
13641.284180	-98.922699
13646.667480	-98.800766
13652.050781	-98.928314
13657.434082	-98.522964
13662.817383	-99.242210
13668.200684	-99.629967
13673.583984	-99.080276
13678.967285	-98.792618
13684.350586	-99.408424
13689.733887	-99.489265
13695.117188	-99.417480
13700.500488	-99.682632
13705.883789	-99.821815
13711.267090	-99.450134
13716.650391	-99.414452
13722.033691	-99.674103
13727.416992	-99.339180
13732.800293	-98.959213
13738.183594	-98.918274
13743.566895	-99.149292
13748.950195	-99.968025
13754.333496	-99.461723
13759.716797	-98.753662
13765.100098	-98.949944
13770.483398	-99.751427
13775.866699	-99.815788
13781.250000	-99.481171
13786.633301	-99.687248
13792.016602	-99.534630
13797.399902	-99.616287
13802.783203	-99.391533
13808.166504	-99.943581
13813.549805	-99.910309
13818.933105	-99.914101
13824.316406	-99.204544
13829.699707	-98.862038
13835.083008	-99.158592
13840.466309	-99.397636
13845.849609	-99.551506
13851.232910	-99.898491
13856.616211	-100.689995
13861.999512	-99.900246
13867.382812	-99.126030
13872.766113	-99.274414
13878.149414	-99.730370
13883.532715	-99.997345
13888.916016	-99.852570
13894.299316	-99.493904
13899.682617	-99.633881
13905.065918	-99.828621
13910.449219	-99.973137
13915.832520	-99.740616
13921.215820	-99.852173
13926.599121	-100.015068
13931.982422	-100.040810
13937.365723	-99.762398
13942.749023	-99.390091
13948.132324	-99.526253
13953.515625	-99.314438
13958.898926	-99.625069
13964.282227	-99.866470
13969.665527	-99.768280
13975.048828	-99.667923
13980.432129	-99.863335
13985.815430	-100.156311
13991.198730	-99.820915
13996.582031	-99.751015
14001.965332	-99.674950
14007.348633	-99.774879
14012.731934	-99.910713
14018.115234	-100.477043
14023.498535	-100.320114
14028.881836	-100.444855
14034.265137	-100.113197
14039.648438	-99.731300
14045.031738	-99.870552
14050.415039	-99.653198
14055.798340	-99.570564
14061.181641	-99.738197
14066.564941	-99.782684
14071.948242	-99.846573
14077.331543	-99.237808
14082.714844	-99.295265
14088.098145	-99.330879
14093.481445	-99.956764
14098.864746	-100.163536
14104.248047	-99.989952
14109.631348	-99.639664
14115.014648	-99.637039
14120.397949	-99.447769
14125.781250	-99.679398
14131.164551	-99.869949
14136.547852	-99.663200
14141.931152	-99.393295
14147.314453	-99.239021
14152.697754	-98.768044
14158.081055	-99.405121
14163.464355	-100.055641
14168.847656	-99.478821
14174.230957	-99.762093
14179.614258	-100.441498
14184.997559	-99.591187
14190.380859	-99.603477
14195.764160	-99.853653
14201.147461	-99.733917
14206.530762	-99.866753
14211.914062	-99.815071
14217.297363	-99.349144
14222.680664	-99.912125
14228.063965	-100.302811
14233.447266	-100.248856
14238.830566	-99.959427
14244.213867	-99.610779
14249.597168	-99.856201
14254.980469	-100.144875
14260.363770	-99.677658
14265.747070	-99.592178
14271.130371	-99.802261
14276.513672	-99.421448
14281.896973	-99.810234
14287.280273	-99.783577
14292.663574	-99.454735
14298.046875	-99.580009
14303.430176	-99.972961
14308.813477	-100.228065
14314.196777	-99.743576
14319.580078	-99.958427
14324.963379	-99.442444
14330.346680	-99.455063
14335.729980	-100.036324
14341.113281	-99.692703
14346.496582	-99.330605
14351.879883	-99.486542
14357.263184	-99.869408
14362.646484	-99.198357
14368.029785	-99.822678
14373.413086	-99.889038
14378.796387	-100.022614
14384.179688	-99.656921
14389.562988	-99.370804
14394.946289	-99.358482
14400.329590	-100.072395
14405.712891	-99.387924
14411.096191	-99.356659
14416.479492	-99.193130
14421.862793	-99.270920
14427.246094	-100.113365
14432.629395	-99.901428
14438.012695	-99.468758
14443.395996	-99.534195
14448.779297	-99.596794
14454.162598	-99.781532
14459.545898	-99.568199
14464.929199	-99.332947
14470.312500	-99.241364
14475.695801	-99.791512
14481.079102	-100.190987
14486.462402	-99.714539
14491.845703	-99.592972
14497.229004	-99.689484
14502.612305	-99.560669
14507.995605	-99.405922
14513.378906	-99.343414
14518.762207	-99.738953
14524.145508	-99.915993
14529.528809	-100.163025
14534.912109	-99.367050
14540.295410	-99.366180
14545.678711	-100.005783
14551.062012	-100.008408
14556.445312	-99.260384
14561.828613	-99.509689
14567.211914	-100.190140
14572.595215	-99.863380
14577.978516	-99.725273
14583.361816	-100.174446
14588.745117	-100.149338
14594.128418	-99.582413
14599.511719	-100.051224
14604.895020	-99.797714
14610.278320	-99.687103
14615.661621	-99.926628
14621.044922	-99.995255
14626.428223	-99.735352
14631.811523	-99.733231
14637.194824	-99.629295
14642.578125	-99.474442
14647.961426	-99.937851
14653.344727	-99.915260
14658.728027	-99.732956
14664.111328	-99.453560
14669.494629	-99.751053
14674.877930	-99.362450
14680.261230	-96.990692
14685.644531	-97.479935
14691.027832	-99.666397
14696.411133	-99.777130
14701.794434	-98.941666
14707.177734	-99.834015
14712.561035	-99.639938
14717.944336	-99.502739
14723.327637	-99.024529
14728.710938	-99.047287
14734.094238	-99.016457
14739.477539	-99.058067
14744.860840	-99.267899
14750.244141	-100.372894
14755.627441	-99.810951
14761.010742	-99.270866
14766.394043	-99.317741
14771.777344	-99.632187
14777.160645	-99.919273
14782.543945	-99.560020
14787.927246	-99.438095
14793.310547	-99.723930
14798.693848	-99.796082
14804.077148	-99.234459
14809.460449	-100.044250
14814.843750	-99.970016
14820.227051	-99.488304
14825.610352	-99.636917
14830.993652	-99.481651
14836.376953	-99.506226
14841.760254	-99.499779
14847.143555	-99.102585
14852.526855	-99.240868
14857.910156	-99.253662
14863.293457	-99.833206
14868.676758	-100.191589
14874.060059	-99.553093
14879.443359	-98.904060
14884.826660	-99.162491
14890.209961	-99.384827
14895.593262	-99.325272
14900.976562	-99.712257
14906.359863	-99.452423
14911.743164	-99.538200
14917.126465	-99.566742
14922.509766	-99.847717
14927.893066	-100.136688
14933.276367	-99.511406
14938.659668	-99.344452
14944.042969	-99.480247
14949.426270	-99.333237
14954.809570	-99.234291
14960.192871	-99.364471
14965.576172	-99.653282
14970.959473	-99.361572
14976.342773	-99.407608
14981.726074	-100.031494
14987.109375	-99.570869
14992.492676	-100.162865
14997.875977	-99.855133
15003.259277	-99.495827
15008.642578	-99.388123
15014.025879	-98.889252
15019.409180	-99.617798
15024.792480	-100.353752
15030.175781	-99.944878
15035.559082	-99.507042
15040.942383	-99.462898
15046.325684	-99.899849
15051.708984	-99.441162
15057.092285	-99.476334
15062.475586	-99.443336
15067.858887	-99.261345
15073.242188	-99.159256
15078.625488	-100.039131
15084.008789	-100.146431
15089.392090	-99.703423
15094.775391	-99.508118
15100.158691	-99.980797
15105.541992	-99.163651
15110.925293	-99.679977
15116.308594	-99.756706
15121.691895	-99.540932
15127.075195	-99.969444
15132.458496	-100.035316
15137.841797	-99.926613
15143.225098	-99.980629
15148.608398	-99.368256
15153.991699	-99.467339
15159.375000	-99.263542
15164.758301	-99.442307
15170.141602	-99.620102
15175.524902	-99.324326
15180.908203	-99.581055
15186.291504	-99.618927
15191.674805	-99.508698
15197.058105	-99.860901
15202.441406	-99.671333
15207.824707	-99.322472
15213.208008	-99.246017
15218.591309	-99.556160
15223.974609	-99.322090
15229.357910	-99.196709
15234.741211	-99.446693
15240.124512	-99.381332
15245.507812	-99.488800
15250.891113	-99.728706
15256.274414	-98.996284
15261.657715	-98.713646
15267.041016	-99.622559
15272.424316	-100.127899
15277.807617	-99.719788
15283.190918	-100.048866
15288.574219	-100.043503
15293.957520	-99.983109
15299.340820	-99.599724
15304.724121	-99.635994
15310.107422	-99.786301
15315.490723	-99.780785
15320.874023	-99.852699
15326.257324	-100.380341
15331.640625	-100.106232
15337.023926	-99.822220
15342.407227	-99.482681
15347.790527	-99.218491
15353.173828	-99.701607
15358.557129	-99.819168
15363.940430	-99.670105
15369.323730	-99.377159
15374.707031	-99.597145
15380.090332	-99.688568
15385.473633	-99.504539
15390.856934	-99.456581
15396.240234	-99.951431
15401.623535	-100.088112
15407.006836	-99.299637
15412.390137	-99.525040
15417.773438	-99.732643
15423.156738	-99.491730
15428.540039	-99.459190
15433.923340	-100.212883
15439.306641	-99.387344
15444.689941	-99.261223
15450.073242	-99.655144
15455.456543	-99.423630
15460.839844	-99.048264
15466.223145	-99.372772
15471.606445	-99.697014
15476.989746	-99.391273
15482.373047	-99.474754
15487.756348	-99.217857
15493.139648	-99.462845
15498.522949	-99.451668
15503.906250	-99.218102
15509.289551	-99.032928
15514.672852	-99.332527
15520.056152	-99.282570
15525.439453	-99.395515
15530.822754	-99.596405
15536.206055	-99.483284
15541.589355	-98.960770
15546.972656	-99.683540
15552.355957	-99.754913
15557.739258	-100.065979
15563.122559	-99.975044
15568.505859	-99.431419
15573.889160	-98.758080
15579.272461	-99.176811
15584.655762	-99.856071
15590.039062	-99.610306
15595.422363	-99.395592
15600.805664	-99.398994
15606.188965	-99.169441
15611.572266	-99.003265
15616.955566	-99.036987
15622.338867	-99.353615
15627.722168	-99.159660
15633.105469	-99.581474
15638.488770	-99.642578
15643.872070	-99.218185
15649.255371	-99.217010
15654.638672	-97.863007
15660.021973	-97.881783
15665.405273	-99.376884
15670.788574	-99.532455
15676.171875	-99.496780
15681.555176	-99.425186
15686.938477	-99.421982
15692.321777	-99.995728
15697.705078	-99.282471
15703.088379	-99.379341
15708.471680	-99.434967
15713.854980	-99.809219
15719.238281	-99.409454
15724.621582	-99.381691
15730.004883	-99.249741
15735.388184	-98.946747
15740.771484	-98.894127
15746.154785	-98.942146
15751.538086	-99.342216
15756.921387	-99.371071
15762.304688	-99.391510
15767.687988	-99.039619
15773.071289	-99.288574
15778.454590	-99.583809
15783.837891	-98.918045
15789.221191	-99.193718
15794.604492	-99.177742
15799.987793	-99.284836
15805.371094	-99.072929
15810.754395	-99.633194
15816.137695	-99.625824
15821.520996	-99.135437
15826.904297	-98.885612
15832.287598	-99.111008
15837.670898	-99.393425
15843.054199	-99.498245
15848.437500	-98.903709
15853.820801	-98.764771
15859.204102	-98.548988
15864.587402	-98.519821
15869.970703	-98.916931
15875.354004	-98.952415
15880.737305	-98.796989
15886.120605	-98.693825
15891.503906	-99.174370
15896.887207	-99.197716
15902.270508	-99.086678
15907.653809	-98.527473
15913.037109	-98.395264
15918.420410	-98.657097
15923.803711	-98.898796
15929.187012	-98.759392
15934.570312	-98.853043
15939.953613	-98.476585
15945.336914	-98.436317
15950.720215	-97.899879
15956.103516	-98.193832
15961.486816	-98.888054
15966.870117	-98.482147
15972.253418	-98.811249
15977.636719	-98.491661
15983.020020	-98.414314
15988.403320	-98.605598
15993.786621	-98.043976
15999.169922	-97.733551
16004.553223	-98.318047
16009.936523	-99.066185
16015.319824	-98.783691
16020.703125	-98.215401
16026.086426	-98.325905
16031.469727	-98.083702
16036.853027	-98.344543
16042.236328	-98.671890
16047.619629	-98.782021
16053.002930	-99.185135
16058.386230	-98.639366
16063.769531	-97.985115
16069.152832	-98.576927
16074.536133	-98.777390
16079.919434	-98.510368
16085.302734	-98.499092
16090.686035	-99.014496
16096.069336	-99.722382
16101.452637	-99.234947
16106.835938	-98.941162
16112.219238	-99.134407
16117.602539	-99.735458
16122.985840	-99.333160
16128.369141	-98.979286
16133.752441	-99.046951
16139.135742	-98.940773
16144.519043	-98.953819
16149.902344	-98.593994
16155.285645	-98.709335
16160.668945	-99.111816
16166.052246	-99.238335
16171.435547	-99.216278
16176.818848	-99.313576
16182.202148	-99.004189
16187.585449	-99.363564
16192.968750	-99.731346
16198.352051	-99.482559
16203.735352	-99.261612
16209.118652	-99.561745
16214.501953	-99.491440
16219.885254	-99.494354
16225.268555	-99.835266
16230.651855	-99.427132
16236.035156	-99.367767
16241.418457	-99.577652
16246.801758	-99.769531
16252.185059	-99.855812
16257.568359	-99.768745
16262.951660	-99.428940
16268.334961	-99.272621
16273.718262	-99.099068
16279.101562	-99.392738
16284.484863	-99.262985
16289.868164	-99.741951
16295.251465	-99.833191
16300.634766	-99.502876
16306.018066	-99.596283
16311.401367	-99.334770
16316.784668	-99.754066
16322.167969	-99.462822
16327.551270	-99.194313
16332.934570	-99.570267
16338.317871	-98.919167
16343.701172	-99.221428
16349.084473	-99.448708
16354.467773	-99.663269
16359.851074	-99.444374
16365.234375	-99.570175
16370.617676	-100.368233
16376.000977	-99.720909
16381.384277	-99.188087
16386.767578	-98.949318
16392.150879	-99.509956
16397.534180	-100.043144
16402.917480	-99.965027
16408.300781	-99.824394
16413.684082	-99.863556
16419.067383	-99.509018
16424.450684	-99.540100
16429.833984	-99.751869
16435.217285	-99.704575
16440.600586	-99.654442
16445.983887	-99.775787
16451.367188	-99.008766
16456.750488	-99.075325
16462.133789	-99.686432
16467.517090	-99.664368
16472.900391	-100.375839
16478.283691	-99.336845
16483.666992	-99.545921
16489.050293	-99.312332
16494.433594	-98.923569
16499.816895	-99.019470
16505.200195	-99.433090
16510.583496	-99.756355
16515.966797	-100.059799
16521.350098	-99.845963
16526.733398	-99.350327
16532.116699	-99.077980
16537.500000	-99.309517
16542.883301	-99.507133
16548.266602	-99.314209
16553.649902	-99.669357
16559.033203	-99.596626
16564.416504	-99.426750
16569.799805	-99.489929
16575.183105	-98.944778
16580.566406	-99.032143
16585.949707	-99.280251
16591.333008	-99.478737
16596.716309	-99.005569
16602.099609	-99.231247
16607.482910	-99.792023
16612.866211	-99.614510
16618.249512	-99.581085
16623.632812	-100.013268
16629.016113	-100.010834
16634.399414	-99.657288
16639.782715	-99.688675
16645.166016	-99.867645
16650.549316	-99.728477
16655.932617	-99.683563
16661.315918	-99.961426
16666.699219	-99.953339
16672.082520	-99.533775
16677.465820	-99.377991
16682.849121	-99.379608
16688.232422	-99.554207
16693.615723	-99.167366
16698.999023	-99.357178
16704.382324	-98.901939
16709.765625	-99.397209
16715.148926	-99.597023
16720.532227	-99.486435
16725.915527	-99.131950
16731.298828	-98.943398
16736.682129	-99.290398
16742.065430	-99.397133
16747.448730	-100.315254
16752.832031	-100.078056
16758.215332	-99.514626
16763.598633	-99.641098
16768.981934	-99.802368
16774.365234	-99.518417
16779.748535	-99.647102
16785.131836	-99.562248
16790.515137	-99.427147
16795.898438	-99.680748
16801.281738	-99.630508
16806.665039	-99.253738
16812.048340	-99.838005
16817.431641	-100.135269
16822.814941	-99.810234
16828.198242	-99.648979
16833.581543	-99.675011
16838.964844	-99.450714
16844.348145	-99.524277
16849.731445	-99.230469
16855.114746	-99.514809
16860.498047	-99.704170
16865.881348	-99.788551
16871.264648	-99.834419
16876.647949	-99.823189
16882.031250	-99.438919
16887.414551	-99.499924
16892.797852	-99.677864
16898.181152	-99.603531
16903.564453	-99.978325
16908.947754	-99.859436
16914.331055	-99.330215
16919.714355	-98.163338
16925.097656	-98.905304
16930.480957	-99.763580
16935.864258	-99.760773
16941.247559	-100.096832
16946.630859	-99.243202
16952.014160	-99.198753
16957.397461	-99.822105
16962.780762	-99.984932
16968.164062	-99.849625
16973.547363	-98.986412
16978.930664	-99.351677
16984.313965	-99.151924
16989.697266	-99.212143
16995.080566	-99.424644
17000.463867	-99.537659
17005.847168	-100.103676
17011.230469	-99.277092
17016.613770	-99.352043
17021.997070	-99.114479
17027.380371	-99.234940
17032.763672	-99.582008
17038.146973	-99.618759
17043.530273	-99.756569
17048.913574	-99.752785
17054.296875	-99.471680
17059.680176	-99.567924
17065.063477	-99.693069
17070.446777	-100.146996
17075.830078	-100.383324
17081.213379	-100.364281
17086.596680	-99.837189
17091.979980	-99.749062
17097.363281	-100.125969
17102.746582	-99.950569
17108.129883	-99.229576
17113.513184	-99.382080
17118.896484	-99.549103
17124.279785	-99.907677
17129.663086	-99.977631
17135.046387	-99.498894
17140.429688	-99.741325
17145.812988	-99.450493
17151.196289	-99.848343
17156.579590	-99.650597
17161.962891	-99.537605
17167.346191	-99.542572
17172.729492	-99.406525
17178.112793	-99.704208
17183.496094	-99.997444
17188.879395	-99.825615
17194.262695	-99.583633
17199.645996	-99.926834
17205.029297	-99.579475
17210.412598	-100.059082
17215.795898	-100.197929
17221.179199	-99.532265
17226.562500	-98.967262
17231.945801	-99.191551
17237.329102	-99.740349
17242.712402	-99.958939
17248.095703	-98.752296
17253.479004	-99.615288
17258.862305	-100.049202
17264.245605	-99.515717
17269.628906	-99.371483
17275.012207	-99.740028
17280.395508	-99.668373
17285.778809	-99.374733
17291.162109	-99.515114
17296.545410	-99.857674
17301.928711	-100.183907
17307.312012	-100.070190
17312.695312	-100.439285
17318.078613	-99.676178
17323.461914	-99.685699
17328.845215	-99.287918
17334.228516	-99.301651
17339.611816	-98.995857
17344.995117	-99.331192
17350.378418	-99.483002
17355.761719	-99.851044
17361.145020	-99.322899
17366.528320	-99.537346
17371.911621	-99.522812
17377.294922	-99.528000
17382.678223	-99.515663
17388.061523	-99.535423
17393.444824	-99.104881
17398.828125	-99.244865
17404.211426	-99.236671
17409.594727	-99.413361
17414.978027	-99.476974
17420.361328	-99.351631
17425.744629	-99.385902
17431.127930	-99.259933
17436.511230	-98.159058
17441.894531	-99.288658
17447.277832	-100.155128
17452.661133	-99.585571
17458.044434	-99.519104
17463.427734	-100.221176
17468.811035	-99.892479
17474.194336	-99.720161
17479.577637	-99.334358
17484.960938	-99.417465
17490.344238	-99.725807
17495.727539	-99.534752
17501.110840	-99.295158
17506.494141	-99.334183
17511.877441	-99.340591
17517.260742	-99.831284
17522.644043	-99.478455
17528.027344	-98.821411
17533.410645	-98.421539
17538.793945	-97.850159
17544.177246	-98.043205
17549.560547	-99.056870
17554.943848	-99.558128
17560.327148	-99.611168
17565.710449	-99.326256
17571.093750	-99.225067
17576.477051	-99.419731
17581.860352	-99.299629
17587.243652	-99.578041
17592.626953	-100.270500
17598.010254	-99.508621
17603.393555	-99.686630
17608.776855	-99.783806
17614.160156	-99.496819
17619.543457	-99.311119
17624.926758	-99.360161
17630.310059	-99.631660
17635.693359	-99.664963
17641.076660	-98.850082
17646.459961	-97.508644
17651.843262	-98.786369
17657.226562	-99.527718
17662.609863	-99.891907
17667.993164	-99.754837
17673.376465	-99.625015
17678.759766	-99.146614
17684.143066	-99.454536
17689.526367	-99.011726
17694.909668	-99.047913
17700.292969	-99.112328
17705.676270	-99.076599
17711.059570	-99.618240
17716.442871	-99.689514
17721.826172	-99.208389
17727.209473	-99.018585
17732.592773	-99.313164
17737.976074	-99.147049
17743.359375	-97.757286
17748.742676	-96.592758
17754.125977	-97.396866
17759.509277	-99.786186
17764.892578	-99.898903
17770.275879	-99.540344
17775.659180	-99.544739
17781.042480	-99.683563
17786.425781	-99.857162
17791.809082	-99.877060
17797.192383	-99.897949
17802.575684	-100.174873
17807.958984	-99.790558
17813.342285	-99.467468
17818.725586	-99.496300
17824.108887	-99.673447
17829.492188	-99.909081
17834.875488	-99.694366
17840.258789	-99.755775
17845.642090	-99.573624
17851.025391	-96.028435
17856.408691	-91.978745
17861.791992	-97.232620
17867.175293	-99.802567
17872.558594	-99.585358
17877.941895	-99.696312
17883.325195	-99.476669
17888.708496	-99.084854
17894.091797	-99.151863
17899.475098	-99.537834
17904.858398	-100.023155
17910.241699	-99.295822
17915.625000	-99.097710
17921.008301	-99.512764
17926.391602	-99.978676
17931.774902	-99.781860
17937.158203	-99.840408
17942.541504	-100.059898
17947.924805	-99.647919
17953.308105	-98.194611
17958.691406	-93.454826
17964.074707	-94.763016
17969.458008	-98.750298
17974.841309	-99.234833
17980.224609	-98.414787
17985.607910	-99.102943
17990.991211	-99.989861
17996.374512	-99.358742
18001.757812	-99.352165
18007.141113	-99.420662
18012.524414	-99.987144
18017.907715	-99.468658
18023.291016	-99.109489
18028.674316	-99.611298
18034.057617	-98.999542
18039.440918	-98.939903
18044.824219	-98.720886
18050.207520	-98.983742
18055.590820	-99.139511
18060.974121	-91.062805
18066.357422	-85.291809
18071.740723	-92.814552
18077.124023	-99.285698
18082.507324	-98.989899
18087.890625	-98.764282
18093.273926	-98.986229
18098.657227	-99.076279
18104.040527	-99.059464
18109.423828	-99.190521
18114.807129	-99.002228
18120.190430	-99.183899
18125.573730	-98.612061
18130.957031	-99.326538
18136.340332	-99.572220
18141.723633	-98.993622
18147.106934	-97.429222
18152.490234	-97.639816
18157.873535	-99.384193
18163.256836	-99.528389
18168.640137	-94.659645
18174.023438	-94.760902
18179.406738	-98.872269
18184.790039	-98.714462
18190.173340	-98.973251
18195.556641	-98.952950
18200.939941	-98.649979
18206.323242	-98.692513
18211.706543	-98.736389
18217.089844	-99.048500
18222.473145	-99.243843
18227.856445	-99.862167
18233.239746	-99.029373
18238.623047	-98.383484
18244.006348	-98.530029
18249.389648	-98.577278
18254.772949	-98.774010
18260.156250	-98.578880
18265.539551	-98.915016
18270.922852	-92.363686
18276.306152	-87.002441
18281.689453	-91.965599
18287.072754	-98.168121
18292.456055	-98.945663
18297.839355	-98.738258
18303.222656	-98.866570
18308.605957	-98.746452
18313.989258	-98.713417
18319.372559	-98.873260
18324.755859	-98.823761
18330.139160	-98.531883
18335.522461	-98.754028
18340.905762	-98.800041
18346.289062	-98.718338
18351.672363	-98.551559
18357.055664	-98.455811
18362.438965	-98.733459
18367.822266	-99.196434
18373.205566	-98.329544
18378.588867	-93.694313
18383.972168	-93.970634
18389.355469	-97.658318
18394.738770	-98.772942
18400.122070	-98.921318
18405.505371	-98.604301
18410.888672	-98.630478
18416.271973	-98.785027
18421.655273	-99.053429
18427.038574	-98.877579
18432.421875	-98.811325
18437.805176	-98.473701
18443.188477	-98.950203
18448.571777	-98.852242
18453.955078	-98.301468
18459.338379	-98.316238
18464.721680	-98.703575
18470.104980	-98.910080
18475.488281	-98.540871
18480.871582	-97.553680
18486.254883	-95.873856
18491.638184	-97.127205
18497.021484	-98.366653
18502.404785	-98.592583
18507.788086	-98.103783
18513.171387	-98.506332
18518.554688	-98.517052
18523.937988	-97.867432
18529.321289	-98.733467
18534.704590	-98.828514
18540.087891	-98.899300
18545.471191	-99.218918
18550.854492	-99.205238
18556.237793	-98.824142
18561.621094	-98.653725
18567.004395	-98.488518
18572.387695	-99.386414
18577.770996	-99.121643
18583.154297	-98.662483
18588.537598	-99.175346
18593.920898	-99.153755
18599.304199	-99.145470
18604.687500	-98.874420
18610.070801	-99.549049
18615.454102	-98.771149
18620.837402	-98.762909
18626.220703	-98.447205
18631.604004	-99.347305
18636.987305	-99.214439
18642.370605	-98.821045
18647.753906	-98.546730
18653.137207	-98.891853
18658.520508	-98.855568
18663.903809	-99.101418
18669.287109	-99.263916
18674.670410	-99.064560
18680.053711	-99.007980
18685.437012	-98.528061
18690.820312	-98.323334
18696.203613	-98.535767
18701.586914	-98.681900
18706.970215	-98.739090
18712.353516	-99.024559
18717.736816	-99.124062
18723.120117	-98.523163
18728.503418	-98.623695
18733.886719	-98.415573
18739.270020	-98.720421
18744.653320	-98.498817
18750.036621	-98.477882
18755.419922	-98.222588
18760.803223	-98.294518
18766.186523	-98.158966
18771.569824	-99.096672
18776.953125	-98.639076
18782.336426	-98.449615
18787.719727	-98.233902
18793.103027	-98.354019
18798.486328	-97.910797
18803.869629	-97.904846
18809.252930	-98.193962
18814.636230	-98.268860
18820.019531	-98.449951
18825.402832	-98.400276
18830.786133	-98.140427
18836.169434	-98.510788
18841.552734	-98.429390
18846.936035	-98.704109
18852.319336	-98.391342
18857.702637	-98.661964
18863.085938	-98.579041
18868.469238	-98.801750
18873.852539	-98.932159
18879.235840	-98.576675
18884.619141	-98.509560
18890.002441	-98.718445
18895.385742	-98.772934
18900.769043	-98.439812
18906.152344	-98.337433
18911.535645	-98.926781
18916.918945	-98.658386
18922.302246	-98.323586
18927.685547	-97.884621
18933.068848	-97.820892
18938.452148	-98.083763
18943.835449	-98.384094
18949.218750	-98.572220
18954.602051	-98.634239
18959.985352	-99.001625
18965.368652	-98.421539
18970.751953	-99.355408
18976.135254	-98.560410
18981.518555	-98.785446
18986.901855	-98.443123
18992.285156	-98.234711
18997.668457	-98.337494
19003.051758	-98.414825
19008.435059	-98.218819
19013.818359	-98.937500
19019.201660	-99.013298
19024.584961	-98.303864
19029.968262	-98.576385
19035.351562	-98.500374
19040.734863	-98.340477
19046.118164	-98.879463
19051.501465	-99.014183
19056.884766	-98.734566
19062.268066	-98.708656
19067.651367	-98.511185
19073.034668	-98.602715
19078.417969	-98.852180
19083.801270	-99.003731
19089.184570	-98.530014
19094.567871	-98.585945
19099.951172	-98.650711
19105.334473	-98.612030
19110.717773	-98.085358
19116.101074	-97.714592
19121.484375	-98.256912
19126.867676	-97.839905
19132.250977	-98.336586
19137.634277	-99.322716
19143.017578	-98.969971
19148.400879	-99.421303
19153.784180	-99.091209
19159.167480	-98.601601
19164.550781	-98.596794
19169.934082	-98.224190
19175.317383	-98.694221
19180.700684	-99.068558
19186.083984	-98.637161
19191.467285	-98.504982
19196.850586	-99.077843
19202.233887	-98.722351
19207.617188	-98.328690
19213.000488	-98.738602
19218.383789	-98.267227
19223.767090	-97.807014
19229.150391	-98.331779
19234.533691	-98.721306
19239.916992	-98.756096
19245.300293	-98.371986
19250.683594	-98.365158
19256.066895	-98.744141
19261.450195	-99.395790
19266.833496	-99.680046
19272.216797	-98.818558
19277.600098	-98.697464
19282.983398	-99.595665
19288.366699	-99.294853
19293.750000	-99.455132
19299.133301	-99.203514
19304.516602	-98.853874
19309.899902	-99.295242
19315.283203	-99.222809
19320.666504	-97.218781
19326.049805	-95.891479
19331.433105	-98.536133
19336.816406	-99.248695
19342.199707	-98.715523
19347.583008	-97.270119
19352.966309	-98.283607
19358.349609	-98.594788
19363.732910	-98.618690
19369.116211	-99.350777
19374.499512	-99.097534
19379.882812	-98.880188
19385.266113	-99.185684
19390.649414	-98.818581
19396.032715	-99.049232
19401.416016	-99.438583
19406.799316	-99.538811
19412.182617	-99.247375
19417.565918	-99.337753
19422.949219	-99.412155
19428.332520	-98.847321
19433.715820	-98.690315
19439.099121	-98.764565
19444.482422	-98.448700
19449.865723	-98.436531
19455.249023	-98.686089
19460.632324	-98.776749
19466.015625	-98.983223
19471.398926	-99.026611
19476.782227	-98.774918
19482.165527	-98.296097
19487.548828	-98.866226
19492.932129	-98.722145
19498.315430	-98.683372
19503.698730	-98.868500
19509.082031	-98.735489
19514.465332	-98.916946
19519.848633	-98.685783
19525.231934	-98.893265
19530.615234	-98.544861
19535.998535	-98.341187
19541.381836	-99.006287
19546.765137	-99.312775
19552.148438	-98.535553
19557.531738	-98.553001
19562.915039	-99.150772
19568.298340	-98.943359
19573.681641	-98.683197
19579.064941	-98.430550
19584.448242	-98.442421
19589.831543	-99.137100
19595.214844	-98.744240
19600.598145	-98.471756
19605.981445	-99.137917
19611.364746	-99.310883
19616.748047	-99.432976
19622.131348	-98.989891
19627.514648	-98.574921
19632.897949	-99.097923
19638.281250	-99.164330
19643.664551	-98.781578
19649.047852	-98.231041
19654.431152	-98.903152
19659.814453	-98.420685
19665.197754	-99.025055
19670.581055	-99.411995
19675.964355	-99.374557
19681.347656	-99.352036
19686.730957	-99.010147
19692.114258	-98.634232
19697.497559	-99.150635
19702.880859	-99.375328
19708.264160	-99.320831
19713.647461	-99.081207
19719.030762	-99.246094
19724.414062	-99.315186
19729.797363	-99.193420
19735.180664	-99.342529
19740.563965	-99.022995
19745.947266	-98.710136
19751.330566	-98.825226
19756.713867	-98.812943
19762.097168	-99.324539
19767.480469	-99.318871
19772.863770	-99.089828
19778.247070	-99.242149
19783.630371	-99.385826
19789.013672	-99.311905
19794.396973	-98.891586
19799.780273	-98.857231
19805.163574	-98.813568
19810.546875	-98.527145
19815.930176	-99.145813
19821.313477	-99.057449
19826.696777	-99.033897
19832.080078	-98.756279
19837.463379	-98.929459
19842.846680	-99.172783
19848.229980	-98.790054
19853.613281	-98.950676
19858.996582	-98.941635
19864.379883	-98.945145
19869.763184	-98.872902
19875.146484	-98.639130
19880.529785	-99.202164
19885.913086	-99.185005
19891.296387	-98.784683
19896.679688	-98.926048
19902.062988	-99.048058
19907.446289	-99.055046
19912.829590	-98.566750
19918.212891	-98.269722
19923.596191	-99.048981
19928.979492	-99.009972
19934.362793	-99.219948
19939.746094	-99.322929
19945.129395	-99.141594
19950.512695	-99.128845
19955.895996	-99.320343
19961.279297	-99.302177
19966.662598	-99.242775
19972.045898	-99.120758
19977.429199	-98.875290
19982.812500	-98.924751
19988.195801	-99.567665
19993.579102	-99.088745
19998.962402	-98.594681
20004.345703	-98.698311
20009.729004	-98.521629
20015.112305	-98.630264
20020.495605	-98.222374
20025.878906	-98.646584
20031.262207	-98.749588
20036.645508	-99.319931
20042.028809	-99.646812
20047.412109	-98.810272
20052.795410	-98.868759
20058.178711	-99.135010
20063.562012	-98.957657
20068.945312	-99.116508
20074.328613	-98.825378
20079.711914	-98.880844
20085.095215	-98.992844
20090.478516	-98.725273
20095.861816	-99.003532
20101.245117	-99.489166
20106.628418	-99.246162
20112.011719	-98.613319
20117.395020	-98.798935
20122.778320	-98.995399
20128.161621	-98.736816
20133.544922	-99.180481
20138.928223	-99.066696
20144.311523	-98.964676
20149.694824	-99.266502
20155.078125	-99.348419
20160.461426	-99.308411
20165.844727	-98.986671
20171.228027	-99.147408
20176.611328	-98.875114
20181.994629	-99.343636
20187.377930	-98.976761
20192.761230	-98.519371
20198.144531	-99.088554
20203.527832	-99.272369
20208.911133	-99.304413
20214.294434	-98.938278
20219.677734	-99.053360
20225.061035	-99.070282
20230.444336	-99.401993
20235.827637	-99.588631
20241.210938	-99.725151
20246.594238	-100.033707
20251.977539	-99.618179
20257.360840	-99.430809
20262.744141	-98.994949
20268.127441	-99.143570
20273.510742	-99.568733
20278.894043	-99.229706
20284.277344	-99.990646
20289.660645	-99.647865
20295.043945	-99.829590
20300.427246	-99.629684
20305.810547	-99.567207
20311.193848	-99.607849
20316.577148	-99.416138
20321.960449	-99.883255
20327.343750	-99.539192
20332.727051	-99.206055
20338.110352	-99.266434
20343.493652	-99.428894
20348.876953	-99.901993
20354.260254	-99.727760
20359.643555	-100.015488
20365.026855	-100.318512
20370.410156	-100.363457
20375.793457	-99.948326
20381.176758	-100.017555
20386.560059	-99.980797
20391.943359	-100.352097
20397.326660	-100.664200
20402.709961	-100.624992
20408.093262	-100.565704
20413.476562	-100.217163
20418.859863	-100.465347
20424.243164	-100.272377
20429.626465	-100.667755
20435.009766	-100.549202
20440.393066	-100.475426
20445.776367	-100.758110
20451.159668	-100.416153
20456.542969	-100.826302
20461.926270	-101.181190
20467.309570	-101.257935
20472.692871	-100.993820
20478.076172	-100.960571
20483.459473	-101.056786
20488.842773	-101.119072
20494.226074	-101.114311
20499.609375	-100.408058
20504.992676	-100.618240
20510.375977	-100.796974
20515.759277	-101.206566
20521.142578	-101.580078
20526.525879	-101.528198
20531.909180	-101.544907
20537.292480	-101.587273
20542.675781	-101.933952
20548.059082	-102.081787
20553.442383	-101.526428
20558.825684	-101.887749
20564.208984	-102.463791
20569.592285	-102.391327
20574.975586	-102.424255
20580.358887	-102.219910
20585.742188	-102.672607
20591.125488	-102.543976
20596.508789	-102.317337
20601.892090	-102.740356
20607.275391	-102.773712
20612.658691	-102.600609
20618.041992	-102.891136
20623.425293	-103.217659
20628.808594	-102.832352
20634.191895	-102.872093
20639.575195	-102.902802
20644.958496	-103.254311
20650.341797	-103.868767
20655.725098	-103.637703
20661.108398	-103.352005
20666.491699	-103.745445
20671.875000	-103.932312
20677.258301	-104.070335
20682.641602	-104.419014
20688.024902	-104.332443
20693.408203	-104.173637
20698.791504	-104.339401
20704.174805	-104.399498
20709.558105	-104.481995
20714.941406	-104.976700
20720.324707	-104.694183
20725.708008	-104.797783
20731.091309	-104.853561
20736.474609	-104.663872
20741.857910	-105.269569
20747.241211	-105.658211
20752.624512	-105.878349
20758.007812	-106.006447
20763.391113	-105.710480
20768.774414	-105.753876
20774.157715	-105.877472
20779.541016	-106.022385
20784.924316	-106.371918
20790.307617	-106.740181
20795.690918	-106.986107
20801.074219	-107.075737
20806.457520	-107.318504
20811.840820	-107.004417
20817.224121	-107.516808
20822.607422	-107.257515
20827.990723	-107.088348
20833.374023	-107.569244
20838.757324	-108.340706
20844.140625	-107.535416
20849.523926	-107.918884
20854.907227	-108.562698
20860.290527	-108.120827
20865.673828	-108.583427
20871.057129	-109.634758
20876.440430	-109.569244
20881.823730	-109.801094
20887.207031	-109.290985
20892.590332	-109.026382
20897.973633	-109.238029
20903.356934	-109.997932
20908.740234	-110.034927
20914.123535	-109.797493
20919.506836	-109.572632
20924.890137	-109.664314
20930.273438	-110.591873
20935.656738	-110.688629
20941.040039	-110.730484
20946.423340	-111.113434
20951.806641	-111.484245
20957.189941	-112.317917
20962.573242	-112.366013
20967.956543	-112.110863
20973.339844	-112.372520
20978.723145	-112.015625
20984.106445	-112.144081
20989.489746	-112.644882
20994.873047	-113.192963
21000.256348	-113.131332
21005.639648	-113.185829
21011.022949	-113.514862
21016.406250	-114.933472
21021.789551	-115.062172
21027.172852	-115.262482
21032.556152	-115.311890
21037.939453	-114.875160
21043.322754	-114.974434
21048.706055	-115.095070
21054.089355	-115.782516
21059.472656	-115.827896
21064.855957	-115.987930
21070.239258	-116.990105
21075.622559	-117.421364
21081.005859	-117.335457
21086.389160	-117.693459
21091.772461	-117.633041
21097.155762	-118.059044
21102.539062	-118.366821
21107.922363	-118.669922
21113.305664	-118.977242
21118.688965	-119.277100
21124.072266	-119.257721
21129.455566	-119.821701
21134.838867	-119.490845
21140.222168	-120.348236
21145.605469	-121.197784
21150.988770	-121.393578
21156.372070	-121.240410
21161.755371	-121.610039
21167.138672	-121.461876
21172.521973	-122.252487
21177.905273	-122.707314
21183.288574	-122.906189
21188.671875	-123.303604
21194.055176	-123.960968
21199.438477	-123.789108
21204.821777	-124.376129
21210.205078	-124.513596
21215.588379	-124.699806
21220.971680	-125.219467
21226.354980	-125.219666
21231.738281	-126.305771
21237.121582	-126.155472
21242.504883	-126.778870
21247.888184	-126.583183
21253.271484	-127.519249
21258.654785	-127.713730
21264.038086	-127.658569
21269.421387	-128.288101
21274.804688	-128.814545
21280.187988	-129.284256
21285.571289	-129.660431
21290.954590	-129.900162
21296.337891	-129.932281
21301.721191	-130.392700
21307.104492	-130.477295
21312.487793	-131.178299
21317.871094	-131.623154
21323.254395	-130.889252
21328.637695	-132.114151
21334.020996	-132.109390
21339.404297	-132.628677
21344.787598	-132.869370
21350.170898	-132.796997
21355.554199	-132.894913
21360.937500	-133.701797
21366.320801	-133.684540
21371.704102	-134.082443
21377.087402	-134.013947
21382.470703	-134.106567
21387.854004	-134.469696
21393.237305	-134.486115
21398.620605	-134.517441
21404.003906	-135.029388
21409.387207	-134.849045
21414.770508	-134.904129
21420.153809	-135.691040
21425.537109	-135.080994
21430.920410	-136.023926
21436.303711	-135.626999
21441.687012	-135.546906
21447.070312	-135.995514
21452.453613	-135.726089
21457.836914	-135.992142
21463.220215	-135.968765
21468.603516	-135.935806
21473.986816	-136.252823
21479.370117	-135.958694
21484.753418	-136.250885
21490.136719	-136.131821
21495.520020	-136.255157
21500.903320	-136.198441
21506.286621	-136.175842
21511.669922	-136.317947
21517.053223	-136.193024
21522.436523	-136.424362
21527.819824	-136.145416
21533.203125	-136.449677
21538.586426	-136.267883
21543.969727	-136.364532
21549.353027	-136.296890
21554.736328	-136.386047
21560.119629	-136.365524
21565.502930	-136.331528
21570.886230	-136.388657
21576.269531	-136.366928
21581.652832	-136.379730
21587.036133	-136.370438
21592.419434	-136.382187
21597.802734	-136.376251
21603.186035	-136.401993
21608.569336	-136.392334
21613.952637	-136.377121
21619.335938	-136.394287
21624.719238	-136.392715
21630.102539	-136.398056
21635.485840	-136.392181
21640.869141	-136.404312
21646.252441	-136.396088
21651.635742	-136.392868
21657.019043	-136.411636
21662.402344	-136.398621
21667.785645	-136.407318
21673.168945	-136.394180
21678.552246	-136.407928
21683.935547	-136.403336
21689.318848	-136.405090
21694.702148	-136.404968
21700.085449	-136.410599
21705.468750	-136.409103
21710.852051	-136.403214
21716.235352	-136.410889
21721.618652	-136.408539
21727.001953	-136.410049
21732.385254	-136.412155
21737.768555	-136.408875
21743.151855	-136.412994
21748.535156	-136.412094
21753.918457	-136.412827
21759.301758	-136.413712
21764.685059	-136.412827
21770.068359	-136.414444
21775.451660	-136.414337
21780.834961	-136.416016
21786.218262	-136.415756
21791.601562	-136.416245
21796.984863	-136.416534
21802.368164	-136.416946
21807.751465	-136.417389
21813.134766	-136.417938
21818.518066	-136.418030
21823.901367	-136.418381
21829.284668	-136.419281
21834.667969	-136.419067
21840.051270	-136.419937
21845.434570	-136.420059
21850.817871	-136.420303
21856.201172	-136.420944
21861.584473	-136.420944
21866.967773	-136.421478
21872.351074	-136.421646
21877.734375	-136.421890
21883.117676	-136.422302
21888.500977	-136.422653
21893.884277	-136.422791
21899.267578	-136.422928
21904.650879	-136.423355
21910.034180	-136.423447
21915.417480	-136.423782
21920.800781	-136.423950
21926.184082	-136.424225
21931.567383	-136.424484
21936.950684	-136.424789
21942.333984	-136.424637
21947.717285	-136.425079
21953.100586	-136.425247
21958.483887	-136.425354
21963.867188	-136.425690
21969.250488	-136.425751
21974.633789	-136.425690
21980.017090	-136.425812
21985.400391	-136.425476
21990.783691	-136.425385
21996.166992	-136.426483
22001.550293	-136.426025
22006.933594	-136.426559
22012.316895	-136.426132
22017.700195	-136.425949
22023.083496	-136.426880
22028.466797	-136.426163
22033.850098	-136.426453
22039.233398	-136.426575
22044.616699	-136.426453
