Frequency (Hz)	Level (dB)
5.383301	-89.205147
10.766602	-87.026337
16.149902	-69.955627
21.533203	-59.315823
26.916504	-55.033192
32.299805	-54.197388
37.683105	-60.211884
43.066406	-51.883255
48.449707	-52.262371
53.833008	-54.380058
59.216309	-53.163048
64.599609	-51.843319
69.982910	-50.378216
75.366211	-54.075718
80.749512	-55.359829
86.132812	-53.212933
91.516113	-53.600136
96.899414	-56.964100
102.282715	-57.882599
107.666016	-55.266064
113.049316	-54.652496
118.432617	-55.268208
123.815918	-56.226376
129.199219	-56.547729
134.582520	-55.147709
139.965820	-58.458515
145.349121	-59.609543
150.732422	-61.001030
156.115723	-60.807411
161.499023	-60.807358
166.882324	-62.854805
172.265625	-65.021263
177.648926	-65.206718
183.032227	-66.106430
188.415527	-67.187370
193.798828	-69.482704
199.182129	-69.250595
204.565430	-68.606384
209.948730	-69.530937
215.332031	-70.951805
220.715332	-69.790657
226.098633	-68.437393
231.481934	-66.630775
236.865234	-66.243820
242.248535	-66.397522
247.631836	-66.625214
253.015137	-67.974731
258.398438	-66.387108
263.781738	-62.390129
269.165039	-62.126511
274.548340	-67.258995
279.931641	-71.216980
285.314941	-70.552582
290.698242	-70.777161
296.081543	-69.011131
301.464844	-66.129822
306.848145	-67.971329
312.231445	-68.706917
317.614746	-67.457680
322.998047	-67.085335
328.381348	-67.467033
333.764648	-67.186554
339.147949	-66.406837
344.531250	-66.598129
349.914551	-66.776337
355.297852	-65.452011
360.681152	-65.755043
366.064453	-68.036812
371.447754	-67.914055
376.831055	-67.709068
382.214355	-67.820190
387.597656	-68.005692
392.980957	-68.397652
398.364258	-68.503593
403.747559	-69.216957
409.130859	-68.784050
414.514160	-68.149750
419.897461	-68.190414
425.280762	-67.207840
430.664062	-67.570007
436.047363	-67.785660
441.430664	-67.965897
446.813965	-68.031898
452.197266	-69.245132
457.580566	-70.044701
462.963867	-70.817047
468.347168	-71.010529
473.730469	-70.637306
479.113770	-70.739136
484.497070	-71.303146
489.880371	-70.713478
495.263672	-69.874992
500.646973	-68.437996
506.030273	-68.726425
511.413574	-69.190720
516.796875	-69.720657
522.180176	-69.899956
527.563477	-69.611961
532.946777	-69.575615
538.330078	-67.808548
543.713379	-66.685539
549.096680	-65.266159
554.479980	-65.648193
559.863281	-65.312218
565.246582	-65.474319
570.629883	-65.578056
576.013184	-65.497932
581.396484	-66.315285
586.779785	-67.015274
592.163086	-68.497879
597.546387	-68.454964
602.929688	-68.071968
608.312988	-67.746262
613.696289	-67.648834
619.079590	-67.676094
624.462891	-67.291672
629.846191	-67.694366
635.229492	-68.225395
640.612793	-68.674400
645.996094	-68.856682
651.379395	-69.722992
656.762695	-70.482613
662.145996	-71.346222
667.529297	-71.803581
672.912598	-71.928368
678.295898	-72.238052
683.679199	-73.184448
689.062500	-71.334633
694.445801	-74.675476
699.829102	-77.707642
705.212402	-78.087585
710.595703	-77.048897
715.979004	-76.529678
721.362305	-76.043289
726.745605	-75.043961
732.128906	-73.867599
737.512207	-73.184975
742.895508	-72.206429
748.278809	-70.341705
753.662109	-70.162666
759.045410	-70.138329
764.428711	-70.039398
769.812012	-69.549309
775.195312	-69.365486
780.578613	-69.536003
785.961914	-70.390617
791.345215	-71.322746
796.728516	-72.828850
802.111816	-74.550781
807.495117	-74.778168
812.878418	-74.600349
818.261719	-72.975945
823.645020	-69.810242
829.028320	-68.415878
834.411621	-69.043045
839.794922	-69.377113
845.178223	-70.363380
850.561523	-71.182610
855.944824	-72.052094
861.328125	-73.711899
866.711426	-74.762451
872.094727	-75.136284
877.478027	-76.035355
882.861328	-76.163353
888.244629	-76.256752
893.627930	-77.110558
899.011230	-76.455681
904.394531	-76.599014
909.777832	-76.975563
915.161133	-76.684784
920.544434	-77.034775
925.927734	-77.553459
931.311035	-77.123940
936.694336	-76.673775
942.077637	-76.516106
947.460938	-76.564072
952.844238	-76.379623
958.227539	-76.011642
963.610840	-76.034584
968.994141	-76.501976
974.377441	-77.092026
979.760742	-77.434235
985.144043	-77.779854
990.527344	-78.814034
995.910645	-79.367844
1001.293945	-79.455040
1006.677246	-79.589554
1012.060547	-79.944588
1017.443848	-80.431534
1022.827148	-81.719566
1028.210449	-81.852020
1033.593750	-81.820358
1038.977051	-80.868805
1044.360352	-80.853996
1049.743652	-80.548317
1055.126953	-79.806992
1060.510254	-79.692909
1065.893555	-79.431236
1071.276855	-80.098083
1076.660156	-80.469788
1082.043457	-80.461861
1087.426758	-81.853577
1092.810059	-82.603172
1098.193359	-82.109520
1103.576660	-82.176498
1108.959961	-82.162437
1114.343262	-81.856071
1119.726562	-81.570160
1125.109863	-81.453552
1130.493164	-82.041130
1135.876465	-82.086266
1141.259766	-82.273300
1146.643066	-82.320831
1152.026367	-82.421715
1157.409668	-82.390053
1162.792969	-82.334663
1168.176270	-82.210815
1173.559570	-81.767426
1178.942871	-80.631783
1184.326172	-80.746681
1189.709473	-80.900711
1195.092773	-80.389900
1200.476074	-79.796333
1205.859375	-80.063805
1211.242676	-80.702690
1216.625977	-81.239799
1222.009277	-80.957481
1227.392578	-82.049500
1232.775879	-82.773369
1238.159180	-83.024284
1243.542480	-84.058403
1248.925781	-84.414902
1254.309082	-83.835411
1259.692383	-83.518921
1265.075684	-83.681969
1270.458984	-83.253960
1275.842285	-82.753860
1281.225586	-82.668953
1286.608887	-82.610268
1291.992188	-82.623505
1297.375488	-83.094383
1302.758789	-83.797318
1308.142090	-84.309021
1313.525391	-85.297081
1318.908691	-85.129906
1324.291992	-86.103691
1329.675293	-85.979576
1335.058594	-85.985863
1340.441895	-85.926941
1345.825195	-86.894356
1351.208496	-87.421700
1356.591797	-86.940018
1361.975098	-86.139915
1367.358398	-85.056343
1372.741699	-84.384171
1378.125000	-83.937309
1383.508301	-83.928589
1388.891602	-84.044556
1394.274902	-84.104561
1399.658203	-85.207420
1405.041504	-86.022606
1410.424805	-86.680443
1415.808105	-87.362358
1421.191406	-87.478119
1426.574707	-86.598305
1431.958008	-86.602722
1437.341309	-86.205109
1442.724609	-86.952896
1448.107910	-86.884575
1453.491211	-86.054642
1458.874512	-86.056496
1464.257812	-85.625122
1469.641113	-84.723259
1475.024414	-83.759201
1480.407715	-82.672058
1485.791016	-82.540031
1491.174316	-81.912552
1496.557617	-82.134941
1501.940918	-82.656410
1507.324219	-84.145576
1512.707520	-84.882225
1518.090820	-85.128471
1523.474121	-84.321793
1528.857422	-84.111847
1534.240723	-83.063499
1539.624023	-82.311569
1545.007324	-82.319412
1550.390625	-83.297020
1555.773926	-83.719841
1561.157227	-84.457954
1566.540527	-85.168686
1571.923828	-85.681114
1577.307129	-86.390678
1582.690430	-86.561592
1588.073730	-85.936470
1593.457031	-84.969978
1598.840332	-84.663292
1604.223633	-84.479271
1609.606934	-83.557228
1614.990234	-83.727501
1620.373535	-84.425560
1625.756836	-84.978363
1631.140137	-85.647972
1636.523438	-86.462997
1641.906738	-86.010345
1647.290039	-85.909317
1652.673340	-80.954926
1658.056641	-83.377731
1663.439941	-86.812889
1668.823242	-86.800529
1674.206543	-86.158264
1679.589844	-86.954346
1684.973145	-86.534439
1690.356445	-86.379875
1695.739746	-86.306122
1701.123047	-86.086739
1706.506348	-86.306274
1711.889648	-86.453461
1717.272949	-86.903114
1722.656250	-87.269341
1728.039551	-86.753792
1733.422852	-86.744682
1738.806152	-86.935295
1744.189453	-86.929771
1749.572754	-87.706917
1754.956055	-88.731499
1760.339355	-88.173882
1765.722656	-87.894516
1771.105957	-88.699799
1776.489258	-88.761330
1781.872559	-88.757385
1787.255859	-88.723946
1792.639160	-87.908852
1798.022461	-89.098030
1803.405762	-89.485825
1808.789062	-89.965889
1814.172363	-90.677567
1819.555664	-90.712547
1824.938965	-90.126785
1830.322266	-89.660698
1835.705566	-90.443527
1841.088867	-90.830032
1846.472168	-90.107956
1851.855469	-90.168251
1857.238770	-89.602081
1862.622070	-89.042534
1868.005371	-88.753563
1873.388672	-88.520370
1878.771973	-88.490913
1884.155273	-88.698006
1889.538574	-88.428268
1894.921875	-88.303421
1900.305176	-88.095139
1905.688477	-87.551010
1911.071777	-87.879028
1916.455078	-87.721565
1921.838379	-87.515076
1927.221680	-87.465256
1932.604980	-87.484009
1937.988281	-87.810730
1943.371582	-87.291252
1948.754883	-86.721970
1954.138184	-86.068382
1959.521484	-86.919113
1964.904785	-86.328522
1970.288086	-86.427078
1975.671387	-86.030334
1981.054688	-86.385696
1986.437988	-86.848961
1991.821289	-86.579987
1997.204590	-86.146133
2002.587891	-87.501137
2007.971191	-87.863602
2013.354492	-86.927574
2018.737793	-86.877808
2024.121094	-86.572914
2029.504395	-86.506157
2034.887695	-85.625252
2040.270996	-85.574471
2045.654297	-85.459465
2051.037598	-84.708138
2056.420898	-84.145126
2061.804199	-84.266510
2067.187500	-84.330353
2072.570801	-84.523346
2077.954102	-85.015320
2083.337402	-85.911140
2088.720703	-85.758324
2094.104004	-85.930809
2099.487305	-86.783859
2104.870605	-86.536591
2110.253906	-86.067032
2115.637207	-86.015869
2121.020508	-85.896690
2126.403809	-85.651520
2131.787109	-85.002678
2137.170410	-84.464897
2142.553711	-84.246269
2147.937012	-83.874649
2153.320312	-84.498184
2158.703613	-84.143944
2164.086914	-84.349777
2169.470215	-84.935440
2174.853516	-84.216049
2180.236816	-84.263863
2185.620117	-84.182976
2191.003418	-83.979156
2196.386719	-83.652344
2201.770020	-83.766975
2207.153320	-84.173096
2212.536621	-83.848389
2217.919922	-83.567757
2223.303223	-82.688881
2228.686523	-82.318336
2234.069824	-82.549324
2239.453125	-82.157799
2244.836426	-81.506737
2250.219727	-81.893890
2255.603027	-81.942436
2260.986328	-82.455231
2266.369629	-82.407776
2271.752930	-82.730713
2277.136230	-83.122276
2282.519531	-83.182228
2287.902832	-83.573669
2293.286133	-83.406570
2298.669434	-83.994537
2304.052734	-84.569412
2309.436035	-85.221642
2314.819336	-85.359085
2320.202637	-85.262070
2325.585938	-86.380577
2330.969238	-86.167671
2336.352539	-86.196083
2341.735840	-85.832565
2347.119141	-86.113457
2352.502441	-86.362656
2357.885742	-87.187286
2363.269043	-87.184723
2368.652344	-87.379997
2374.035645	-88.040497
2379.418945	-88.444016
2384.802246	-88.961731
2390.185547	-88.674042
2395.568848	-88.985313
2400.952148	-88.765053
2406.335449	-89.703293
2411.718750	-89.876434
2417.102051	-90.631554
2422.485352	-90.917709
2427.868652	-90.869926
2433.251953	-90.534241
2438.635254	-89.873161
2444.018555	-90.283134
2449.401855	-90.699837
2454.785156	-90.738625
2460.168457	-90.559029
2465.551758	-90.425125
2470.935059	-90.434059
2476.318359	-91.074486
2481.701660	-91.018234
2487.084961	-91.400726
2492.468262	-91.216286
2497.851562	-91.428032
2503.234863	-91.173958
2508.618164	-91.436531
2514.001465	-92.044907
2519.384766	-92.087944
2524.768066	-91.633041
2530.151367	-91.500008
2535.534668	-91.222549
2540.917969	-90.899872
2546.301270	-90.543694
2551.684570	-90.166534
2557.067871	-90.283440
2562.451172	-91.066841
2567.834473	-91.233894
2573.217773	-90.876472
2578.601074	-91.984627
2583.984375	-92.608215
2589.367676	-92.704666
2594.750977	-93.814743
2600.134277	-94.604599
2605.517578	-94.707954
2610.900879	-94.099075
2616.284180	-93.314934
2621.667480	-93.510201
2627.050781	-93.026573
2632.434082	-92.886337
2637.817383	-92.563522
2643.200684	-92.824203
2648.583984	-92.191528
2653.967285	-92.090889
2659.350586	-91.776642
2664.733887	-92.477425
2670.117188	-92.768082
2675.500488	-93.277588
2680.883789	-92.745071
2686.267090	-92.306404
2691.650391	-92.846565
2697.033691	-93.151581
2702.416992	-92.866753
2707.800293	-93.303955
2713.183594	-93.359848
2718.566895	-93.590302
2723.950195	-93.070862
2729.333496	-92.868179
2734.716797	-92.942177
2740.100098	-93.437805
2745.483398	-94.436890
2750.866699	-94.331848
2756.250000	-92.589760
2761.633301	-93.706871
2767.016602	-94.395622
2772.399902	-94.836754
2777.783203	-95.378792
2783.166504	-94.685379
2788.549805	-94.249542
2793.933105	-94.340935
2799.316406	-94.038612
2804.699707	-94.152275
2810.083008	-94.920525
2815.466309	-94.796486
2820.849609	-94.549660
2826.232910	-94.482224
2831.616211	-94.346069
2836.999512	-93.792740
2842.382812	-92.975937
2847.766113	-92.656143
2853.149414	-93.270126
2858.532715	-93.674637
2863.916016	-93.659348
2869.299316	-93.196449
2874.682617	-92.994347
2880.065918	-92.748627
2885.449219	-92.515228
2890.832520	-92.679092
2896.215820	-92.954987
2901.599121	-93.356262
2906.982422	-93.949394
2912.365723	-94.476295
2917.749023	-94.722252
2923.132324	-94.496994
2928.515625	-94.590164
2933.898926	-94.067314
2939.282227	-94.054535
2944.665527	-94.687401
2950.048828	-94.735466
2955.432129	-94.531677
2960.815430	-94.006943
2966.198730	-93.929749
2971.582031	-94.258469
2976.965332	-94.407852
2982.348633	-94.152214
2987.731934	-93.345573
2993.115234	-94.127136
2998.498535	-94.681107
3003.881836	-94.169975
3009.265137	-93.775818
3014.648438	-93.763985
3020.031738	-93.312897
3025.415039	-93.490128
3030.798340	-94.211777
3036.181641	-94.420769
3041.564941	-94.380493
3046.948242	-94.853622
3052.331543	-95.198204
3057.714844	-95.258995
3063.098145	-94.428879
3068.481445	-94.888779
3073.864746	-94.300049
3079.248047	-94.652832
3084.631348	-94.895439
3090.014648	-94.726318
3095.397949	-94.160011
3100.781250	-95.011536
3106.164551	-94.863182
3111.547852	-94.777924
3116.931152	-94.844826
3122.314453	-95.362473
3127.697754	-95.487938
3133.081055	-95.182602
3138.464355	-95.476074
3143.847656	-95.948425
3149.230957	-96.000893
3154.614258	-96.004875
3159.997559	-96.351868
3165.380859	-95.689926
3170.764160	-96.415543
3176.147461	-96.398605
3181.530762	-96.264824
3186.914062	-95.891022
3192.297363	-95.537292
3197.680664	-95.608963
3203.063965	-94.917633
3208.447266	-95.383583
3213.830566	-95.536156
3219.213867	-95.131027
3224.597168	-96.020729
3229.980469	-96.430298
3235.363770	-96.571281
3240.747070	-96.978096
3246.130371	-96.893890
3251.513672	-97.048668
3256.896973	-97.164635
3262.280273	-96.400345
3267.663574	-96.324074
3273.046875	-96.437668
3278.430176	-96.578079
3283.813477	-95.714554
3289.196777	-95.455849
3294.580078	-95.701187
3299.963379	-96.273567
3305.346680	-95.469803
3310.729980	-95.548958
3316.113281	-95.836288
3321.496582	-95.620300
3326.879883	-95.738991
3332.263184	-96.097023
3337.646484	-96.467590
3343.029785	-96.266380
3348.413086	-96.315918
3353.796387	-96.304314
3359.179688	-96.573402
3364.562988	-96.265030
3369.946289	-96.135902
3375.329590	-96.412895
3380.712891	-97.006714
3386.096191	-97.234642
3391.479492	-96.418762
3396.862793	-95.791718
3402.246094	-95.818222
3407.629395	-96.478973
3413.012695	-96.294441
3418.395996	-96.459717
3423.779297	-97.420364
3429.162598	-96.903046
3434.545898	-97.417259
3439.929199	-97.313683
3445.312500	-97.383926
3450.695801	-97.357323
3456.079102	-97.124763
3461.462402	-96.954697
3466.845703	-97.303658
3472.229004	-97.928017
3477.612305	-97.856789
3482.995605	-97.439629
3488.378906	-97.414406
3493.762207	-97.055229
3499.145508	-96.765404
3504.528809	-97.065605
3509.912109	-96.381966
3515.295410	-96.687561
3520.678711	-97.567230
3526.062012	-97.565163
3531.445312	-97.559326
3536.828613	-97.837204
3542.211914	-97.731300
3547.595215	-96.637337
3552.978516	-97.351028
3558.361816	-97.096428
3563.745117	-97.234489
3569.128418	-96.891212
3574.511719	-97.031006
3579.895020	-97.725883
3585.278320	-97.553139
3590.661621	-98.541428
3596.044922	-98.128723
3601.428223	-98.000305
3606.811523	-98.228981
3612.194824	-98.518990
3617.578125	-98.231079
3622.961426	-97.907669
3628.344727	-98.175140
3633.728027	-97.674629
3639.111328	-97.627747
3644.494629	-97.676353
3649.877930	-97.983467
3655.261230	-97.823456
3660.644531	-97.907455
3666.027832	-97.760437
3671.411133	-97.599670
3676.794434	-97.775642
3682.177734	-97.712761
3687.561035	-98.473724
3692.944336	-98.561562
3698.327637	-98.208214
3703.710938	-98.143478
3709.094238	-98.643433
3714.477539	-98.580505
3719.860840	-98.232285
3725.244141	-98.736664
3730.627441	-98.598732
3736.010742	-98.661690
3741.394043	-98.743118
3746.777344	-98.442139
3752.160645	-98.404182
3757.543945	-98.423706
3762.927246	-98.539108
3768.310547	-98.610603
3773.693848	-99.004906
3779.077148	-99.021568
3784.460449	-98.994003
3789.843750	-98.384285
3795.227051	-98.585464
3800.610352	-98.545204
3805.993652	-97.944832
3811.376953	-98.592628
3816.760254	-99.318878
3822.143555	-99.124023
3827.526855	-98.140602
3832.910156	-97.953156
3838.293457	-99.041985
3843.676758	-99.295067
3849.060059	-99.042374
3854.443359	-98.463867
3859.826660	-98.258949
3865.209961	-98.977539
3870.593262	-98.856979
3875.976562	-99.093094
3881.359863	-98.993889
3886.743164	-98.721191
3892.126465	-99.161949
3897.509766	-98.857613
3902.893066	-98.906227
3908.276367	-98.850021
3913.659668	-98.885750
3919.042969	-98.447708
3924.426270	-99.126915
3929.809570	-99.548363
3935.192871	-98.653381
3940.576172	-98.795952
3945.959473	-99.187737
3951.342773	-99.705009
3956.726074	-99.574165
3962.109375	-98.545166
3967.492676	-98.459923
3972.875977	-98.986259
3978.259277	-98.997849
3983.642578	-98.832016
3989.025879	-98.796791
3994.409180	-98.538185
3999.792480	-98.818542
4005.175781	-98.806923
4010.559082	-98.807945
4015.942383	-98.945251
4021.325684	-98.886963
4026.708984	-99.306664
4032.092285	-99.385666
4037.475586	-99.045624
4042.858887	-98.635002
4048.242188	-98.913918
4053.625488	-98.839043
4059.008789	-99.081459
4064.392090	-98.968506
4069.775391	-99.131058
4075.158691	-99.033676
4080.541992	-99.463791
4085.925293	-99.291664
4091.308594	-99.236679
4096.691895	-99.047279
4102.075195	-99.125786
4107.458496	-98.884605
4112.841797	-98.580238
4118.225098	-99.088043
4123.608398	-99.481812
4128.991699	-99.397095
4134.375000	-99.204178
4139.758301	-99.813301
4145.141602	-99.437088
4150.524902	-98.985512
4155.908203	-99.422806
4161.291504	-100.273048
4166.674805	-100.148438
4172.058105	-100.052498
4177.441406	-100.093765
4182.824707	-99.966309
4188.208008	-99.121468
4193.591309	-99.252121
4198.974609	-99.053474
4204.357910	-99.353035
4209.741211	-98.806412
4215.124512	-98.736908
4220.507812	-98.806534
4225.891113	-98.672607
4231.274414	-98.745644
4236.657715	-98.794716
4242.041016	-98.949585
4247.424316	-98.794243
4252.807617	-98.789070
4258.190918	-99.225868
4263.574219	-99.312996
4268.957520	-98.984085
4274.340820	-99.340347
4279.724121	-98.882164
4285.107422	-99.232605
4290.490723	-99.113220
4295.874023	-99.050339
4301.257324	-99.173737
4306.640625	-98.290428
4312.023926	-99.332573
4317.407227	-99.666847
4322.790527	-99.866104
4328.173828	-99.414597
4333.557129	-99.542244
4338.940430	-99.621880
4344.323730	-99.429436
4349.707031	-99.400063
4355.090332	-99.649544
4360.473633	-99.513626
4365.856934	-99.739044
4371.240234	-99.598824
4376.623535	-99.863441
4382.006836	-99.686783
4387.390137	-99.534866
4392.773438	-99.176331
4398.156738	-99.521446
4403.540039	-99.636810
4408.923340	-98.839943
4414.306641	-99.286713
4419.689941	-99.910484
4425.073242	-99.419968
4430.456543	-99.062012
4435.839844	-99.701736
4441.223145	-99.431252
4446.606445	-99.336555
4451.989746	-99.925209
4457.373047	-99.599541
4462.756348	-99.589027
4468.139648	-99.767296
4473.522949	-100.143784
4478.906250	-100.042511
4484.289551	-99.835976
4489.672852	-99.585999
4495.056152	-99.480988
4500.439453	-99.907158
4505.822754	-99.547089
4511.206055	-99.600510
4516.589355	-100.064316
4521.972656	-100.602104
4527.355957	-100.075165
4532.739258	-99.760635
4538.122559	-99.792259
4543.505859	-99.804482
4548.889160	-99.315781
4554.272461	-99.622887
4559.655762	-99.673523
4565.039062	-99.880417
4570.422363	-99.813026
4575.805664	-100.558777
4581.188965	-100.421089
4586.572266	-99.296600
4591.955566	-99.759544
4597.338867	-99.824539
4602.722168	-99.738075
4608.105469	-99.629059
4613.488770	-99.625626
4618.872070	-99.989532
4624.255371	-99.728737
4629.638672	-99.095436
4635.021973	-99.418289
4640.405273	-99.321075
4645.788574	-99.344849
4651.171875	-99.154419
4656.555176	-99.369865
4661.938477	-99.334946
4667.321777	-99.206406
4672.705078	-98.813660
4678.088379	-100.013344
4683.471680	-99.415253
4688.854980	-99.266212
4694.238281	-99.119339
4699.621582	-99.559860
4705.004883	-100.098564
4710.388184	-100.037605
4715.771484	-99.830528
4721.154785	-99.550690
4726.538086	-99.541458
4731.921387	-99.126282
4737.304688	-99.621315
4742.687988	-100.513184
4748.071289	-99.919617
4753.454590	-99.351501
4758.837891	-98.714455
4764.221191	-98.927116
4769.604492	-99.431366
4774.987793	-99.156448
4780.371094	-99.219528
4785.754395	-99.245720
4791.137695	-99.803352
4796.520996	-99.261032
4801.904297	-99.825623
4807.287598	-99.244598
4812.670898	-99.417389
4818.054199	-100.126724
4823.437500	-99.527878
4828.820801	-99.319778
4834.204102	-99.579491
4839.587402	-99.483910
4844.970703	-99.659927
4850.354004	-99.327652
4855.737305	-99.980705
4861.120605	-100.027344
4866.503906	-99.605652
4871.887207	-100.016182
4877.270508	-99.602997
4882.653809	-99.006470
4888.037109	-99.980820
4893.420410	-99.797607
4898.803711	-99.956963
4904.187012	-99.785316
4909.570312	-99.637260
4914.953613	-99.619240
4920.336914	-99.870438
4925.720215	-100.420212
4931.103516	-100.306221
4936.486816	-100.211571
4941.870117	-99.447884
4947.253418	-99.228729
4952.636719	-99.555397
4958.020020	-99.689507
4963.403320	-99.922707
4968.786621	-99.326134
4974.169922	-99.637802
4979.553223	-100.019279
4984.936523	-99.606621
4990.319824	-99.550827
4995.703125	-99.760979
5001.086426	-99.831017
5006.469727	-99.751228
5011.853027	-99.782433
5017.236328	-99.102165
5022.619629	-99.265961
5028.002930	-99.331184
5033.386230	-100.125504
5038.769531	-99.667877
5044.152832	-99.410210
5049.536133	-99.756187
5054.919434	-99.096939
5060.302734	-99.491135
5065.686035	-99.825699
5071.069336	-100.150169
5076.452637	-99.223526
5081.835938	-98.925888
5087.219238	-98.704254
5092.602539	-98.898376
5097.985840	-99.487549
5103.369141	-100.318344
5108.752441	-100.114250
5114.135742	-99.394272
5119.519043	-98.966270
5124.902344	-98.892128
5130.285645	-98.968376
5135.668945	-99.580719
5141.052246	-98.857979
5146.435547	-98.992325
5151.818848	-99.755386
5157.202148	-99.584053
5162.585449	-99.462738
5167.968750	-99.461952
5173.352051	-99.342392
5178.735352	-99.910980
5184.118652	-99.294075
5189.501953	-99.285797
5194.885254	-99.351639
5200.268555	-100.016998
5205.651855	-99.694717
5211.035156	-99.518288
5216.418457	-100.164833
5221.801758	-99.904335
5227.185059	-99.326195
5232.568359	-99.111488
5237.951660	-98.369049
5243.334961	-99.262001
5248.718262	-99.922150
5254.101562	-100.178955
5259.484863	-99.862411
5264.868164	-99.542755
5270.251465	-99.889023
5275.634766	-99.637383
5281.018066	-100.035301
5286.401367	-99.996788
5291.784668	-99.852379
5297.167969	-100.088669
5302.551270	-100.681458
5307.934570	-100.349442
5313.317871	-99.786995
5318.701172	-99.685600
5324.084473	-99.979485
5329.467773	-99.949455
5334.851074	-100.056709
5340.234375	-100.156647
5345.617676	-99.569717
5351.000977	-99.799782
5356.384277	-99.374474
5361.767578	-100.006012
5367.150879	-99.709633
5372.534180	-100.368843
5377.917480	-100.248039
5383.300781	-100.282684
5388.684082	-99.472961
5394.067383	-99.582626
5399.450684	-99.820053
5404.833984	-99.947151
5410.217285	-99.847656
5415.600586	-100.007759
5420.983887	-100.327484
5426.367188	-100.162788
5431.750488	-99.768333
5437.133789	-99.821777
5442.517090	-100.005493
5447.900391	-99.829720
5453.283691	-100.374649
5458.666992	-100.351265
5464.050293	-100.736847
5469.433594	-100.042709
5474.816895	-100.356117
5480.200195	-100.608620
5485.583496	-100.442017
5490.966797	-100.067726
5496.350098	-100.082375
5501.733398	-99.881104
5507.116699	-100.630280
5512.500000	-100.296318
5517.883301	-99.999763
5523.266602	-99.261826
5528.649902	-99.054695
5534.033203	-100.507050
5539.416504	-100.434204
5544.799805	-99.995094
5550.183105	-100.123451
5555.566406	-99.749405
5560.949707	-99.589859
5566.333008	-99.960472
5571.716309	-99.859863
5577.099609	-100.063751
5582.482910	-100.060326
5587.866211	-99.881676
5593.249512	-100.075569
5598.632812	-99.970772
5604.016113	-99.447197
5609.399414	-99.176857
5614.782715	-99.773399
5620.166016	-99.469223
5625.549316	-99.556999
5630.932617	-99.849823
5636.315918	-99.647903
5641.699219	-99.873505
5647.082520	-99.898903
5652.465820	-99.883331
5657.849121	-99.617271
5663.232422	-100.161140
5668.615723	-100.611313
5673.999023	-100.191429
5679.382324	-99.921509
5684.765625	-99.436920
5690.148926	-99.584076
5695.532227	-100.249916
5700.915527	-100.044075
5706.298828	-99.651512
5711.682129	-99.730972
5717.065430	-99.659729
5722.448730	-99.842911
5727.832031	-100.161896
5733.215332	-100.537834
5738.598633	-100.562447
5743.981934	-100.231331
5749.365234	-100.121788
5754.748535	-100.342995
5760.131836	-99.905830
5765.515137	-99.097107
5770.898438	-99.503593
5776.281738	-99.736938
5781.665039	-99.762512
5787.048340	-99.569092
5792.431641	-99.921036
5797.814941	-100.244980
5803.198242	-99.913727
5808.581543	-99.613876
5813.964844	-99.733223
5819.348145	-100.174072
5824.731445	-100.353722
5830.114746	-100.541328
5835.498047	-99.927185
5840.881348	-99.470764
5846.264648	-100.039780
5851.647949	-100.060188
5857.031250	-100.052170
5862.414551	-99.579811
5867.797852	-99.511093
5873.181152	-99.749893
5878.564453	-99.776825
5883.947754	-100.335678
5889.331055	-100.196198
5894.714355	-100.022301
5900.097656	-99.845261
5905.480957	-100.641907
5910.864258	-100.477997
5916.247559	-100.024536
5921.630859	-100.090012
5927.014160	-100.505943
5932.397461	-100.224655
5937.780762	-100.376648
5943.164062	-100.148216
5948.547363	-100.028175
5953.930664	-100.152046
5959.313965	-100.106743
5964.697266	-100.287010
5970.080566	-100.388275
5975.463867	-99.477722
5980.847168	-100.049934
5986.230469	-100.416428
5991.613770	-100.776192
5996.997070	-100.162674
6002.380371	-100.701843
6007.763672	-100.262184
6013.146973	-100.332878
6018.530273	-100.031319
6023.913574	-100.320465
6029.296875	-99.673531
6034.680176	-100.085068
6040.063477	-99.956001
6045.446777	-100.001434
6050.830078	-99.861145
6056.213379	-99.947128
6061.596680	-100.683594
6066.979980	-100.455818
6072.363281	-100.639694
6077.746582	-100.141754
6083.129883	-99.863533
6088.513184	-100.356819
6093.896484	-100.398888
6099.279785	-100.266647
6104.663086	-100.380615
6110.046387	-100.563934
6115.429688	-100.525398
6120.812988	-100.139160
6126.196289	-100.520798
6131.579590	-99.928795
6136.962891	-99.823685
6142.346191	-100.253227
6147.729492	-100.173073
6153.112793	-100.791809
6158.496094	-99.943764
6163.879395	-100.222031
6169.262695	-100.346695
6174.645996	-100.130844
6180.029297	-100.278458
6185.412598	-100.481354
6190.795898	-100.290359
6196.179199	-100.487335
6201.562500	-100.188026
6206.945801	-100.410805
6212.329102	-100.002090
6217.712402	-100.446388
6223.095703	-100.626038
6228.479004	-100.601593
6233.862305	-100.311974
6239.245605	-100.229317
6244.628906	-100.390442
6250.012207	-100.270729
6255.395508	-100.322433
6260.778809	-100.110123
6266.162109	-100.333771
6271.545410	-100.205444
6276.928711	-100.071304
6282.312012	-99.576881
6287.695312	-100.018509
6293.078613	-99.904800
6298.461914	-99.978760
6303.845215	-100.652504
6309.228516	-100.206795
6314.611816	-99.777267
6319.995117	-99.708618
6325.378418	-100.269218
6330.761719	-100.447670
6336.145020	-100.197388
6341.528320	-99.738190
6346.911621	-100.239357
6352.294922	-100.780792
6357.678223	-100.725342
6363.061523	-100.353195
6368.444824	-99.908577
6373.828125	-99.658913
6379.211426	-99.825241
6384.594727	-99.663216
6389.978027	-100.593048
6395.361328	-100.638069
6400.744629	-100.500893
6406.127930	-99.940895
6411.511230	-99.749916
6416.894531	-99.795059
6422.277832	-99.991608
6427.661133	-100.038597
6433.044434	-101.168961
6438.427734	-100.404472
6443.811035	-99.847519
6449.194336	-99.948540
6454.577637	-99.675064
6459.960938	-100.051872
6465.344238	-100.421387
6470.727539	-99.257607
6476.110840	-100.400963
6481.494141	-100.629051
6486.877441	-100.589340
6492.260742	-101.144020
6497.644043	-100.570580
6503.027344	-100.237541
6508.410645	-99.689835
6513.793945	-100.065666
6519.177246	-100.069168
6524.560547	-100.295021
6529.943848	-100.534721
6535.327148	-100.117920
6540.710449	-100.063591
6546.093750	-100.163780
6551.477051	-99.715126
6556.860352	-100.440041
6562.243652	-100.249626
6567.626953	-100.416779
6573.010254	-100.819748
6578.393555	-100.592384
6583.776855	-100.094963
6589.160156	-100.412926
6594.543457	-100.424957
6599.926758	-100.140923
6605.310059	-99.913643
6610.693359	-100.103302
6616.076660	-101.242378
6621.459961	-101.283752
6626.843262	-100.737488
6632.226562	-100.851219
6637.609863	-100.772896
6642.993164	-100.972382
6648.376465	-100.558464
6653.759766	-100.308952
6659.143066	-99.804443
6664.526367	-99.917892
6669.909668	-100.557083
6675.292969	-100.674309
6680.676270	-100.196426
6686.059570	-99.795303
6691.442871	-100.229568
6696.826172	-100.311905
6702.209473	-99.810349
6707.592773	-100.247147
6712.976074	-100.490677
6718.359375	-101.029739
6723.742676	-100.458916
6729.125977	-100.659142
6734.509277	-100.842110
6739.892578	-100.050743
6745.275879	-100.125969
6750.659180	-100.160805
6756.042480	-99.909874
6761.425781	-100.514511
6766.809082	-100.385513
6772.192383	-100.385094
6777.575684	-100.722351
6782.958984	-100.001709
6788.342285	-100.680016
6793.725586	-100.796303
6799.108887	-100.572235
6804.492188	-100.358025
6809.875488	-99.899376
6815.258789	-99.766342
6820.642090	-99.927139
6826.025391	-100.176163
6831.408691	-99.827126
6836.791992	-99.644936
6842.175293	-100.147575
6847.558594	-99.976288
6852.941895	-100.581963
6858.325195	-100.567802
6863.708496	-99.900398
6869.091797	-99.852806
6874.475098	-100.650200
6879.858398	-100.767227
6885.241699	-99.932785
6890.625000	-99.724281
6896.008301	-99.474754
6901.391602	-99.892090
6906.774902	-100.348778
6912.158203	-100.185501
6917.541504	-99.780235
6922.924805	-99.726212
6928.308105	-100.366898
6933.691406	-99.832916
6939.074707	-99.925049
6944.458008	-100.171005
6949.841309	-100.781349
6955.224609	-100.389748
6960.607910	-99.284805
6965.991211	-99.480034
6971.374512	-100.225876
6976.757812	-100.402969
6982.141113	-100.047531
6987.524414	-99.865120
6992.907715	-99.741096
6998.291016	-99.846153
7003.674316	-100.312660
7009.057617	-100.273666
7014.440918	-99.953514
7019.824219	-100.088844
7025.207520	-99.911179
7030.590820	-99.965233
7035.974121	-100.110443
7041.357422	-100.519623
7046.740723	-100.149246
7052.124023	-100.901917
7057.507324	-101.217140
7062.890625	-100.586792
7068.273926	-100.220909
7073.657227	-100.224686
7079.040527	-99.852165
7084.423828	-100.110039
7089.807129	-99.792976
7095.190430	-99.803169
7100.573730	-100.223686
7105.957031	-100.496727
7111.340332	-100.028465
7116.723633	-99.371346
7122.106934	-99.749123
7127.490234	-99.853615
7132.873535	-100.285255
7138.256836	-100.392822
7143.640137	-100.025169
7149.023438	-99.792480
7154.406738	-100.215927
7159.790039	-99.707405
7165.173340	-99.887863
7170.556641	-99.921196
7175.939941	-99.864769
7181.323242	-99.273544
7186.706543	-99.990829
7192.089844	-100.090302
7197.473145	-99.318329
7202.856445	-99.186592
7208.239746	-99.213860
7213.623047	-99.731911
7219.006348	-99.605949
7224.389648	-99.919739
7229.772949	-100.363716
7235.156250	-100.387024
7240.539551	-100.082253
7245.922852	-100.321838
7251.306152	-100.100258
7256.689453	-100.346458
7262.072754	-99.401978
7267.456055	-99.479141
7272.839355	-100.253220
7278.222656	-100.357323
7283.605957	-99.770744
7288.989258	-99.823349
7294.372559	-99.973976
7299.755859	-100.001915
7305.139160	-99.350700
7310.522461	-99.397141
7315.905762	-99.975204
7321.289062	-100.099136
7326.672363	-100.014969
7332.055664	-99.585129
7337.438965	-99.811974
7342.822266	-99.772247
7348.205566	-100.508217
7353.588867	-100.632851
7358.972168	-100.556534
7364.355469	-100.260796
7369.738770	-100.174713
7375.122070	-100.154343
7380.505371	-99.872795
7385.888672	-99.588867
7391.271973	-99.554520
7396.655273	-99.855896
7402.038574	-99.595337
7407.421875	-99.782394
7412.805176	-99.911163
7418.188477	-99.953094
7423.571777	-99.914528
7428.955078	-100.039536
7434.338379	-100.169563
7439.721680	-99.897491
7445.104980	-99.808182
7450.488281	-99.118080
7455.871582	-99.014359
7461.254883	-99.433411
7466.638184	-99.275032
7472.021484	-98.600861
7477.404785	-99.070885
7482.788086	-99.347244
7488.171387	-99.593170
7493.554688	-99.673561
7498.937988	-98.659584
7504.321289	-99.123985
7509.704590	-99.026184
7515.087891	-99.531761
7520.471191	-99.976112
7525.854492	-99.619370
7531.237793	-99.725548
7536.621094	-99.345192
7542.004395	-99.692650
7547.387695	-100.376099
7552.770996	-99.872101
7558.154297	-99.680267
7563.537598	-100.222183
7568.920898	-100.210556
7574.304199	-99.981995
7579.687500	-99.687416
7585.070801	-99.282944
7590.454102	-98.985741
7595.837402	-99.358208
7601.220703	-99.160347
7606.604004	-99.012032
7611.987305	-99.664032
7617.370605	-99.669655
7622.753906	-100.010162
7628.137207	-99.695465
7633.520508	-99.572449
7638.903809	-99.868462
7644.287109	-99.508263
7649.670410	-99.223526
7655.053711	-99.588036
7660.437012	-99.107651
7665.820312	-98.886688
7671.203613	-98.668976
7676.586914	-99.597290
7681.970215	-99.539261
7687.353516	-99.466370
7692.736816	-99.452789
7698.120117	-99.229095
7703.503418	-99.666733
7708.886719	-99.296989
7714.270020	-100.175613
7719.653320	-100.532272
7725.036621	-99.694221
7730.419922	-99.231911
7735.803223	-100.060066
7741.186523	-100.124115
7746.569824	-99.389236
7751.953125	-99.085800
7757.336426	-99.223679
7762.719727	-99.292686
7768.103027	-99.833801
7773.486328	-99.403427
7778.869629	-99.426750
7784.252930	-99.670273
7789.636230	-99.537170
7795.019531	-99.347305
7800.402832	-99.339798
7805.786133	-99.772942
7811.169434	-99.675568
7816.552734	-99.748756
7821.936035	-99.854912
7827.319336	-99.606583
7832.702637	-99.187653
7838.085938	-98.894333
7843.469238	-99.272980
7848.852539	-99.692421
7854.235840	-99.389923
7859.619141	-99.675728
7865.002441	-98.398529
7870.385742	-98.307396
7875.769043	-98.761833
7881.152344	-99.109840
7886.535645	-99.437920
7891.918945	-99.337524
7897.302246	-99.466652
7902.685547	-99.729347
7908.068848	-99.183449
7913.452148	-99.845680
7918.835449	-99.101982
7924.218750	-98.985191
7929.602051	-99.028214
7934.985352	-99.626160
7940.368652	-99.574486
7945.751953	-99.319435
7951.135254	-98.849167
7956.518555	-99.538910
7961.901855	-99.380440
7967.285156	-98.654572
7972.668457	-98.585052
7978.051758	-98.747765
7983.435059	-99.231979
7988.818359	-98.697090
7994.201660	-98.817780
7999.584961	-98.693108
8004.968262	-99.090103
8010.351562	-98.784851
8015.734863	-99.014961
8021.118164	-98.960136
8026.501465	-99.234215
8031.884766	-98.972839
8037.268066	-98.789925
8042.651367	-99.202637
8048.034668	-98.949112
8053.417969	-98.352341
8058.801270	-98.173195
8064.184570	-98.632492
8069.567871	-99.020683
8074.951172	-98.260727
8080.334473	-98.049057
8085.717773	-99.438286
8091.101074	-99.124832
8096.484375	-98.980461
8101.867676	-99.003021
8107.250977	-98.643951
8112.634277	-98.919235
8118.017578	-98.445831
8123.400879	-98.785172
8128.784180	-98.375885
8134.167480	-98.599632
8139.550781	-99.610825
8144.934082	-99.351570
8150.317383	-98.959221
8155.700684	-98.852394
8161.083984	-99.230988
8166.467285	-99.178665
8171.850586	-98.836128
8177.233887	-98.411064
8182.617188	-99.339279
8188.000488	-98.940025
8193.383789	-98.648247
8198.767090	-98.926598
8204.150391	-98.985855
8209.533691	-98.399208
8214.916992	-98.506363
8220.300293	-99.262123
8225.683594	-99.556534
8231.066895	-100.307167
8236.450195	-99.733063
8241.833496	-98.861725
8247.216797	-99.092171
8252.600098	-99.032410
8257.983398	-98.414139
8263.366699	-98.279198
8268.750000	-99.197624
8274.133301	-99.121910
8279.516602	-98.448433
8284.899902	-99.062691
8290.283203	-99.182465
8295.666504	-99.257019
8301.049805	-100.263199
8306.433105	-100.113892
8311.816406	-99.547142
8317.199707	-98.984535
8322.583008	-99.173744
8327.966309	-99.071617
8333.349609	-98.711952
8338.732910	-98.887329
8344.116211	-98.870087
8349.499512	-98.609749
8354.882812	-99.050140
8360.266113	-99.099983
8365.649414	-98.917175
8371.032715	-98.819977
8376.416016	-98.655716
8381.799316	-99.227760
8387.182617	-99.070465
8392.565918	-98.773758
8397.949219	-98.887802
8403.332520	-99.589706
8408.715820	-99.160110
8414.099121	-98.973587
8419.482422	-99.357178
8424.865723	-99.296097
8430.249023	-98.815048
8435.632324	-99.012573
8441.015625	-99.258621
8446.398926	-99.118416
8451.782227	-98.717690
8457.165527	-92.294540
8462.548828	-92.779968
8467.932129	-99.225800
8473.315430	-99.758614
8478.698730	-99.822845
8484.082031	-98.360619
8489.465332	-98.053406
8494.848633	-99.708847
8500.231934	-99.023079
8505.615234	-99.581161
8510.998535	-99.132095
8516.381836	-99.322746
8521.765137	-99.632568
8527.148438	-99.367157
8532.531738	-99.318420
8537.915039	-99.111565
8543.298340	-98.738182
8548.681641	-99.159340
8554.064941	-99.641754
8559.448242	-99.531837
8564.831543	-99.456024
8570.214844	-98.961136
8575.598145	-98.907104
8580.981445	-99.414772
8586.364746	-99.405106
8591.748047	-99.147156
8597.131348	-99.126976
8602.514648	-99.685188
8607.897949	-100.412231
8613.281250	-100.431892
8618.664551	-99.740768
8624.047852	-100.187950
8629.431152	-99.471947
8634.814453	-99.255081
8640.197754	-99.402649
8645.581055	-99.521126
8650.964355	-100.051086
8656.347656	-99.890358
8661.730957	-99.387688
8667.114258	-99.104134
8672.497559	-99.308754
8677.880859	-98.925583
8683.264160	-98.854012
8688.647461	-99.508064
8694.030762	-99.491394
8699.414062	-99.303337
8704.797363	-99.471252
8710.180664	-99.050705
8715.563965	-99.517387
8720.947266	-99.147942
8726.330566	-99.254410
8731.713867	-99.396149
8737.097168	-99.755722
8742.480469	-99.703224
8747.863770	-98.918518
8753.247070	-98.936539
8758.630371	-99.568192
8764.013672	-99.966187
8769.396973	-99.399147
8774.780273	-99.251869
8780.163574	-99.739548
8785.546875	-99.698738
8790.930176	-99.496315
8796.313477	-99.209038
8801.696777	-98.986565
8807.080078	-99.311981
8812.463379	-99.541595
8817.846680	-99.488152
8823.229980	-99.557663
8828.613281	-99.231491
8833.996582	-99.091637
8839.379883	-99.147705
8844.763184	-99.230133
8850.146484	-99.121941
8855.529785	-98.990288
8860.913086	-99.117561
8866.296387	-98.740196
8871.679688	-98.785797
8877.062988	-98.633911
8882.446289	-99.115997
8887.829590	-99.261032
8893.212891	-99.320328
8898.596191	-99.404648
8903.979492	-98.955536
8909.362793	-98.570717
8914.746094	-98.441917
8920.129395	-99.236343
8925.512695	-98.965370
8930.895996	-98.784691
8936.279297	-99.152489
8941.662598	-99.635277
8947.045898	-99.108139
8952.429199	-99.385635
8957.812500	-99.610107
8963.195801	-99.748199
8968.579102	-99.727760
8973.962402	-99.429436
8979.345703	-98.948097
8984.729004	-99.078072
8990.112305	-98.936172
8995.495605	-99.087288
9000.878906	-98.935173
9006.262207	-99.279686
9011.645508	-99.063812
9017.028809	-98.917389
9022.412109	-99.337891
9027.795410	-99.452438
9033.178711	-98.907051
9038.562012	-98.655640
9043.945312	-99.059647
9049.328613	-98.993805
9054.711914	-99.332291
9060.095215	-99.186012
9065.478516	-99.074028
9070.861816	-99.376640
9076.245117	-99.405037
9081.628418	-98.630096
9087.011719	-98.808640
9092.395020	-99.212761
9097.778320	-99.389122
9103.161621	-99.060989
9108.544922	-99.494904
9113.928223	-99.493149
9119.311523	-99.097359
9124.694824	-98.555237
9130.078125	-99.144447
9135.461426	-99.032875
9140.844727	-99.317062
9146.228027	-99.272964
9151.611328	-99.404373
9156.994629	-98.876297
9162.377930	-99.079048
9167.761230	-99.621109
9173.144531	-100.287163
9178.527832	-99.520142
9183.911133	-98.840042
9189.294434	-99.847969
9194.677734	-99.768639
9200.061035	-98.412163
9205.444336	-98.740166
9210.827637	-99.435379
9216.210938	-98.968758
9221.594238	-99.803299
9226.977539	-99.952209
9232.360840	-99.595032
9237.744141	-100.123848
9243.127441	-99.463387
9248.510742	-99.015282
9253.894043	-99.154053
9259.277344	-99.441452
9264.660645	-99.882545
9270.043945	-99.715439
9275.427246	-99.776466
9280.810547	-99.326462
9286.193848	-99.195602
9291.577148	-99.918861
9296.960449	-99.481148
9302.343750	-99.201096
9307.727051	-99.300964
9313.110352	-99.746407
9318.493652	-99.272125
9323.876953	-99.170532
9329.260254	-99.525185
9334.643555	-98.898140
9340.026855	-98.408241
9345.410156	-98.816872
9350.793457	-99.332321
9356.176758	-99.886589
9361.560059	-99.488174
9366.943359	-99.415794
9372.326660	-99.928879
9377.709961	-99.785652
9383.093262	-99.204163
9388.476562	-98.823547
9393.859863	-98.642281
9399.243164	-99.075768
9404.626465	-100.280014
9410.009766	-99.379066
9415.393066	-99.168976
9420.776367	-99.013992
9426.159668	-98.886620
9431.542969	-98.429039
9436.926270	-99.261078
9442.309570	-99.604622
9447.692871	-99.512901
9453.076172	-98.739792
9458.459473	-99.263885
9463.842773	-98.997696
9469.226074	-99.053596
9474.609375	-99.755341
9479.992676	-99.392494
9485.375977	-99.384087
9490.759277	-99.415169
9496.142578	-99.237183
9501.525879	-99.023621
9506.909180	-99.417038
9512.292480	-99.098389
9517.675781	-100.025398
9523.059082	-99.500061
9528.442383	-98.663231
9533.825684	-99.459373
9539.208984	-99.490448
9544.592285	-99.364006
9549.975586	-99.478287
9555.358887	-99.727196
9560.742188	-99.576546
9566.125488	-99.057198
9571.508789	-98.549484
9576.892090	-99.018913
9582.275391	-99.462654
9587.658691	-99.622787
9593.041992	-99.090721
9598.425293	-99.358948
9603.808594	-99.278671
9609.191895	-99.427567
9614.575195	-99.476845
9619.958496	-98.948090
9625.341797	-99.163414
9630.725098	-98.981346
9636.108398	-98.851799
9641.491699	-98.962990
9646.875000	-99.441902
9652.258301	-99.577354
9657.641602	-99.200729
9663.024902	-99.469154
9668.408203	-99.395630
9673.791504	-100.219810
9679.174805	-99.140930
9684.558105	-98.909782
9689.941406	-99.210503
9695.324707	-99.261116
9700.708008	-98.812233
9706.091309	-99.500870
9711.474609	-99.510384
9716.857910	-99.083351
9722.241211	-98.998070
9727.624512	-100.063812
9733.007812	-99.380325
9738.391113	-99.595360
9743.774414	-99.828300
9749.157715	-99.396088
9754.541016	-99.384132
9759.924316	-99.342148
9765.307617	-99.120979
9770.690918	-98.692154
9776.074219	-98.296478
9781.457520	-98.825073
9786.840820	-99.763382
9792.224121	-100.016533
9797.607422	-99.748581
9802.990723	-99.529640
9808.374023	-99.753860
9813.757324	-99.322762
9819.140625	-98.698715
9824.523926	-99.647644
9829.907227	-99.554848
9835.290527	-99.969109
9840.673828	-100.312668
9846.057129	-99.419029
9851.440430	-99.640114
9856.823730	-99.595169
9862.207031	-99.358215
9867.590332	-99.417915
9872.973633	-99.587936
9878.356934	-99.430550
9883.740234	-98.915504
9889.123535	-99.104843
9894.506836	-98.649803
9899.890137	-98.827538
9905.273438	-99.395897
9910.656738	-99.518555
9916.040039	-99.355667
9921.423340	-98.815643
9926.806641	-98.986244
9932.189941	-99.064705
9937.573242	-99.206192
9942.956543	-99.202965
9948.339844	-99.157036
9953.723145	-99.685188
9959.106445	-99.464600
9964.489746	-99.174942
9969.873047	-98.557411
9975.256348	-98.891823
9980.639648	-99.546959
9986.022949	-99.559692
9991.406250	-99.376518
9996.789551	-98.886459
10002.172852	-99.206902
10007.556152	-99.700195
10012.939453	-99.375137
10018.322754	-99.049698
10023.706055	-99.885689
10029.089355	-99.453224
10034.472656	-98.560593
10039.855957	-99.076149
10045.239258	-98.804619
10050.622559	-98.945618
10056.005859	-99.272133
10061.389160	-99.305557
10066.772461	-99.262764
10072.155762	-99.179123
10077.539062	-99.420380
10082.922363	-99.689720
10088.305664	-99.050613
10093.688965	-98.940788
10099.072266	-98.980652
10104.455566	-98.299164
10109.838867	-98.633392
10115.222168	-98.803993
10120.605469	-98.491844
10125.988770	-99.023697
10131.372070	-99.017845
10136.755371	-98.774300
10142.138672	-98.451042
10147.521973	-98.426537
10152.905273	-99.230942
10158.288574	-99.490631
10163.671875	-99.499496
10169.055176	-99.467163
10174.438477	-99.212257
10179.821777	-99.129669
10185.205078	-98.825302
10190.588379	-98.962891
10195.971680	-100.065269
10201.354980	-99.932076
10206.738281	-98.863625
10212.121582	-99.232117
10217.504883	-99.677940
10222.888184	-99.917404
10228.271484	-99.252190
10233.654785	-99.240952
10239.038086	-99.506020
10244.421387	-99.541634
10249.804688	-99.761124
10255.187988	-99.482658
10260.571289	-98.979164
10265.954590	-98.690598
10271.337891	-98.723129
10276.721191	-98.615448
10282.104492	-98.497856
10287.487793	-99.000092
10292.871094	-99.496307
10298.254395	-98.736145
10303.637695	-98.731117
10309.020996	-99.687889
10314.404297	-99.313477
10319.787598	-98.552841
10325.170898	-98.687065
10330.554199	-98.996597
10335.937500	-99.026978
10341.320801	-99.270622
10346.704102	-99.018326
10352.087402	-99.050377
10357.470703	-99.764282
10362.854004	-99.648972
10368.237305	-98.500114
10373.620605	-98.841606
10379.003906	-99.516365
10384.387207	-98.935631
10389.770508	-98.768692
10395.153809	-99.025879
10400.537109	-99.500488
10405.920410	-99.416145
10411.303711	-99.609848
10416.687012	-99.237869
10422.070312	-99.204834
10427.453613	-98.832520
10432.836914	-98.433464
10438.220215	-98.519226
10443.603516	-98.919037
10448.986816	-99.083443
10454.370117	-99.347443
10459.753418	-99.032661
10465.136719	-98.921211
10470.520020	-98.558151
10475.903320	-99.010696
10481.286621	-99.257774
10486.669922	-98.905991
10492.053223	-98.518341
10497.436523	-99.106689
10502.819824	-99.276604
10508.203125	-98.937202
10513.586426	-99.344589
10518.969727	-99.388649
10524.353027	-99.346153
10529.736328	-98.815994
10535.119629	-99.033928
10540.502930	-99.292915
10545.886230	-99.409851
10551.269531	-98.999489
10556.652832	-98.528633
10562.036133	-99.395493
10567.419434	-98.942215
10572.802734	-98.947968
10578.186035	-99.110100
10583.569336	-98.872009
10588.952637	-98.932938
10594.335938	-99.041039
10599.719238	-99.077644
10605.102539	-99.529060
10610.485840	-99.274292
10615.869141	-99.337799
10621.252441	-98.966110
10626.635742	-98.735001
10632.019043	-99.028938
10637.402344	-98.756203
10642.785645	-98.870193
10648.168945	-99.086060
10653.552246	-99.295837
10658.935547	-99.323944
10664.318848	-99.380417
10669.702148	-99.634850
10675.085449	-99.318756
10680.468750	-99.320793
10685.852051	-99.299744
10691.235352	-99.305328
10696.618652	-98.916145
10702.001953	-98.949364
10707.385254	-99.008186
10712.768555	-99.462318
10718.151855	-99.193481
10723.535156	-98.938141
10728.918457	-98.598610
10734.301758	-98.175690
10739.685059	-98.743484
10745.068359	-98.987465
10750.451660	-98.810303
10755.834961	-98.679771
10761.218262	-98.782059
10766.601562	-99.953323
10771.984863	-99.363403
10777.368164	-99.099495
10782.751465	-99.468742
10788.134766	-98.938377
10793.518066	-98.926918
10798.901367	-99.033432
10804.284668	-99.807831
10809.667969	-99.218666
10815.051270	-99.180664
10820.434570	-99.141975
10825.817871	-99.125008
10831.201172	-99.324203
10836.584473	-99.663277
10841.967773	-98.744774
10847.351074	-99.429878
10852.734375	-99.056290
10858.117676	-98.423859
10863.500977	-99.232613
10868.884277	-98.981979
10874.267578	-98.702950
10879.650879	-98.718513
10885.034180	-99.695648
10890.417480	-99.579956
10895.800781	-99.151863
10901.184082	-98.814003
10906.567383	-98.685440
10911.950684	-99.068306
10917.333984	-99.494308
10922.717285	-98.789505
10928.100586	-99.356949
10933.483887	-99.130661
10938.867188	-98.843933
10944.250488	-99.135338
10949.633789	-99.327789
10955.017090	-98.904068
10960.400391	-98.540054
10965.783691	-98.815247
10971.166992	-99.224396
10976.550293	-98.544411
10981.933594	-98.878571
10987.316895	-99.516808
10992.700195	-99.778580
10998.083496	-99.935822
11003.466797	-99.158516
11008.850098	-98.695908
11014.233398	-98.890327
11019.616699	-99.739326
11025.000000	-98.838097
11030.383301	-98.884560
11035.766602	-99.079201
11041.149902	-98.562820
11046.533203	-98.494942
11051.916504	-99.143494
11057.299805	-98.637230
11062.683105	-98.902229
11068.066406	-99.237617
11073.449707	-99.206665
11078.833008	-99.180603
11084.216309	-98.656120
11089.599609	-98.618134
11094.982910	-98.847366
11100.366211	-98.923279
11105.749512	-98.934746
11111.132812	-99.205231
11116.516113	-99.681580
11121.899414	-99.357513
11127.282715	-99.377907
11132.666016	-99.173637
11138.049316	-99.284157
11143.432617	-99.335419
11148.815918	-99.257317
11154.199219	-99.397095
11159.582520	-99.150932
11164.965820	-98.901016
11170.349121	-98.769905
11175.732422	-98.316757
11181.115723	-98.779526
11186.499023	-98.627007
11191.882324	-99.198677
11197.265625	-99.843971
11202.648926	-99.727005
11208.032227	-99.585335
11213.415527	-98.900604
11218.798828	-99.141869
11224.182129	-99.212914
11229.565430	-98.998070
11234.948730	-98.640106
11240.332031	-98.979622
11245.715332	-99.426147
11251.098633	-98.830956
11256.481934	-98.754646
11261.865234	-99.454552
11267.248535	-99.048737
11272.631836	-99.065765
11278.015137	-98.704865
11283.398438	-98.675888
11288.781738	-99.384697
11294.165039	-99.275482
11299.548340	-99.294731
11304.931641	-99.415962
11310.314941	-99.678940
11315.698242	-99.693130
11321.081543	-98.981949
11326.464844	-98.412094
11331.848145	-98.448906
11337.231445	-99.220383
11342.614746	-99.452042
11347.998047	-98.691666
11353.381348	-98.583412
11358.764648	-99.032944
11364.147949	-98.883087
11369.531250	-98.871750
11374.914551	-99.097069
11380.297852	-99.101517
11385.681152	-98.464127
11391.064453	-98.789009
11396.447754	-98.567978
11401.831055	-98.799873
11407.214355	-99.231689
11412.597656	-99.240982
11417.980957	-98.946609
11423.364258	-99.291351
11428.747559	-99.208618
11434.130859	-99.012741
11439.514160	-99.411385
11444.897461	-98.860275
11450.280762	-98.873497
11455.664062	-99.423393
11461.047363	-99.033020
11466.430664	-98.898430
11471.813965	-98.634743
11477.197266	-98.760384
11482.580566	-98.833588
11487.963867	-98.489868
11493.347168	-99.146866
11498.730469	-99.248909
11504.113770	-99.381638
11509.497070	-99.334480
11514.880371	-99.403046
11520.263672	-99.176437
11525.646973	-98.580193
11531.030273	-99.218559
11536.413574	-99.213028
11541.796875	-98.482132
11547.180176	-98.132607
11552.563477	-98.818344
11557.946777	-99.001450
11563.330078	-98.908600
11568.713379	-99.141190
11574.096680	-98.522926
11579.479980	-98.437965
11584.863281	-98.506027
11590.246582	-98.125084
11595.629883	-98.453247
11601.013184	-98.285919
11606.396484	-98.350258
11611.779785	-98.538193
11617.163086	-98.646706
11622.546387	-98.797646
11627.929688	-99.368256
11633.312988	-98.835892
11638.696289	-98.657097
11644.079590	-99.485077
11649.462891	-99.376228
11654.846191	-99.417198
11660.229492	-98.914291
11665.612793	-98.809715
11670.996094	-98.935448
11676.379395	-98.675858
11681.762695	-98.386917
11687.145996	-99.079956
11692.529297	-98.564972
11697.912598	-98.799744
11703.295898	-98.943535
11708.679199	-98.895195
11714.062500	-98.829941
11719.445801	-98.835754
11724.829102	-98.646736
11730.212402	-98.866737
11735.595703	-99.176949
11740.979004	-99.486465
11746.362305	-98.714104
11751.745605	-98.147713
11757.128906	-98.031052
11762.512207	-98.257927
11767.895508	-98.357391
11773.278809	-98.573433
11778.662109	-98.285599
11784.045410	-98.324387
11789.428711	-99.061859
11794.812012	-98.858498
11800.195312	-98.972771
11805.578613	-98.904968
11810.961914	-98.852348
11816.345215	-98.996399
11821.728516	-98.801514
11827.111816	-98.408607
11832.495117	-98.907776
11837.878418	-98.728584
11843.261719	-98.400558
11848.645020	-98.267761
11854.028320	-98.699272
11859.411621	-98.243584
11864.794922	-98.106979
11870.178223	-98.793922
11875.561523	-99.170799
11880.944824	-98.518066
11886.328125	-98.545929
11891.711426	-99.097404
11897.094727	-99.482140
11902.478027	-98.559586
11907.861328	-98.548531
11913.244629	-98.798119
11918.627930	-99.309395
11924.011230	-98.768463
11929.394531	-98.946831
11934.777832	-98.680534
11940.161133	-98.792610
11945.544434	-98.319862
11950.927734	-98.659279
11956.311035	-98.449982
11961.694336	-97.970047
11967.077637	-98.250725
11972.460938	-98.193550
11977.844238	-97.798088
11983.227539	-98.201836
11988.610840	-98.265755
11993.994141	-98.709793
11999.377441	-98.560402
12004.760742	-98.114761
12010.144043	-97.976768
12015.527344	-98.946815
12020.910645	-98.486336
12026.293945	-98.473686
12031.677246	-98.345978
12037.060547	-98.295181
12042.443848	-97.981941
12047.827148	-98.396881
12053.210449	-98.561325
12058.593750	-98.227356
12063.977051	-98.899483
12069.360352	-98.904480
12074.743652	-98.184402
12080.126953	-98.129295
12085.510254	-98.565063
12090.893555	-98.589905
12096.276855	-99.102058
12101.660156	-98.990326
12107.043457	-98.835594
12112.426758	-98.512230
12117.810059	-98.811577
12123.193359	-98.832901
12128.576660	-98.046150
12133.959961	-98.630585
12139.343262	-98.650558
12144.726562	-98.622887
12150.109863	-98.487518
12155.493164	-97.929672
12160.876465	-98.516197
12166.259766	-98.380249
12171.643066	-98.196251
12177.026367	-98.560516
12182.409668	-98.657188
12187.792969	-99.504745
12193.176270	-98.623459
12198.559570	-97.804581
12203.942871	-97.840874
12209.326172	-98.373344
12214.709473	-98.143669
12220.092773	-98.054771
12225.476074	-98.557137
12230.859375	-98.793762
12236.242676	-98.826218
12241.625977	-98.733322
12247.009277	-98.556618
12252.392578	-98.563370
12257.775879	-98.297615
12263.159180	-98.050499
12268.542480	-98.459373
12273.925781	-98.665932
12279.309082	-98.648582
12284.692383	-99.085533
12290.075684	-98.593216
12295.458984	-98.919106
12300.842285	-98.942993
12306.225586	-98.469498
12311.608887	-98.708321
12316.992188	-98.690010
12322.375488	-98.687935
12327.758789	-99.007011
12333.142090	-99.208580
12338.525391	-99.137161
12343.908691	-98.827263
12349.291992	-98.831619
12354.675293	-98.643555
12360.058594	-98.936470
12365.441895	-98.983047
12370.825195	-98.797890
12376.208496	-98.670700
12381.591797	-98.584747
12386.975098	-98.823196
12392.358398	-98.149162
12397.741699	-98.115723
12403.125000	-98.565056
12408.508301	-98.189522
12413.891602	-98.533859
12419.274902	-99.385132
12424.658203	-98.895836
12430.041504	-98.539528
12435.424805	-98.131645
12440.808105	-98.493919
12446.191406	-99.200623
12451.574707	-98.717949
12456.958008	-98.537453
12462.341309	-98.148727
12467.724609	-97.868805
12473.107910	-98.337883
12478.491211	-98.046028
12483.874512	-97.934410
12489.257812	-98.711418
12494.641113	-97.637596
12500.024414	-97.896072
12505.407715	-98.685814
12510.791016	-98.547813
12516.174316	-98.202660
12521.557617	-98.508064
12526.940918	-98.715981
12532.324219	-98.940048
12537.707520	-98.587135
12543.090820	-98.353401
12548.474121	-98.403252
12553.857422	-99.256958
12559.240723	-98.892502
12564.624023	-99.082527
12570.007324	-98.757812
12575.390625	-98.331589
12580.773926	-98.412506
12586.157227	-99.181747
12591.540527	-99.113640
12596.923828	-99.344833
12602.307129	-99.307304
12607.690430	-98.774681
12613.073730	-98.610352
12618.457031	-99.053032
12623.840332	-99.313652
12629.223633	-98.795349
12634.606934	-98.610580
12639.990234	-99.214630
12645.373535	-98.700256
12650.756836	-98.704994
12656.140137	-99.395851
12661.523438	-99.145866
12666.906738	-99.036835
12672.290039	-98.950409
12677.673340	-98.232674
12683.056641	-98.351570
12688.439941	-98.646690
12693.823242	-99.277878
12699.206543	-98.686905
12704.589844	-98.503670
12709.973145	-98.663368
12715.356445	-99.038383
12720.739746	-98.825195
12726.123047	-98.706680
12731.506348	-98.947716
12736.889648	-99.258202
12742.272949	-99.235153
12747.656250	-98.968620
12753.039551	-98.971649
12758.422852	-99.417328
12763.806152	-99.344727
12769.189453	-99.238701
12774.572754	-99.192284
12779.956055	-99.006302
12785.339355	-99.230270
12790.722656	-99.186058
12796.105957	-99.193794
12801.489258	-99.563126
12806.872559	-99.407784
12812.255859	-99.146111
12817.639160	-99.329605
12823.022461	-99.287598
12828.405762	-98.872520
12833.789062	-99.489761
12839.172363	-99.237862
12844.555664	-98.857597
12849.938965	-98.931740
12855.322266	-99.208488
12860.705566	-99.208916
12866.088867	-99.098907
12871.472168	-99.825142
12876.855469	-99.142395
12882.238770	-99.166122
12887.622070	-99.651901
12893.005371	-99.619545
12898.388672	-98.714630
12903.771973	-98.776451
12909.155273	-99.358070
12914.538574	-99.575500
12919.921875	-99.683945
12925.305176	-99.032951
12930.688477	-99.453224
12936.071777	-99.603699
12941.455078	-99.594208
12946.838379	-99.541763
12952.221680	-99.392540
12957.604980	-98.308548
12962.988281	-97.528999
12968.371582	-97.730362
12973.754883	-98.377884
12979.138184	-98.894821
12984.521484	-98.613312
12989.904785	-98.789185
12995.288086	-98.766060
13000.671387	-98.759102
13006.054688	-98.890427
13011.437988	-99.568771
13016.821289	-99.380142
13022.204590	-99.510040
13027.587891	-99.786407
13032.971191	-98.788239
13038.354492	-98.849258
13043.737793	-99.475220
13049.121094	-99.860771
13054.504395	-100.074402
13059.887695	-99.601669
13065.270996	-99.657852
13070.654297	-99.069122
13076.037598	-98.740746
13081.420898	-99.203285
13086.804199	-99.271751
13092.187500	-99.240234
13097.570801	-99.345627
13102.954102	-98.555641
13108.337402	-98.918556
13113.720703	-99.673248
13119.104004	-98.826912
13124.487305	-98.902534
13129.870605	-99.094688
13135.253906	-99.672745
13140.637207	-99.342468
13146.020508	-98.908081
13151.403809	-99.224777
13156.787109	-99.458893
13162.170410	-99.158981
13167.553711	-98.596710
13172.937012	-98.339600
13178.320312	-99.123070
13183.703613	-99.526070
13189.086914	-99.564682
13194.470215	-99.338989
13199.853516	-99.030617
13205.236816	-99.271278
13210.620117	-99.042435
13216.003418	-98.844269
13221.386719	-99.013641
13226.770020	-99.638237
13232.153320	-99.395210
13237.536621	-98.885460
13242.919922	-98.996407
13248.303223	-99.526924
13253.686523	-99.007103
13259.069824	-99.813416
13264.453125	-100.129944
13269.836426	-99.809219
13275.219727	-99.892097
13280.603027	-100.192543
13285.986328	-99.790993
13291.369629	-99.882507
13296.752930	-99.648308
13302.136230	-98.918518
13307.519531	-98.919220
13312.902832	-99.047729
13318.286133	-98.753685
13323.669434	-97.926262
13329.052734	-98.783241
13334.436035	-99.207352
13339.819336	-99.062752
13345.202637	-99.172729
13350.585938	-99.280052
13355.969238	-99.381271
13361.352539	-99.561371
13366.735840	-99.992928
13372.119141	-99.556114
13377.502441	-98.951347
13382.885742	-99.397644
13388.269043	-99.747734
13393.652344	-99.270012
13399.035645	-99.738518
13404.418945	-98.860138
13409.802246	-98.885391
13415.185547	-99.271248
13420.568848	-99.670349
13425.952148	-99.737801
13431.335449	-98.849068
13436.718750	-99.226242
13442.102051	-99.395164
13447.485352	-99.386299
13452.868652	-98.911758
13458.251953	-98.063744
13463.635254	-97.555237
13469.018555	-99.006866
13474.401855	-98.619644
13479.785156	-98.831421
13485.168457	-100.028641
13490.551758	-99.501007
13495.935059	-99.512817
13501.318359	-99.576965
13506.701660	-99.659058
13512.084961	-99.701416
13517.468262	-99.343422
13522.851562	-99.283798
13528.234863	-99.780312
13533.618164	-99.887688
13539.001465	-99.116631
13544.384766	-97.595528
13549.768066	-98.343262
13555.151367	-98.711639
13560.534668	-99.227203
13565.917969	-98.394669
13571.301270	-97.042816
13576.684570	-98.303825
13582.067871	-99.131927
13587.451172	-98.387985
13592.834473	-98.691910
13598.217773	-98.873314
13603.601074	-99.632629
13608.984375	-99.887558
13614.367676	-99.410492
13619.750977	-99.305382
13625.134277	-99.188797
13630.517578	-99.400475
13635.900879	-99.237450
13641.284180	-99.613884
13646.667480	-99.721115
13652.050781	-98.583687
13657.434082	-98.172729
13662.817383	-98.638161
13668.200684	-99.345566
13673.583984	-99.746696
13678.967285	-99.378380
13684.350586	-99.986412
13689.733887	-99.750626
13695.117188	-98.754471
13700.500488	-99.617043
13705.883789	-99.641289
13711.267090	-99.294083
13716.650391	-99.589401
13722.033691	-98.911415
13727.416992	-98.638435
13732.800293	-99.111542
13738.183594	-98.258919
13743.566895	-99.271896
13748.950195	-99.161179
13754.333496	-99.841492
13759.716797	-99.875916
13765.100098	-99.833542
13770.483398	-99.666687
13775.866699	-99.065002
13781.250000	-99.197418
13786.633301	-99.146881
13792.016602	-98.897133
13797.399902	-99.016830
13802.783203	-99.562004
13808.166504	-99.601845
13813.549805	-99.607857
13818.933105	-99.846283
13824.316406	-100.306236
13829.699707	-99.579140
13835.083008	-99.033936
13840.466309	-99.317108
13845.849609	-99.657097
13851.232910	-99.686562
13856.616211	-99.819954
13861.999512	-100.134315
13867.382812	-99.946442
13872.766113	-99.251060
13878.149414	-99.747566
13883.532715	-100.005569
13888.916016	-99.697151
13894.299316	-99.433784
13899.682617	-99.342590
13905.065918	-99.416069
13910.449219	-99.826462
13915.832520	-100.370178
13921.215820	-100.483650
13926.599121	-100.361275
13931.982422	-100.036217
13937.365723	-100.538582
13942.749023	-100.198738
13948.132324	-99.815994
13953.515625	-99.900146
13958.898926	-100.397804
13964.282227	-100.252907
13969.665527	-99.975555
13975.048828	-99.739426
13980.432129	-100.035057
13985.815430	-100.269814
13991.198730	-99.912811
13996.582031	-99.330406
14001.965332	-100.245903
14007.348633	-100.253677
14012.731934	-99.831047
14018.115234	-100.156784
14023.498535	-100.104843
14028.881836	-99.525169
14034.265137	-99.890266
14039.648438	-99.688377
14045.031738	-99.582230
14050.415039	-99.593155
14055.798340	-99.196602
14061.181641	-99.101944
14066.564941	-100.268539
14071.948242	-100.323898
14077.331543	-100.101654
14082.714844	-100.061615
14088.098145	-100.116257
14093.481445	-100.027855
14098.864746	-99.673927
14104.248047	-99.933540
14109.631348	-100.468361
14115.014648	-99.879120
14120.397949	-99.794609
14125.781250	-100.056786
14131.164551	-99.787704
14136.547852	-99.826080
14141.931152	-99.753113
14147.314453	-99.508102
14152.697754	-99.849442
14158.081055	-99.827042
14163.464355	-99.235054
14168.847656	-99.694519
14174.230957	-100.063721
14179.614258	-99.822105
14184.997559	-100.115242
14190.380859	-99.409378
14195.764160	-99.492226
14201.147461	-99.221024
14206.530762	-99.475525
14211.914062	-99.439613
14217.297363	-99.369438
14222.680664	-99.523544
14228.063965	-99.650467
14233.447266	-99.659103
14238.830566	-100.010460
14244.213867	-100.512840
14249.597168	-100.149605
14254.980469	-100.256348
14260.363770	-100.060333
14265.747070	-99.729286
14271.130371	-98.769913
14276.513672	-99.047699
14281.896973	-99.840988
14287.280273	-99.691673
14292.663574	-100.051064
14298.046875	-99.668503
14303.430176	-99.558678
14308.813477	-99.502769
14314.196777	-99.469093
14319.580078	-100.026848
14324.963379	-99.809555
14330.346680	-100.572609
14335.729980	-100.783524
14341.113281	-100.492798
14346.496582	-99.490776
14351.879883	-99.648125
14357.263184	-99.788284
14362.646484	-100.325813
14368.029785	-99.540970
14373.413086	-99.517372
14378.796387	-99.404282
14384.179688	-99.976875
14389.562988	-100.278366
14394.946289	-99.933006
14400.329590	-99.799744
14405.712891	-99.600594
14411.096191	-100.258705
14416.479492	-99.864182
14421.862793	-99.831688
14427.246094	-99.857529
14432.629395	-99.789177
14438.012695	-99.608459
14443.395996	-99.745323
14448.779297	-99.918770
14454.162598	-99.375023
14459.545898	-99.525810
14464.929199	-100.166862
14470.312500	-100.015068
14475.695801	-99.818886
14481.079102	-99.864983
14486.462402	-99.146118
14491.845703	-99.548050
14497.229004	-100.146271
14502.612305	-99.452187
14507.995605	-99.290024
14513.378906	-99.641647
14518.762207	-99.478256
14524.145508	-99.083733
14529.528809	-99.268463
14534.912109	-100.019714
14540.295410	-99.457314
14545.678711	-99.329384
14551.062012	-99.007927
14556.445312	-99.942596
14561.828613	-99.401634
14567.211914	-98.968773
14572.595215	-99.586830
14577.978516	-100.319855
14583.361816	-100.208961
14588.745117	-100.035248
14594.128418	-100.145454
14599.511719	-99.871666
14604.895020	-99.293015
14610.278320	-99.652046
14615.661621	-100.065102
14621.044922	-99.263641
14626.428223	-99.375648
14631.811523	-99.287064
14637.194824	-99.196274
14642.578125	-99.278038
14647.961426	-100.147385
14653.344727	-100.131088
14658.728027	-100.031670
14664.111328	-99.849808
14669.494629	-99.197243
14674.877930	-98.975098
14680.261230	-96.256912
14685.644531	-96.244057
14691.027832	-99.804146
14696.411133	-99.819748
14701.794434	-99.414261
14707.177734	-99.764122
14712.561035	-99.699203
14717.944336	-99.775269
14723.327637	-99.399719
14728.710938	-99.982849
14734.094238	-99.879166
14739.477539	-100.393143
14744.860840	-100.503212
14750.244141	-99.702194
14755.627441	-99.649574
14761.010742	-99.888771
14766.394043	-99.624146
14771.777344	-99.845139
14777.160645	-99.796013
14782.543945	-99.745659
14787.927246	-99.468849
14793.310547	-99.374115
14798.693848	-99.518921
14804.077148	-99.414925
14809.460449	-99.576988
14814.843750	-99.549431
14820.227051	-98.770943
14825.610352	-99.233467
14830.993652	-99.773598
14836.376953	-99.423302
14841.760254	-99.340691
14847.143555	-99.732162
14852.526855	-99.581688
14857.910156	-99.435608
14863.293457	-99.788658
14868.676758	-100.174988
14874.060059	-99.572067
14879.443359	-99.141037
14884.826660	-99.672897
14890.209961	-99.875458
14895.593262	-99.040771
14900.976562	-99.504005
14906.359863	-99.403015
14911.743164	-99.320038
14917.126465	-99.613350
14922.509766	-99.673851
14927.893066	-99.279556
14933.276367	-99.381401
14938.659668	-100.571045
14944.042969	-100.066353
14949.426270	-99.076645
14954.809570	-100.030685
14960.192871	-99.600624
14965.576172	-99.348305
14970.959473	-99.923508
14976.342773	-99.670219
14981.726074	-99.921677
14987.109375	-99.412430
14992.492676	-99.683098
14997.875977	-99.477036
15003.259277	-99.507256
15008.642578	-99.013062
15014.025879	-99.162392
15019.409180	-100.137428
15024.792480	-99.730560
15030.175781	-99.598000
15035.559082	-99.132935
15040.942383	-99.333069
15046.325684	-99.784134
15051.708984	-99.839867
15057.092285	-99.825272
15062.475586	-100.074471
15067.858887	-100.331779
15073.242188	-99.760811
15078.625488	-99.059059
15084.008789	-98.566345
15089.392090	-99.146744
15094.775391	-100.025009
15100.158691	-99.629959
15105.541992	-99.497490
15110.925293	-99.749390
15116.308594	-99.314430
15121.691895	-99.826653
15127.075195	-99.418098
15132.458496	-99.232811
15137.841797	-100.041306
15143.225098	-100.410118
15148.608398	-99.716881
15153.991699	-99.075851
15159.375000	-99.582794
15164.758301	-99.247322
15170.141602	-99.282555
15175.524902	-99.490265
15180.908203	-99.677841
15186.291504	-99.891983
15191.674805	-99.479126
15197.058105	-98.828590
15202.441406	-99.009911
15207.824707	-98.977356
15213.208008	-99.437088
15218.591309	-99.750977
15223.974609	-99.671425
15229.357910	-100.293846
15234.741211	-99.773438
15240.124512	-98.974442
15245.507812	-99.027519
15250.891113	-99.325371
15256.274414	-99.521408
15261.657715	-99.728203
15267.041016	-99.401382
15272.424316	-99.047043
15277.807617	-99.772896
15283.190918	-99.969925
15288.574219	-99.589760
15293.957520	-99.329521
15299.340820	-99.589989
15304.724121	-99.493774
15310.107422	-99.528374
15315.490723	-99.410828
15320.874023	-98.791588
15326.257324	-99.384369
15331.640625	-99.519867
15337.023926	-99.221565
15342.407227	-99.309593
15347.790527	-99.294022
15353.173828	-99.079094
15358.557129	-99.260391
15363.940430	-99.306717
15369.323730	-100.006035
15374.707031	-99.830124
15380.090332	-99.891457
15385.473633	-99.400017
15390.856934	-99.574997
15396.240234	-99.589081
15401.623535	-99.487686
15407.006836	-99.474808
15412.390137	-99.822800
15417.773438	-98.889664
15423.156738	-99.862038
15428.540039	-99.442810
15433.923340	-99.420616
15439.306641	-100.028648
15444.689941	-100.375572
15450.073242	-100.027176
15455.456543	-99.104919
15460.839844	-99.014297
15466.223145	-99.443626
15471.606445	-99.384056
15476.989746	-99.469780
15482.373047	-99.498016
15487.756348	-99.414246
15493.139648	-99.658546
15498.522949	-99.185585
15503.906250	-99.729561
15509.289551	-99.569138
15514.672852	-99.275772
15520.056152	-100.568039
15525.439453	-100.219002
15530.822754	-99.367226
15536.206055	-99.588211
15541.589355	-99.800125
15546.972656	-99.921410
15552.355957	-99.948158
15557.739258	-99.838379
15563.122559	-99.514198
15568.505859	-99.135330
15573.889160	-99.874786
15579.272461	-99.855377
15584.655762	-99.179428
15590.039062	-99.397377
15595.422363	-99.801331
15600.805664	-99.673668
15606.188965	-99.554947
15611.572266	-99.407585
15616.955566	-99.387466
15622.338867	-99.029991
15627.722168	-99.059532
15633.105469	-99.122551
15638.488770	-99.440178
15643.872070	-99.711098
15649.255371	-100.155220
15654.638672	-98.523834
15660.021973	-97.859451
15665.405273	-99.382439
15670.788574	-99.691788
15676.171875	-99.629677
15681.555176	-99.552650
15686.938477	-99.002907
15692.321777	-98.936226
15697.705078	-99.219048
15703.088379	-99.266579
15708.471680	-99.494247
15713.854980	-98.926216
15719.238281	-98.926537
15724.621582	-99.335266
15730.004883	-99.351852
15735.388184	-99.771141
15740.771484	-99.735268
15746.154785	-99.458847
15751.538086	-99.276390
15756.921387	-98.953049
15762.304688	-99.127335
15767.687988	-99.218811
15773.071289	-99.770683
15778.454590	-99.514801
15783.837891	-98.952644
15789.221191	-98.893265
15794.604492	-99.993927
15799.987793	-99.762321
15805.371094	-99.458633
15810.754395	-99.083710
15816.137695	-99.180374
15821.520996	-98.972839
15826.904297	-98.442154
15832.287598	-98.552139
15837.670898	-99.519958
15843.054199	-100.019745
15848.437500	-99.270699
15853.820801	-98.735153
15859.204102	-99.302307
15864.587402	-98.966827
15869.970703	-98.890167
15875.354004	-99.091370
15880.737305	-99.206512
15886.120605	-99.466576
15891.503906	-99.675430
15896.887207	-99.245911
15902.270508	-99.104263
15907.653809	-99.206978
15913.037109	-99.379730
15918.420410	-99.210335
15923.803711	-98.787567
15929.187012	-98.946411
15934.570312	-98.435127
15939.953613	-98.747498
15945.336914	-99.567154
15950.720215	-99.426979
15956.103516	-98.283783
15961.486816	-98.738029
15966.870117	-98.916245
15972.253418	-98.942970
15977.636719	-98.574173
15983.020020	-98.701416
15988.403320	-98.523460
15993.786621	-98.381767
15999.169922	-98.751678
16004.553223	-98.728706
16009.936523	-98.845161
16015.319824	-99.249954
16020.703125	-98.727875
16026.086426	-98.271133
16031.469727	-98.609474
16036.853027	-98.535667
16042.236328	-98.837364
16047.619629	-98.622543
16053.002930	-99.023354
16058.386230	-98.891327
16063.769531	-99.020302
16069.152832	-98.941879
16074.536133	-99.337601
16079.919434	-99.451385
16085.302734	-99.073357
16090.686035	-98.979233
16096.069336	-98.434830
16101.452637	-98.721985
16106.835938	-99.699089
16112.219238	-99.144043
16117.602539	-98.715508
16122.985840	-99.092667
16128.369141	-98.799583
16133.752441	-98.491241
16139.135742	-98.557434
16144.519043	-99.859169
16149.902344	-99.366661
16155.285645	-98.985832
16160.668945	-99.161522
16166.052246	-99.910370
16171.435547	-99.126221
16176.818848	-99.669678
16182.202148	-99.726974
16187.585449	-99.470886
16192.968750	-99.556206
16198.352051	-99.763252
16203.735352	-99.502525
16209.118652	-99.456688
16214.501953	-99.849060
16219.885254	-100.075745
16225.268555	-99.621780
16230.651855	-99.110817
16236.035156	-99.411255
16241.418457	-100.210655
16246.801758	-99.683914
16252.185059	-99.135712
16257.568359	-99.878700
16262.951660	-100.307816
16268.334961	-99.872665
16273.718262	-100.042068
16279.101562	-100.204575
16284.484863	-99.786469
16289.868164	-99.087631
16295.251465	-99.445572
16300.634766	-100.039291
16306.018066	-99.546387
16311.401367	-99.265388
16316.784668	-99.175865
16322.167969	-99.390083
16327.551270	-99.851242
16332.934570	-100.373474
16338.317871	-99.858566
16343.701172	-99.402748
16349.084473	-99.240334
16354.467773	-99.868843
16359.851074	-99.554855
16365.234375	-99.280861
16370.617676	-99.321289
16376.000977	-98.932281
16381.384277	-99.437553
16386.767578	-98.971436
16392.150879	-99.600807
16397.534180	-100.000824
16402.917480	-99.258430
16408.300781	-99.567833
16413.684082	-99.929749
16419.067383	-99.476326
16424.450684	-99.278969
16429.833984	-99.268448
16435.217285	-99.686829
16440.600586	-99.622818
16445.983887	-99.575829
16451.367188	-99.847633
16456.750488	-100.222054
16462.133789	-100.040253
16467.517090	-99.520279
16472.900391	-99.470718
16478.283691	-99.280457
16483.666992	-99.028961
16489.050293	-99.446014
16494.433594	-99.798920
16499.816895	-99.533966
16505.200195	-99.646805
16510.583496	-99.779968
16515.966797	-99.608917
16521.350098	-99.872009
16526.733398	-99.812294
16532.116699	-100.035889
16537.500000	-99.531822
16542.883301	-99.336746
16548.266602	-99.480736
16553.649902	-99.531044
16559.033203	-99.528442
16564.416504	-98.769287
16569.799805	-98.482475
16575.183105	-98.846222
16580.566406	-99.310562
16585.949707	-99.373314
16591.333008	-99.480331
16596.716309	-99.524239
16602.099609	-99.230148
16607.482910	-99.426498
16612.866211	-99.840439
16618.249512	-99.121964
16623.632812	-99.498138
16629.016113	-99.499611
16634.399414	-99.031197
16639.782715	-99.816376
16645.166016	-99.630539
16650.549316	-99.013489
16655.932617	-99.637245
16661.315918	-100.237404
16666.699219	-99.623940
16672.082520	-99.520500
16677.465820	-99.860863
16682.849121	-99.655342
16688.232422	-99.024384
16693.615723	-99.466805
16698.999023	-99.393410
16704.382324	-99.493385
16709.765625	-100.059708
16715.148926	-99.862679
16720.532227	-99.877861
16725.915527	-99.835800
16731.298828	-99.404495
16736.682129	-99.280891
16742.065430	-99.343903
16747.448730	-99.482056
16752.832031	-99.278740
16758.215332	-99.203979
16763.598633	-99.503479
16768.981934	-99.218124
16774.365234	-99.559235
16779.748535	-99.891258
16785.131836	-99.592422
16790.515137	-99.288361
16795.898438	-99.852753
16801.281738	-100.184402
16806.665039	-100.017113
16812.048340	-99.196060
16817.431641	-99.299004
16822.814941	-98.962120
16828.198242	-99.076668
16833.581543	-99.818108
16838.964844	-99.578026
16844.348145	-100.027718
16849.731445	-99.781685
16855.114746	-99.018631
16860.498047	-99.242409
16865.881348	-99.471031
16871.264648	-99.439003
16876.647949	-99.132957
16882.031250	-98.993477
16887.414551	-99.137436
16892.797852	-99.480705
16898.181152	-99.399979
16903.564453	-99.917877
16908.947754	-99.890289
16914.331055	-99.268692
16919.714355	-98.170357
16925.097656	-99.942284
16930.480957	-99.826332
16935.864258	-99.316704
16941.247559	-99.553421
16946.630859	-99.565269
16952.014160	-99.865944
16957.397461	-99.445236
16962.780762	-97.990715
16968.164062	-98.923561
16973.547363	-98.398811
16978.930664	-99.020874
16984.313965	-99.149025
16989.697266	-98.840904
16995.080566	-99.009056
17000.463867	-99.587410
17005.847168	-99.596115
17011.230469	-99.796265
17016.613770	-99.578766
17021.997070	-99.031448
17027.380371	-99.822357
17032.763672	-100.106750
17038.146973	-99.866997
17043.530273	-100.087791
17048.913574	-100.036125
17054.296875	-99.925247
17059.680176	-100.350143
17065.063477	-99.907265
17070.446777	-99.301521
17075.830078	-99.660507
17081.213379	-99.715355
17086.596680	-99.871361
17091.979980	-99.562965
17097.363281	-98.321198
17102.746582	-97.264633
17108.129883	-99.768852
17113.513184	-99.969902
17118.896484	-99.814262
17124.279785	-100.033882
17129.663086	-99.981949
17135.046387	-99.869652
17140.429688	-99.030746
17145.812988	-98.988419
17151.196289	-99.156433
17156.579590	-99.850807
17161.962891	-99.488472
17167.346191	-99.778587
17172.729492	-100.038857
17178.112793	-99.487190
17183.496094	-99.432861
17188.879395	-99.558281
17194.262695	-99.130768
17199.645996	-99.202141
17205.029297	-99.525375
17210.412598	-99.687714
17215.795898	-99.886093
17221.179199	-99.516769
17226.562500	-99.331093
17231.945801	-100.630066
17237.329102	-99.745041
17242.712402	-99.880157
17248.095703	-99.643646
17253.479004	-99.419601
17258.862305	-99.615685
17264.245605	-99.907265
17269.628906	-99.888275
17275.012207	-99.110306
17280.395508	-98.969231
17285.778809	-99.791039
17291.162109	-99.371063
17296.545410	-99.551552
17301.928711	-99.786118
17307.312012	-99.807449
17312.695312	-100.638344
17318.078613	-99.911728
17323.461914	-99.202011
17328.845215	-99.376663
17334.228516	-99.585266
17339.611816	-99.828407
17344.995117	-100.515526
17350.378418	-99.874588
17355.761719	-99.572464
17361.145020	-99.997414
17366.528320	-100.199333
17371.911621	-100.733192
17377.294922	-99.871567
17382.678223	-100.047432
17388.061523	-99.699387
17393.444824	-100.040573
17398.828125	-99.918068
17404.211426	-99.638008
17409.594727	-100.309113
17414.978027	-100.436020
17420.361328	-100.368431
17425.744629	-99.592941
17431.127930	-100.002487
17436.511230	-99.762047
17441.894531	-99.319763
17447.277832	-100.092041
17452.661133	-100.116203
17458.044434	-100.162605
17463.427734	-100.181755
17468.811035	-100.071541
17474.194336	-100.253845
17479.577637	-99.689865
17484.960938	-100.083778
17490.344238	-99.863953
17495.727539	-99.659721
17501.110840	-99.730133
17506.494141	-99.583847
17511.877441	-95.085236
17517.260742	-95.044014
17522.644043	-100.381165
17528.027344	-99.792946
17533.410645	-99.646400
17538.793945	-99.876801
17544.177246	-99.798645
17549.560547	-100.050591
17554.943848	-100.475403
17560.327148	-99.484482
17565.710449	-99.928284
17571.093750	-99.534180
17576.477051	-99.375610
17581.860352	-99.287743
17587.243652	-99.241028
17592.626953	-99.759735
17598.010254	-100.238876
17603.393555	-100.018417
17608.776855	-99.751923
17614.160156	-100.002945
17619.543457	-100.154442
17624.926758	-100.007347
17630.310059	-99.605232
17635.693359	-99.793930
17641.076660	-99.920898
17646.459961	-97.858261
17651.843262	-92.431305
17657.226562	-96.359688
17662.609863	-100.209579
17667.993164	-100.046661
17673.376465	-99.424843
17678.759766	-99.335342
17684.143066	-99.551231
17689.526367	-99.679901
17694.909668	-99.326141
17700.292969	-99.893814
17705.676270	-99.867279
17711.059570	-100.185623
17716.442871	-100.212883
17721.826172	-99.289192
17727.209473	-99.392365
17732.592773	-99.123238
17737.976074	-99.856331
17743.359375	-99.596901
17748.742676	-99.552803
17754.125977	-98.934502
17759.509277	-98.730827
17764.892578	-99.420464
17770.275879	-99.659172
17775.659180	-99.497871
17781.042480	-99.272453
17786.425781	-94.147614
17791.809082	-91.525558
17797.192383	-98.338966
17802.575684	-99.953232
17807.958984	-99.348007
17813.342285	-99.421082
17818.725586	-99.002831
17824.108887	-98.947868
17829.492188	-99.338150
17834.875488	-99.440620
17840.258789	-99.673882
17845.642090	-100.068939
17851.025391	-100.196251
17856.408691	-98.991089
17861.791992	-99.433235
17867.175293	-99.489555
17872.558594	-99.283775
17877.941895	-99.603676
17883.325195	-99.816269
17888.708496	-100.430397
17894.091797	-100.468735
17899.475098	-100.632942
17904.858398	-100.033035
17910.241699	-99.512329
17915.625000	-98.952171
17921.008301	-98.074944
17926.391602	-92.912552
17931.774902	-94.787491
17937.158203	-99.344101
17942.541504	-99.214569
17947.924805	-99.067429
17953.308105	-97.738968
17958.691406	-98.214279
17964.074707	-100.247391
17969.458008	-99.857147
17974.841309	-99.650757
17980.224609	-99.695755
17985.607910	-99.681442
17990.991211	-99.248314
17996.374512	-99.527580
18001.757812	-99.524261
18007.141113	-99.493126
18012.524414	-98.962173
18017.907715	-99.301186
18023.291016	-100.471054
18028.674316	-99.770729
18034.057617	-98.715866
18039.440918	-99.299294
18044.824219	-100.077744
18050.207520	-99.241692
18055.590820	-99.008003
18060.974121	-91.384666
18066.357422	-85.862312
18071.740723	-93.392799
18077.124023	-99.659088
18082.507324	-99.121536
18087.890625	-98.962311
18093.273926	-98.683372
18098.657227	-99.337418
18104.040527	-99.381210
18109.423828	-100.037033
18114.807129	-99.756073
18120.190430	-99.522011
18125.573730	-99.813446
18130.957031	-99.631470
18136.340332	-98.791733
18141.723633	-99.621452
18147.106934	-99.972801
18152.490234	-100.096039
18157.873535	-100.099831
18163.256836	-99.528603
18168.640137	-99.368965
18174.023438	-97.001541
18179.406738	-98.319977
18184.790039	-99.353020
18190.173340	-99.598145
18195.556641	-99.706566
18200.939941	-96.568993
18206.323242	-96.554756
18211.706543	-98.903046
18217.089844	-98.991409
18222.473145	-98.977684
18227.856445	-98.455414
18233.239746	-98.697739
18238.623047	-99.074753
18244.006348	-99.054344
18249.389648	-98.901077
18254.772949	-98.705399
18260.156250	-98.577293
18265.539551	-98.951958
18270.922852	-98.927925
18276.306152	-98.651314
18281.689453	-98.809944
18287.072754	-99.157974
18292.456055	-98.828629
18297.839355	-98.944839
18303.222656	-98.917961
18308.605957	-99.376961
18313.989258	-98.599129
18319.372559	-98.997276
18324.755859	-98.901268
18330.139160	-98.208900
18335.522461	-94.258812
18340.905762	-86.260033
18346.289062	-90.941109
18351.672363	-99.722054
18357.055664	-98.892197
18362.438965	-98.833565
18367.822266	-99.477753
18373.205566	-99.241180
18378.588867	-99.212517
18383.972168	-98.850487
18389.355469	-98.856544
18394.738770	-99.026115
18400.122070	-99.169228
18405.505371	-99.047050
18410.888672	-98.952003
18416.271973	-98.494499
18421.655273	-98.588661
18427.038574	-98.931892
18432.421875	-99.072777
18437.805176	-98.824890
18443.188477	-98.608421
18448.571777	-98.664749
18453.955078	-98.828629
18459.338379	-98.174332
18464.721680	-98.701385
18470.104980	-98.570320
18475.488281	-96.020126
18480.871582	-94.419724
18486.254883	-97.688660
18491.638184	-98.096603
18497.021484	-98.904778
18502.404785	-98.255875
18507.788086	-98.146858
18513.171387	-98.616974
18518.554688	-98.542564
18523.937988	-98.616119
18529.321289	-98.653763
18534.704590	-98.963875
18540.087891	-98.738678
18545.471191	-98.536957
18550.854492	-98.956528
18556.237793	-99.645035
18561.621094	-99.311859
18567.004395	-98.276794
18572.387695	-98.907600
18577.770996	-98.729172
18583.154297	-98.505798
18588.537598	-99.086342
18593.920898	-98.670540
18599.304199	-98.752365
18604.687500	-98.992416
18610.070801	-98.600250
18615.454102	-91.975037
18620.837402	-93.616043
18626.220703	-99.086342
18631.604004	-98.949638
18636.987305	-98.640320
18642.370605	-99.164749
18647.753906	-98.800896
18653.137207	-98.762405
18658.520508	-98.883400
18663.903809	-97.787392
18669.287109	-98.060341
18674.670410	-98.203583
18680.053711	-98.501732
18685.437012	-99.437279
18690.820312	-98.954163
18696.203613	-99.066193
18701.586914	-98.572540
18706.970215	-98.703835
18712.353516	-99.442642
18717.736816	-98.516006
18723.120117	-98.834579
18728.503418	-99.089455
18733.886719	-98.851257
18739.270020	-98.498199
18744.653320	-98.597862
18750.036621	-98.617393
18755.419922	-97.733391
18760.803223	-98.333656
18766.186523	-98.423691
18771.569824	-98.900719
18776.953125	-98.338364
18782.336426	-98.197021
18787.719727	-98.952103
18793.103027	-98.994072
18798.486328	-99.087608
18803.869629	-98.947067
18809.252930	-98.250801
18814.636230	-98.178047
18820.019531	-98.310982
18825.402832	-97.945839
18830.786133	-98.463181
18836.169434	-98.960121
18841.552734	-98.247322
18846.936035	-97.970558
18852.319336	-98.195839
18857.702637	-98.608276
18863.085938	-98.733994
18868.469238	-98.698013
18873.852539	-99.357727
18879.235840	-99.080574
18884.619141	-98.665672
18890.002441	-97.868210
18895.385742	-97.215759
18900.769043	-97.829277
18906.152344	-97.944839
18911.535645	-97.959587
18916.918945	-98.022568
18922.302246	-98.424728
18927.685547	-98.544632
18933.068848	-98.839111
18938.452148	-98.609901
18943.835449	-98.788765
18949.218750	-98.991478
18954.602051	-98.857468
18959.985352	-98.747475
18965.368652	-98.981117
18970.751953	-98.894981
18976.135254	-98.143990
18981.518555	-98.411377
18986.901855	-99.100883
18992.285156	-99.052818
18997.668457	-98.723885
19003.051758	-98.183571
19008.435059	-98.510971
19013.818359	-98.390671
19019.201660	-98.924706
19024.584961	-98.539841
19029.968262	-97.480705
19035.351562	-98.054886
19040.734863	-98.487274
19046.118164	-98.599319
19051.501465	-98.659569
19056.884766	-98.591507
19062.268066	-99.161240
19067.651367	-98.531792
19073.034668	-98.673653
19078.417969	-99.298599
19083.801270	-99.629204
19089.184570	-99.447876
19094.567871	-98.687256
19099.951172	-98.301910
19105.334473	-98.553154
19110.717773	-98.622345
19116.101074	-98.993973
19121.484375	-98.509056
19126.867676	-99.028397
19132.250977	-98.908173
19137.634277	-98.625023
19143.017578	-98.663185
19148.400879	-98.247688
19153.784180	-98.464462
19159.167480	-99.370895
19164.550781	-97.208260
19169.934082	-95.586952
19175.317383	-97.908852
19180.700684	-98.731018
19186.083984	-98.735695
19191.467285	-98.813019
19196.850586	-98.366150
19202.233887	-98.126709
19207.617188	-98.182037
19213.000488	-99.113045
19218.383789	-98.272896
19223.767090	-97.416008
19229.150391	-98.406433
19234.533691	-98.783951
19239.916992	-98.155045
19245.300293	-98.833519
19250.683594	-99.182190
19256.066895	-98.950699
19261.450195	-99.185738
19266.833496	-99.353905
19272.216797	-99.242256
19277.600098	-99.048721
19282.983398	-98.930122
19288.366699	-98.707962
19293.750000	-98.915115
19299.133301	-98.927132
19304.516602	-95.608482
19309.899902	-96.341125
19315.283203	-98.591980
19320.666504	-99.153458
19326.049805	-99.081619
19331.433105	-98.743889
19336.816406	-98.753426
19342.199707	-98.226334
19347.583008	-98.794479
19352.966309	-98.916130
19358.349609	-99.660942
19363.732910	-99.749649
19369.116211	-99.599686
19374.499512	-99.718117
19379.882812	-99.653534
19385.266113	-99.550331
19390.649414	-99.157349
19396.032715	-98.820381
19401.416016	-98.789886
19406.799316	-98.844337
19412.182617	-99.049232
19417.565918	-99.074310
19422.949219	-99.305664
19428.332520	-99.191208
19433.715820	-99.129799
19439.099121	-99.293564
19444.482422	-98.127068
19449.865723	-98.779648
19455.249023	-99.053345
19460.632324	-99.347435
19466.015625	-99.574104
19471.398926	-98.919754
19476.782227	-98.458138
19482.165527	-98.653938
19487.548828	-98.839249
19492.932129	-99.015205
19498.315430	-99.041695
19503.698730	-99.313713
19509.082031	-99.575890
19514.465332	-99.511070
19519.848633	-98.463287
19525.231934	-98.692314
19530.615234	-99.067360
19535.998535	-98.738487
19541.381836	-98.512070
19546.765137	-98.647087
19552.148438	-98.757965
19557.531738	-98.878998
19562.915039	-99.261459
19568.298340	-98.922066
19573.681641	-99.427132
19579.064941	-99.503136
19584.448242	-99.642067
19589.831543	-99.845238
19595.214844	-99.658806
19600.598145	-98.953140
19605.981445	-99.357277
19611.364746	-98.859489
19616.748047	-99.158051
19622.131348	-99.515198
19627.514648	-99.000298
19632.897949	-98.808670
19638.281250	-98.534218
19643.664551	-98.069229
19649.047852	-98.215805
19654.431152	-98.181213
19659.814453	-98.865448
19665.197754	-99.001450
19670.581055	-99.449265
19675.964355	-98.905785
19681.347656	-98.246002
19686.730957	-98.654808
19692.114258	-98.430672
19697.497559	-98.548233
19702.880859	-98.461227
19708.264160	-99.211006
19713.647461	-99.307793
19719.030762	-97.463074
19724.414062	-98.070343
19729.797363	-99.388412
19735.180664	-99.871773
19740.563965	-99.318291
19745.947266	-98.136932
19751.330566	-97.694328
19756.713867	-98.331596
19762.097168	-98.602333
19767.480469	-98.862946
19772.863770	-98.722267
19778.247070	-99.416382
19783.630371	-99.557877
19789.013672	-99.032120
19794.396973	-99.588791
19799.780273	-98.907440
19805.163574	-98.758484
19810.546875	-98.914337
19815.930176	-98.721893
19821.313477	-99.300705
19826.696777	-99.449341
19832.080078	-99.370117
19837.463379	-98.899269
19842.846680	-99.259254
19848.229980	-99.007362
19853.613281	-99.206833
19858.996582	-98.878319
19864.379883	-99.078430
19869.763184	-99.145050
19875.146484	-98.767181
19880.529785	-99.497185
19885.913086	-98.895889
19891.296387	-98.377182
19896.679688	-98.900490
19902.062988	-99.191025
19907.446289	-99.509666
19912.829590	-99.042435
19918.212891	-98.764381
19923.596191	-99.023979
19928.979492	-99.335854
19934.362793	-98.841270
19939.746094	-99.217415
19945.129395	-99.084602
19950.512695	-99.677193
19955.895996	-99.701233
19961.279297	-99.176613
19966.662598	-99.277458
19972.045898	-98.675644
19977.429199	-98.916946
19982.812500	-99.018570
19988.195801	-99.459564
19993.579102	-98.939560
19998.962402	-98.833687
20004.345703	-99.582253
20009.729004	-99.383507
20015.112305	-99.170425
20020.495605	-98.940407
20025.878906	-98.849792
20031.262207	-98.801796
20036.645508	-99.145554
20042.028809	-99.015755
20047.412109	-98.663246
20052.795410	-99.111771
20058.178711	-99.201637
20063.562012	-99.102989
20068.945312	-99.171158
20074.328613	-99.335358
20079.711914	-99.346436
20085.095215	-99.298615
20090.478516	-98.638557
20095.861816	-98.558365
20101.245117	-98.744888
20106.628418	-99.261581
20112.011719	-98.909492
20117.395020	-98.936874
20122.778320	-98.930153
20128.161621	-98.836670
20133.544922	-98.012192
20138.928223	-99.114822
20144.311523	-99.686554
20149.694824	-99.216133
20155.078125	-99.267204
20160.461426	-99.110855
20165.844727	-98.570061
20171.228027	-98.908737
20176.611328	-99.091263
20181.994629	-99.016212
20187.377930	-99.119995
20192.761230	-99.454811
20198.144531	-99.538200
20203.527832	-99.083023
20208.911133	-98.880554
20214.294434	-98.852440
20219.677734	-98.761200
20225.061035	-99.419006
20230.444336	-100.503700
20235.827637	-99.487167
20241.210938	-99.063881
20246.594238	-99.126358
20251.977539	-99.485039
20257.360840	-99.750938
20262.744141	-99.864464
20268.127441	-99.694901
20273.510742	-99.062569
20278.894043	-99.979004
20284.277344	-99.783112
20289.660645	-99.829750
20295.043945	-99.690811
20300.427246	-100.324242
20305.810547	-100.159454
20311.193848	-100.075165
20316.577148	-100.183678
20321.960449	-100.201210
20327.343750	-100.288940
20332.727051	-99.826149
20338.110352	-98.770767
20343.493652	-99.295547
20348.876953	-99.889931
20354.260254	-99.817436
20359.643555	-100.025146
20365.026855	-100.005875
20370.410156	-100.227356
20375.793457	-99.805298
20381.176758	-100.079979
20386.560059	-100.990326
20391.943359	-101.131157
20397.326660	-100.916496
20402.709961	-100.795029
20408.093262	-99.925484
20413.476562	-99.763054
20418.859863	-100.599930
20424.243164	-101.116364
20429.626465	-100.479897
20435.009766	-100.844673
20440.393066	-101.205589
20445.776367	-100.763733
20451.159668	-100.674629
20456.542969	-100.359818
20461.926270	-100.928276
20467.309570	-100.942383
20472.692871	-100.876915
20478.076172	-101.305992
20483.459473	-100.911842
20488.842773	-101.380516
20494.226074	-101.448120
20499.609375	-101.794426
20504.992676	-101.196846
20510.375977	-101.120018
20515.759277	-101.881508
20521.142578	-101.938148
20526.525879	-101.869667
20531.909180	-101.451080
20537.292480	-101.297852
20542.675781	-100.957832
20548.059082	-100.306320
20553.442383	-101.549988
20558.825684	-102.238205
20564.208984	-102.259964
20569.592285	-101.990982
20574.975586	-101.659050
20580.358887	-102.198250
20585.742188	-102.674484
20591.125488	-102.882156
20596.508789	-102.445549
20601.892090	-102.664780
20607.275391	-102.585922
20612.658691	-102.419098
20618.041992	-102.842461
20623.425293	-102.647324
20628.808594	-103.104965
20634.191895	-102.755554
20639.575195	-102.527840
20644.958496	-102.765427
20650.341797	-103.257996
20655.725098	-104.003510
20661.108398	-104.034111
20666.491699	-104.075325
20671.875000	-103.627312
20677.258301	-103.639809
20682.641602	-103.758598
20688.024902	-104.664948
20693.408203	-104.307465
20698.791504	-103.874496
20704.174805	-104.355606
20709.558105	-103.886597
20714.941406	-104.113861
20720.324707	-104.498528
20725.708008	-105.186920
20731.091309	-104.886726
20736.474609	-105.286263
20741.857910	-105.671074
20747.241211	-105.586441
20752.624512	-106.001236
20758.007812	-106.283943
20763.391113	-105.695381
20768.774414	-106.185570
20774.157715	-105.896767
20779.541016	-106.227608
20784.924316	-106.930077
20790.307617	-106.429665
20795.690918	-106.926407
20801.074219	-106.903351
20806.457520	-107.036476
20811.840820	-107.551666
20817.224121	-107.649124
20822.607422	-107.211899
20827.990723	-107.311180
20833.374023	-107.494904
20838.757324	-107.394463
20844.140625	-108.358208
20849.523926	-108.751251
20854.907227	-108.594902
20860.290527	-108.564957
20865.673828	-108.703156
20871.057129	-108.905388
20876.440430	-108.878174
20881.823730	-109.189552
20887.207031	-108.967232
20892.590332	-108.836449
20897.973633	-110.005638
20903.356934	-110.961540
20908.740234	-110.498199
20914.123535	-110.532043
20919.506836	-110.622223
20924.890137	-110.917862
20930.273438	-110.973755
20935.656738	-110.195984
20941.040039	-111.126396
20946.423340	-111.498650
20951.806641	-111.769859
20957.189941	-111.417778
20962.573242	-111.260590
20967.956543	-111.720741
20973.339844	-112.207443
20978.723145	-112.153938
20984.106445	-112.453529
20989.489746	-113.167603
20994.873047	-112.907974
21000.256348	-113.532028
21005.639648	-113.777229
21011.022949	-114.518829
21016.406250	-114.444862
21021.789551	-114.787262
21027.172852	-114.866241
21032.556152	-114.451454
21037.939453	-114.405304
21043.322754	-115.174255
21048.706055	-116.021172
21054.089355	-115.613297
21059.472656	-115.731308
21064.855957	-116.066589
21070.239258	-117.091423
21075.622559	-116.685211
21081.005859	-117.492561
21086.389160	-117.386795
21091.772461	-118.170288
21097.155762	-118.298607
21102.539062	-117.784904
21107.922363	-118.169632
21113.305664	-118.465546
21118.688965	-120.220901
21124.072266	-119.635582
21129.455566	-119.621712
21134.838867	-120.093887
21140.222168	-120.138107
21145.605469	-120.453133
21150.988770	-121.298035
21156.372070	-121.660118
21161.755371	-121.793900
21167.138672	-121.997986
21172.521973	-122.531555
21177.905273	-122.756599
21183.288574	-122.531830
21188.671875	-122.759544
21194.055176	-123.264931
21199.438477	-123.746101
21204.821777	-123.548523
21210.205078	-124.297783
21215.588379	-124.927017
21220.971680	-125.508713
21226.354980	-125.548874
21231.738281	-125.317444
21237.121582	-125.814972
21242.504883	-125.956985
21247.888184	-126.772354
21253.271484	-127.302330
21258.654785	-127.381805
21264.038086	-127.630333
21269.421387	-128.112167
21274.804688	-128.571625
21280.187988	-128.982742
21285.571289	-129.639572
21290.954590	-129.193329
21296.337891	-129.963486
21301.721191	-130.170090
21307.104492	-130.384598
21312.487793	-130.373795
21317.871094	-130.934525
21323.254395	-131.390259
21328.637695	-131.992844
21334.020996	-131.867096
21339.404297	-131.811264
21344.787598	-132.984924
21350.170898	-132.521866
21355.554199	-132.793045
21360.937500	-133.297424
21366.320801	-133.515228
21371.704102	-133.542191
21377.087402	-133.852737
21382.470703	-134.181564
21387.854004	-134.431290
21393.237305	-133.942062
21398.620605	-134.953598
21404.003906	-134.740387
21409.387207	-134.859070
21414.770508	-135.288666
21420.153809	-135.372528
21425.537109	-135.435638
21430.920410	-135.401321
21436.303711	-135.648529
21441.687012	-135.778961
21447.070312	-135.642807
21452.453613	-136.140396
21457.836914	-135.420151
21463.220215	-135.957748
21468.603516	-135.964050
21473.986816	-135.920578
21479.370117	-135.986282
21484.753418	-136.130829
21490.136719	-135.990021
21495.520020	-136.213043
21500.903320	-136.103455
21506.286621	-136.149887
21511.669922	-136.179855
21517.053223	-136.158646
21522.436523	-136.229095
21527.819824	-136.172073
21533.203125	-136.199844
21538.586426	-136.260544
21543.969727	-136.256439
21549.353027	-136.191452
21554.736328	-136.365814
21560.119629	-136.211823
21565.502930	-136.263626
21570.886230	-136.269333
21576.269531	-136.303696
21581.652832	-136.235306
21587.036133	-136.313324
21592.419434	-136.253250
21597.802734	-136.310013
21603.186035	-136.281036
21608.569336	-136.298187
21613.952637	-136.280380
21619.335938	-136.315964
21624.719238	-136.267609
21630.102539	-136.298828
21635.485840	-136.283691
21640.869141	-136.282837
21646.252441	-136.315582
21651.635742	-136.280853
21657.019043	-136.295074
21662.402344	-136.297699
21667.785645	-136.303543
21673.168945	-136.285889
21678.552246	-136.300888
21683.935547	-136.289429
21689.318848	-136.308762
21694.702148	-136.288483
21700.085449	-136.297272
21705.468750	-136.296402
21710.852051	-136.300690
21716.235352	-136.294128
21721.618652	-136.299530
21727.001953	-136.297073
21732.385254	-136.295242
21737.768555	-136.299728
21743.151855	-136.297852
21748.535156	-136.297989
21753.918457	-136.298035
21759.301758	-136.299789
21764.685059	-136.297699
21770.068359	-136.298370
21775.451660	-136.298553
21780.834961	-136.298950
21786.218262	-136.298676
21791.601562	-136.299896
21796.984863	-136.298157
21802.368164	-136.299850
21807.751465	-136.299316
21813.134766	-136.299240
21818.518066	-136.299744
21823.901367	-136.299393
21829.284668	-136.299530
21834.667969	-136.299881
21840.051270	-136.299652
21845.434570	-136.299927
21850.817871	-136.299942
21856.201172	-136.300064
21861.584473	-136.299942
21866.967773	-136.300171
21872.351074	-136.300201
21877.734375	-136.300125
21883.117676	-136.300323
21888.500977	-136.300186
21893.884277	-136.300201
21899.267578	-136.300415
21904.650879	-136.300507
21910.034180	-136.300568
21915.417480	-136.300934
21920.800781	-136.300659
21926.184082	-136.300858
21931.567383	-136.301208
21936.950684	-136.300827
21942.333984	-136.300873
21947.717285	-136.300568
21953.100586	-136.300949
21958.483887	-136.300873
21963.867188	-136.301361
21969.250488	-136.301300
21974.633789	-136.301041
21980.017090	-136.300842
21985.400391	-136.300415
21990.783691	-136.301819
21996.166992	-136.300644
22001.550293	-136.300552
22006.933594	-136.300980
22012.316895	-136.300812
22017.700195	-136.300690
22023.083496	-136.301102
22028.466797	-136.301224
22033.850098	-136.301193
22039.233398	-136.301239
22044.616699	-136.301208
