Frequency (Hz)	Level (dB)
5.383301	-85.649620
10.766602	-84.883614
16.149902	-68.738052
21.533203	-54.767460
26.916504	-53.166466
32.299805	-51.865360
37.683105	-55.767307
43.066406	-51.528175
48.449707	-46.017445
53.833008	-46.931625
59.216309	-48.479794
64.599609	-49.531013
69.982910	-51.294575
75.366211	-52.286102
80.749512	-49.891121
86.132812	-51.328236
91.516113	-53.701401
96.899414	-55.025234
102.282715	-54.562237
107.666016	-53.727139
113.049316	-52.997807
118.432617	-52.877388
123.815918	-54.543041
129.199219	-55.297058
134.582520	-55.517120
139.965820	-53.141438
145.349121	-54.003529
150.732422	-57.652027
156.115723	-57.422203
161.499023	-58.004166
166.882324	-58.451569
172.265625	-60.649910
177.648926	-62.840939
183.032227	-64.378563
188.415527	-65.217308
193.798828	-66.114059
199.182129	-65.328041
204.565430	-65.262489
209.948730	-66.624580
215.332031	-67.278633
220.715332	-66.617371
226.098633	-65.604790
231.481934	-64.122307
236.865234	-64.033119
242.248535	-64.206825
247.631836	-65.116577
253.015137	-65.999214
258.398438	-66.108429
263.781738	-66.312469
269.165039	-67.048958
274.548340	-67.358131
279.931641	-68.068703
285.314941	-68.824432
290.698242	-67.674843
296.081543	-65.820236
301.464844	-65.162888
306.848145	-64.938446
312.231445	-64.942810
317.614746	-65.354462
322.998047	-65.702988
328.381348	-65.357780
333.764648	-65.082909
339.147949	-64.866447
344.531250	-64.876343
349.914551	-64.324059
355.297852	-63.653557
360.681152	-63.884346
366.064453	-64.803902
371.447754	-65.233627
376.831055	-65.475845
382.214355	-65.771988
387.597656	-65.854721
392.980957	-66.275757
398.364258	-66.218773
403.747559	-66.366905
409.130859	-66.683624
414.514160	-66.771568
419.897461	-65.851219
425.280762	-66.060204
430.664062	-65.617348
436.047363	-65.973061
441.430664	-66.284569
446.813965	-66.466339
452.197266	-67.504349
457.580566	-68.260338
462.963867	-67.830795
468.347168	-67.453224
473.730469	-68.124306
479.113770	-68.623581
484.497070	-68.539360
489.880371	-68.395287
495.263672	-68.199715
500.646973	-67.610405
506.030273	-67.169350
511.413574	-67.668427
516.796875	-67.810715
522.180176	-67.051529
527.563477	-67.201477
532.946777	-66.222267
538.330078	-65.386681
543.713379	-65.424309
549.096680	-64.605621
554.479980	-63.797482
559.863281	-63.518250
565.246582	-63.488285
570.629883	-63.494114
576.013184	-63.761082
581.396484	-64.027519
586.779785	-64.957550
592.163086	-64.551300
597.546387	-64.471512
602.929688	-64.690041
608.312988	-64.770645
613.696289	-64.214806
619.079590	-64.355186
624.462891	-64.332420
629.846191	-64.731781
635.229492	-65.850525
640.612793	-66.372498
645.996094	-66.992317
651.379395	-67.503685
656.762695	-67.588509
662.145996	-68.295677
667.529297	-69.131805
672.912598	-69.295227
678.295898	-69.924896
683.679199	-71.502266
689.062500	-73.473038
694.445801	-74.403374
699.829102	-74.545593
705.212402	-74.149971
710.595703	-73.768105
715.979004	-73.515274
721.362305	-72.418762
726.745605	-71.979767
732.128906	-71.198677
737.512207	-70.118645
742.895508	-69.467087
748.278809	-69.398537
753.662109	-68.523865
759.045410	-67.314346
764.428711	-66.622009
769.812012	-66.386177
775.195312	-66.303337
780.578613	-66.496101
785.961914	-67.112984
791.345215	-67.804420
796.728516	-69.482224
802.111816	-70.837914
807.495117	-71.955734
812.878418	-71.967438
818.261719	-71.405045
823.645020	-70.282837
829.028320	-68.303047
834.411621	-67.587654
839.794922	-68.135864
845.178223	-68.643257
850.561523	-68.582901
855.944824	-69.466141
861.328125	-71.001869
866.711426	-71.793922
872.094727	-72.610878
877.478027	-73.159439
882.861328	-73.510674
888.244629	-73.942734
893.627930	-73.838829
899.011230	-74.548691
904.394531	-75.062943
909.777832	-75.063393
915.161133	-74.714806
920.544434	-74.548660
925.927734	-74.783577
931.311035	-74.760147
936.694336	-72.988266
942.077637	-72.790665
947.460938	-72.734566
952.844238	-72.504768
958.227539	-73.000153
963.610840	-74.262344
968.994141	-75.366638
974.377441	-75.414452
979.760742	-75.593613
985.144043	-75.359970
990.527344	-75.509163
995.910645	-75.577049
1001.293945	-76.107613
1006.677246	-76.512665
1012.060547	-76.639297
1017.443848	-77.568657
1022.827148	-78.228737
1028.210449	-78.348328
1033.593750	-78.111351
1038.977051	-77.252113
1044.360352	-76.937775
1049.743652	-77.165947
1055.126953	-77.048462
1060.510254	-76.873589
1065.893555	-77.159523
1071.276855	-77.683907
1076.660156	-77.468437
1082.043457	-77.243645
1087.426758	-77.409660
1092.810059	-78.223358
1098.193359	-78.749268
1103.576660	-78.423355
1108.959961	-78.485016
1114.343262	-78.414223
1119.726562	-78.399757
1125.109863	-78.595047
1130.493164	-79.125763
1135.876465	-79.059853
1141.259766	-78.714790
1146.643066	-78.682175
1152.026367	-78.980255
1157.409668	-78.573143
1162.792969	-78.021957
1168.176270	-77.476952
1173.559570	-77.019249
1178.942871	-76.689140
1184.326172	-76.210327
1189.709473	-76.086746
1195.092773	-76.369568
1200.476074	-76.083153
1205.859375	-76.091248
1211.242676	-76.713478
1216.625977	-77.152443
1222.009277	-77.615311
1227.392578	-78.209473
1232.775879	-79.249191
1238.159180	-79.697975
1243.542480	-79.574448
1248.925781	-79.689278
1254.309082	-79.866005
1259.692383	-79.439117
1265.075684	-79.244499
1270.458984	-79.649147
1275.842285	-78.862190
1281.225586	-78.292442
1286.608887	-78.961929
1291.992188	-79.455872
1297.375488	-80.478722
1302.758789	-80.890625
1308.142090	-81.398888
1313.525391	-81.979805
1318.908691	-81.167160
1324.291992	-81.636169
1329.675293	-81.844460
1335.058594	-82.462669
1340.441895	-82.740067
1345.825195	-82.726845
1351.208496	-82.663155
1356.591797	-82.474419
1361.975098	-82.943634
1367.358398	-82.891670
1372.741699	-81.974396
1378.125000	-81.477592
1383.508301	-81.536194
1388.891602	-81.719727
1394.274902	-81.522224
1399.658203	-81.938995
1405.041504	-82.146706
1410.424805	-82.242813
1415.808105	-82.126373
1421.191406	-82.643532
1426.574707	-82.558983
1431.958008	-82.602386
1437.341309	-82.909233
1442.724609	-82.794731
1448.107910	-82.232170
1453.491211	-81.608208
1458.874512	-81.026886
1464.257812	-80.261955
1469.641113	-80.382645
1475.024414	-80.240723
1480.407715	-79.231865
1485.791016	-78.797638
1491.174316	-78.707932
1496.557617	-78.894547
1501.940918	-79.766220
1507.324219	-80.446320
1512.707520	-81.050529
1518.090820	-81.754852
1523.474121	-81.368401
1528.857422	-80.459625
1534.240723	-79.949837
1539.624023	-79.597961
1545.007324	-79.419189
1550.390625	-80.072144
1555.773926	-81.113091
1561.157227	-81.535294
1566.540527	-81.995636
1571.923828	-82.592354
1577.307129	-82.769287
1582.690430	-82.364342
1588.073730	-82.357964
1593.457031	-82.096710
1598.840332	-82.006645
1604.223633	-82.326294
1609.606934	-81.656166
1614.990234	-81.434486
1620.373535	-81.518410
1625.756836	-81.878189
1631.140137	-82.497650
1636.523438	-82.941399
1641.906738	-83.157982
1647.290039	-83.330528
1652.673340	-83.528778
1658.056641	-83.406792
1663.439941	-83.253426
1668.823242	-83.177902
1674.206543	-83.016510
1679.589844	-82.663658
1684.973145	-82.520851
1690.356445	-82.607750
1695.739746	-83.012032
1701.123047	-83.142555
1706.506348	-83.517250
1711.889648	-84.041969
1717.272949	-84.321739
1722.656250	-83.629066
1728.039551	-84.057693
1733.422852	-84.234169
1738.806152	-84.173325
1744.189453	-84.927971
1749.572754	-85.067101
1754.956055	-85.079018
1760.339355	-85.843681
1765.722656	-85.480103
1771.105957	-84.948273
1776.489258	-85.075150
1781.872559	-85.291801
1787.255859	-85.359512
1792.639160	-85.187645
1798.022461	-85.769615
1803.405762	-86.146896
1808.789062	-86.273735
1814.172363	-86.612228
1819.555664	-86.222725
1824.938965	-86.744835
1830.322266	-86.806213
1835.705566	-86.320389
1841.088867	-85.864113
1846.472168	-85.763786
1851.855469	-85.573067
1857.238770	-85.316635
1862.622070	-85.278831
1868.005371	-84.516113
1873.388672	-83.493866
1878.771973	-82.731491
1884.155273	-83.964981
1889.538574	-84.040909
1894.921875	-84.359360
1900.305176	-83.558487
1905.688477	-83.071838
1911.071777	-82.946983
1916.455078	-83.639244
1921.838379	-83.588196
1927.221680	-83.563217
1932.604980	-83.508171
1937.988281	-83.581535
1943.371582	-83.164642
1948.754883	-83.105598
1954.138184	-83.245827
1959.521484	-83.147697
1964.904785	-82.928627
1970.288086	-83.042435
1975.671387	-83.293022
1981.054688	-83.505035
1986.437988	-83.671463
1991.821289	-83.747673
1997.204590	-83.960907
2002.587891	-83.509506
2007.971191	-83.710419
2013.354492	-83.592773
2018.737793	-83.599480
2024.121094	-84.076561
2029.504395	-83.198685
2034.887695	-82.491653
2040.270996	-82.103050
2045.654297	-82.168549
2051.037598	-82.222557
2056.420898	-81.959183
2061.804199	-81.549049
2067.187500	-81.277122
2072.570801	-81.561501
2077.954102	-81.814758
2083.337402	-81.950394
2088.720703	-82.709312
2094.104004	-83.372765
2099.487305	-83.621513
2104.870605	-83.722649
2110.253906	-83.175285
2115.637207	-82.317093
2121.020508	-81.621140
2126.403809	-80.532837
2131.787109	-79.795685
2137.170410	-79.715988
2142.553711	-80.023064
2147.937012	-79.851395
2153.320312	-80.227783
2158.703613	-80.077423
2164.086914	-79.835930
2169.470215	-80.019371
2174.853516	-80.123329
2180.236816	-79.262733
2185.620117	-78.980560
2191.003418	-78.945663
2196.386719	-79.162018
2201.770020	-78.500740
2207.153320	-78.809952
2212.536621	-78.874756
2217.919922	-78.731003
2223.303223	-78.710159
2228.686523	-77.987984
2234.069824	-77.156990
2239.453125	-76.734535
2244.836426	-77.399696
2250.219727	-77.873611
2255.603027	-78.493774
2260.986328	-79.230003
2266.369629	-79.361710
2271.752930	-79.883804
2277.136230	-80.288689
2282.519531	-80.597549
2287.902832	-80.690689
2293.286133	-81.077568
2298.669434	-80.465508
2304.052734	-80.515251
2309.436035	-81.228226
2314.819336	-81.356018
2320.202637	-81.338921
2325.585938	-81.477707
2330.969238	-81.894753
2336.352539	-82.316467
2341.735840	-82.387741
2347.119141	-82.096649
2352.502441	-81.908981
2357.885742	-81.501244
2363.269043	-81.617523
2368.652344	-82.016869
2374.035645	-81.976700
2379.418945	-82.330376
2384.802246	-82.513206
2390.185547	-82.806213
2395.568848	-82.766464
2400.952148	-83.293808
2406.335449	-82.984329
2411.718750	-83.022926
2417.102051	-83.202103
2422.485352	-83.385353
2427.868652	-83.541389
2433.251953	-83.766769
2438.635254	-83.996193
2444.018555	-84.652557
2449.401855	-85.576271
2454.785156	-86.250160
2460.168457	-86.345085
2465.551758	-86.636223
2470.935059	-87.031128
2476.318359	-87.268555
2481.701660	-87.522369
2487.084961	-87.735764
2492.468262	-87.000954
2497.851562	-85.965607
2503.234863	-84.860680
2508.618164	-86.315659
2514.001465	-86.761604
2519.384766	-86.871658
2524.768066	-86.775734
2530.151367	-87.028847
2535.534668	-87.109009
2540.917969	-87.008316
2546.301270	-86.852608
2551.684570	-86.538193
2557.067871	-86.374611
2562.451172	-86.701218
2567.834473	-87.432205
2573.217773	-88.130630
2578.601074	-88.771828
2583.984375	-89.046112
2589.367676	-89.951942
2594.750977	-90.075790
2600.134277	-90.815865
2605.517578	-91.510757
2610.900879	-91.982658
2616.284180	-91.367554
2621.667480	-90.457497
2627.050781	-90.086365
2632.434082	-89.832077
2637.817383	-89.506012
2643.200684	-89.223419
2648.583984	-89.687340
2653.967285	-89.156685
2659.350586	-89.068939
2664.733887	-88.790840
2670.117188	-88.817993
2675.500488	-88.443161
2680.883789	-88.549927
2686.267090	-89.004135
2691.650391	-88.943787
2697.033691	-89.035431
2702.416992	-88.995926
2707.800293	-88.739433
2713.183594	-89.531281
2718.566895	-88.464264
2723.950195	-88.204819
2729.333496	-88.453766
2734.716797	-89.287239
2740.100098	-90.436218
2745.483398	-91.262672
2750.866699	-92.125145
2756.250000	-92.595558
2761.633301	-91.804771
2767.016602	-91.728355
2772.399902	-91.931244
2777.783203	-91.386238
2783.166504	-90.940033
2788.549805	-90.749496
2793.933105	-90.934052
2799.316406	-90.853935
2804.699707	-91.022835
2810.083008	-90.962296
2815.466309	-90.392494
2820.849609	-90.503326
2826.232910	-90.273994
2831.616211	-89.568321
2836.999512	-89.337158
2842.382812	-89.738876
2847.766113	-89.795479
2853.149414	-89.325188
2858.532715	-89.269432
2863.916016	-89.662773
2869.299316	-89.778946
2874.682617	-90.391258
2880.065918	-89.574364
2885.449219	-89.726768
2890.832520	-90.526260
2896.215820	-90.864799
2901.599121	-91.258171
2906.982422	-91.479118
2912.365723	-91.420715
2917.749023	-92.268562
2923.132324	-91.918198
2928.515625	-91.838394
2933.898926	-91.881058
2939.282227	-91.567047
2944.665527	-91.598892
2950.048828	-91.207436
2955.432129	-90.631371
2960.815430	-91.189178
2966.198730	-91.191536
2971.582031	-91.199471
2976.965332	-91.186325
2982.348633	-91.040619
2987.731934	-90.771561
2993.115234	-91.192642
2998.498535	-90.555717
3003.881836	-90.540009
3009.265137	-90.607315
3014.648438	-90.737122
3020.031738	-90.634186
3025.415039	-90.892822
3030.798340	-90.781502
3036.181641	-90.280472
3041.564941	-90.610626
3046.948242	-91.065918
3052.331543	-91.275352
3057.714844	-90.545944
3063.098145	-90.848198
3068.481445	-90.905579
3073.864746	-90.809822
3079.248047	-90.438080
3084.631348	-91.020454
3090.014648	-91.271843
3095.397949	-91.085533
3100.781250	-90.765549
3106.164551	-91.145897
3111.547852	-90.875328
3116.931152	-90.514557
3122.314453	-90.849159
3127.697754	-90.899628
3133.081055	-91.486015
3138.464355	-91.574120
3143.847656	-92.337257
3149.230957	-92.853600
3154.614258	-93.006500
3159.997559	-92.880829
3165.380859	-93.087891
3170.764160	-92.612701
3176.147461	-92.403053
3181.530762	-92.347404
3186.914062	-91.873024
3192.297363	-92.258316
3197.680664	-92.312912
3203.063965	-91.718628
3208.447266	-91.928406
3213.830566	-92.581909
3219.213867	-92.820160
3224.597168	-93.118355
3229.980469	-93.939392
3235.363770	-94.359459
3240.747070	-94.364563
3246.130371	-94.437508
3251.513672	-94.461678
3256.896973	-94.431480
3262.280273	-93.892967
3267.663574	-93.199883
3273.046875	-93.135635
3278.430176	-93.149261
3283.813477	-93.038170
3289.196777	-92.690605
3294.580078	-92.837440
3299.963379	-92.712692
3305.346680	-92.620758
3310.729980	-93.055840
3316.113281	-93.450607
3321.496582	-93.720131
3326.879883	-93.322479
3332.263184	-93.636353
3337.646484	-94.068344
3343.029785	-94.186302
3348.413086	-94.179054
3353.796387	-94.288086
3359.179688	-94.826645
3364.562988	-95.236313
3369.946289	-95.188133
3375.329590	-95.076599
3380.712891	-95.981850
3386.096191	-95.481758
3391.479492	-95.497131
3396.862793	-95.449066
3402.246094	-94.929382
3407.629395	-94.309006
3413.012695	-94.653496
3418.395996	-95.333252
3423.779297	-95.106201
3429.162598	-95.243469
3434.545898	-95.784485
3439.929199	-95.545273
3445.312500	-95.864037
3450.695801	-96.274353
3456.079102	-96.357300
3461.462402	-96.038963
3466.845703	-95.757416
3472.229004	-96.158379
3477.612305	-95.558876
3482.995605	-95.366226
3488.378906	-95.514877
3493.762207	-95.022797
3499.145508	-94.883965
3504.528809	-94.995529
3509.912109	-94.930481
3515.295410	-95.474411
3520.678711	-95.420708
3526.062012	-95.308609
3531.445312	-95.203712
3536.828613	-95.439926
3542.211914	-95.532585
3547.595215	-95.665573
3552.978516	-95.763435
3558.361816	-94.338036
3563.745117	-95.092674
3569.128418	-95.557594
3574.511719	-96.070351
3579.895020	-96.344780
3585.278320	-96.242477
3590.661621	-96.065132
3596.044922	-95.648621
3601.428223	-96.659668
3606.811523	-96.914688
3612.194824	-96.542297
3617.578125	-96.364136
3622.961426	-96.753014
3628.344727	-96.669724
3633.728027	-96.395889
3639.111328	-96.491379
3644.494629	-96.273666
3649.877930	-96.076843
3655.261230	-96.096092
3660.644531	-96.097206
3666.027832	-96.043663
3671.411133	-95.993851
3676.794434	-96.279480
3682.177734	-96.813019
3687.561035	-96.965584
3692.944336	-96.359428
3698.327637	-96.023659
3703.710938	-96.549294
3709.094238	-96.617180
3714.477539	-96.824783
3719.860840	-96.897789
3725.244141	-97.405876
3730.627441	-97.252853
3736.010742	-97.097893
3741.394043	-97.687050
3746.777344	-97.674141
3752.160645	-97.504036
3757.543945	-97.622231
3762.927246	-97.755844
3768.310547	-97.635735
3773.693848	-97.867035
3779.077148	-98.236740
3784.460449	-97.952011
3789.843750	-97.544762
3795.227051	-97.736443
3800.610352	-97.779633
3805.993652	-98.244125
3811.376953	-98.100189
3816.760254	-97.812866
3822.143555	-97.959564
3827.526855	-97.943718
3832.910156	-97.677910
3838.293457	-97.833595
3843.676758	-97.662460
3849.060059	-97.350204
3854.443359	-97.556023
3859.826660	-97.652176
3865.209961	-97.811798
3870.593262	-97.714668
3875.976562	-97.382835
3881.359863	-97.758423
3886.743164	-97.484840
3892.126465	-97.847542
3897.509766	-98.023453
3902.893066	-97.928711
3908.276367	-97.736046
3913.659668	-97.824501
3919.042969	-97.473541
3924.426270	-97.678261
3929.809570	-97.788460
3935.192871	-97.539513
3940.576172	-97.790665
3945.959473	-97.894592
3951.342773	-98.152763
3956.726074	-97.933174
3962.109375	-98.193199
3967.492676	-98.261391
3972.875977	-97.732491
3978.259277	-98.097305
3983.642578	-98.380424
3989.025879	-98.632660
3994.409180	-98.102745
3999.792480	-98.044533
4005.175781	-97.849358
4010.559082	-98.566528
4015.942383	-97.947861
4021.325684	-97.387573
4026.708984	-97.981575
4032.092285	-97.965530
4037.475586	-98.214676
4042.858887	-98.134705
4048.242188	-98.089531
4053.625488	-98.387367
4059.008789	-98.661018
4064.392090	-98.401367
4069.775391	-98.167641
4075.158691	-98.365364
4080.541992	-99.141029
4085.925293	-98.963509
4091.308594	-98.636185
4096.691895	-98.764694
4102.075195	-98.713699
4107.458496	-98.762764
4112.841797	-98.621223
4118.225098	-98.032623
4123.608398	-98.675575
4128.991699	-98.861130
4134.375000	-98.359505
4139.758301	-98.778389
4145.141602	-98.601395
4150.524902	-98.745857
4155.908203	-99.161743
4161.291504	-98.550980
4166.674805	-98.586731
4172.058105	-98.496368
4177.441406	-98.308228
4182.824707	-97.604759
4188.208008	-97.388542
4193.591309	-97.730309
4198.974609	-98.707878
4204.357910	-98.254196
4209.741211	-97.989410
4215.124512	-98.123116
4220.507812	-98.152657
4225.891113	-98.219223
4231.274414	-98.570946
4236.657715	-98.751572
4242.041016	-98.599159
4247.424316	-98.591232
4252.807617	-98.629028
4258.190918	-98.401085
4263.574219	-98.152390
4268.957520	-98.325920
4274.340820	-98.568787
4279.724121	-98.451859
4285.107422	-98.098198
4290.490723	-98.402618
4295.874023	-98.148369
4301.257324	-98.734779
4306.640625	-98.779961
4312.023926	-98.107208
4317.407227	-98.201927
4322.790527	-98.692070
4328.173828	-99.063232
4333.557129	-99.190781
4338.940430	-99.402451
4344.323730	-99.350601
4349.707031	-99.314697
4355.090332	-98.843048
4360.473633	-98.882713
4365.856934	-99.267311
4371.240234	-99.618843
4376.623535	-99.199844
4382.006836	-99.259293
4387.390137	-99.583092
4392.773438	-99.143440
4398.156738	-99.248528
4403.540039	-98.837624
4408.923340	-98.773270
4414.306641	-98.977364
4419.689941	-99.213203
4425.073242	-99.044518
4430.456543	-99.202156
4435.839844	-99.316650
4441.223145	-99.109299
4446.606445	-99.183693
4451.989746	-99.037109
4457.373047	-98.962700
4462.756348	-99.536888
4468.139648	-99.180161
4473.522949	-99.020020
4478.906250	-99.731812
4484.289551	-99.906746
4489.672852	-98.872681
4495.056152	-98.940315
4500.439453	-99.306183
4505.822754	-98.974693
4511.206055	-99.654266
4516.589355	-99.080635
4521.972656	-99.474747
4527.355957	-99.462769
4532.739258	-98.182976
4538.122559	-98.309616
4543.505859	-98.877350
4548.889160	-98.497643
4554.272461	-98.253716
4559.655762	-98.997650
4565.039062	-98.755836
4570.422363	-98.652344
4575.805664	-98.538605
4581.188965	-98.825134
4586.572266	-98.933655
4591.955566	-98.758217
4597.338867	-97.063080
4602.722168	-97.880615
4608.105469	-98.277641
4613.488770	-98.423836
4618.872070	-98.452103
4624.255371	-98.153526
4629.638672	-97.813736
4635.021973	-97.948586
4640.405273	-97.969276
4645.788574	-97.665649
4651.171875	-97.593460
4656.555176	-98.088814
4661.938477	-97.969810
4667.321777	-98.079483
4672.705078	-98.565025
4678.088379	-97.899521
4683.471680	-98.414307
4688.854980	-98.457916
4694.238281	-98.433090
4699.621582	-98.499031
4705.004883	-98.577057
4710.388184	-98.414429
4715.771484	-98.128738
4721.154785	-97.978783
4726.538086	-98.080559
4731.921387	-98.000122
4737.304688	-97.631813
4742.687988	-97.547134
4748.071289	-97.556061
4753.454590	-97.071548
4758.837891	-97.100006
4764.221191	-97.066216
4769.604492	-97.336830
4774.987793	-97.611938
4780.371094	-98.075150
4785.754395	-98.126183
4791.137695	-98.423027
4796.520996	-98.566956
4801.904297	-98.886848
4807.287598	-98.718933
4812.670898	-99.022285
4818.054199	-98.494850
4823.437500	-98.356094
4828.820801	-98.778931
4834.204102	-98.810257
4839.587402	-98.890388
4844.970703	-97.890366
4850.354004	-97.603317
4855.737305	-98.157578
4861.120605	-98.070816
4866.503906	-98.375580
4871.887207	-98.615616
4877.270508	-98.588142
4882.653809	-98.459679
4888.037109	-98.455063
4893.420410	-98.314148
4898.803711	-98.426651
4904.187012	-98.511673
4909.570312	-98.096794
4914.953613	-97.832321
4920.336914	-98.196426
4925.720215	-98.602654
4931.103516	-98.504791
4936.486816	-98.266479
4941.870117	-98.258224
4947.253418	-98.627243
4952.636719	-98.647713
4958.020020	-99.400673
4963.403320	-99.004478
4968.786621	-98.369431
4974.169922	-98.018066
4979.553223	-98.307625
4984.936523	-98.687714
4990.319824	-98.491226
4995.703125	-98.401642
5001.086426	-97.448982
5006.469727	-96.924339
5011.853027	-97.484512
5017.236328	-98.385628
5022.619629	-98.945122
5028.002930	-98.832878
5033.386230	-98.517807
5038.769531	-98.175278
5044.152832	-98.130424
5049.536133	-97.905968
5054.919434	-98.179642
5060.302734	-98.704102
5065.686035	-97.739891
5071.069336	-97.972206
5076.452637	-98.359917
5081.835938	-98.435638
5087.219238	-98.196533
5092.602539	-98.094360
5097.985840	-97.961136
5103.369141	-98.049164
5108.752441	-97.778893
5114.135742	-98.319382
5119.519043	-97.882019
5124.902344	-98.810432
5130.285645	-99.208878
5135.668945	-98.719536
5141.052246	-98.623642
5146.435547	-98.182053
5151.818848	-98.381783
5157.202148	-98.472343
5162.585449	-98.635529
5167.968750	-98.949837
5173.352051	-98.750908
5178.735352	-98.879677
5184.118652	-99.608864
5189.501953	-99.162285
5194.885254	-98.949631
5200.268555	-98.527962
5205.651855	-98.564529
5211.035156	-99.090515
5216.418457	-98.877617
5221.801758	-98.797455
5227.185059	-98.853523
5232.568359	-99.034851
5237.951660	-98.468681
5243.334961	-98.278381
5248.718262	-98.716339
5254.101562	-98.560577
5259.484863	-98.362038
5264.868164	-98.820236
5270.251465	-98.913666
5275.634766	-99.121361
5281.018066	-99.189430
5286.401367	-99.089577
5291.784668	-98.510620
5297.167969	-99.099113
5302.551270	-99.526016
5307.934570	-99.499535
5313.317871	-97.893082
5318.701172	-96.914001
5324.084473	-98.672066
5329.467773	-99.054749
5334.851074	-98.785194
5340.234375	-98.184433
5345.617676	-98.139862
5351.000977	-98.673584
5356.384277	-98.687897
5361.767578	-98.422737
5367.150879	-98.751259
5372.534180	-98.879852
5377.917480	-98.636185
5383.300781	-98.816750
5388.684082	-99.113564
5394.067383	-98.906540
5399.450684	-99.472755
5404.833984	-99.636681
5410.217285	-99.075584
5415.600586	-99.335587
5420.983887	-99.493935
5426.367188	-99.359482
5431.750488	-99.458908
5437.133789	-99.625465
5442.517090	-99.046104
5447.900391	-98.843765
5453.283691	-98.940620
5458.666992	-99.161743
5464.050293	-99.691650
5469.433594	-99.349533
5474.816895	-98.657494
5480.200195	-99.153481
5485.583496	-98.933044
5490.966797	-99.035324
5496.350098	-98.602783
5501.733398	-98.668900
5507.116699	-98.697800
5512.500000	-98.735077
5517.883301	-99.010681
5523.266602	-99.165497
5528.649902	-98.955177
5534.033203	-99.014175
5539.416504	-99.376167
5544.799805	-99.615936
5550.183105	-99.135170
5555.566406	-99.384293
5560.949707	-99.059692
5566.333008	-98.883202
5571.716309	-98.812675
5577.099609	-98.851158
5582.482910	-98.636047
5587.866211	-98.773308
5593.249512	-99.054832
5598.632812	-99.012749
5604.016113	-98.554649
5609.399414	-97.935768
5614.782715	-97.940987
5620.166016	-98.624695
5625.549316	-98.293800
5630.932617	-97.546005
5636.315918	-98.649681
5641.699219	-98.686234
5647.082520	-98.855911
5652.465820	-98.575935
5657.849121	-98.704948
5663.232422	-98.803612
5668.615723	-99.214462
5673.999023	-99.346664
5679.382324	-99.262238
5684.765625	-99.359863
5690.148926	-99.694038
5695.532227	-99.129318
5700.915527	-99.299904
5706.298828	-99.198982
5711.682129	-98.962578
5717.065430	-98.782471
5722.448730	-98.848518
5727.832031	-99.303886
5733.215332	-99.635323
5738.598633	-99.530098
5743.981934	-99.547371
5749.365234	-99.424942
5754.748535	-99.170639
5760.131836	-99.028458
5765.515137	-99.418152
5770.898438	-99.171051
5776.281738	-99.148392
5781.665039	-99.300072
5787.048340	-99.882240
5792.431641	-99.858467
5797.814941	-99.835640
5803.198242	-99.990967
5808.581543	-99.202110
5813.964844	-99.059410
5819.348145	-99.694206
5824.731445	-99.552299
5830.114746	-99.078926
5835.498047	-99.037048
5840.881348	-99.386620
5846.264648	-99.326668
5851.647949	-98.418808
5857.031250	-98.797989
5862.414551	-99.036606
5867.797852	-99.343452
5873.181152	-99.134811
5878.564453	-99.556274
5883.947754	-99.721313
5889.331055	-99.775864
5894.714355	-99.775139
5900.097656	-100.194153
5905.480957	-100.294044
5910.864258	-99.769722
5916.247559	-99.775070
5921.630859	-99.405563
5927.014160	-99.604256
5932.397461	-99.554314
5937.780762	-99.432365
5943.164062	-99.450447
5948.547363	-99.746552
5953.930664	-100.080322
5959.313965	-100.451828
5964.697266	-99.682419
5970.080566	-99.699326
5975.463867	-99.760918
5980.847168	-99.768105
5986.230469	-99.643921
5991.613770	-99.399513
5996.997070	-100.111443
6002.380371	-99.881203
6007.763672	-99.955170
6013.146973	-100.155579
6018.530273	-100.064583
6023.913574	-100.024185
6029.296875	-99.904694
6034.680176	-99.893814
6040.063477	-99.869484
6045.446777	-99.563530
6050.830078	-100.004486
6056.213379	-100.354462
6061.596680	-100.033775
6066.979980	-100.013954
6072.363281	-99.856812
6077.746582	-99.894348
6083.129883	-100.036850
6088.513184	-99.939957
6093.896484	-100.481453
6099.279785	-100.011856
6104.663086	-99.700615
6110.046387	-99.663261
6115.429688	-99.576363
6120.812988	-99.893883
6126.196289	-100.055069
6131.579590	-100.159897
6136.962891	-100.261490
6142.346191	-100.240448
6147.729492	-99.960190
6153.112793	-99.739525
6158.496094	-100.027596
6163.879395	-99.869713
6169.262695	-99.772537
6174.645996	-99.995094
6180.029297	-99.802788
6185.412598	-99.596230
6190.795898	-100.090782
6196.179199	-100.053360
6201.562500	-100.455437
6206.945801	-99.977882
6212.329102	-99.683525
6217.712402	-99.869553
6223.095703	-100.067062
6228.479004	-100.081635
6233.862305	-99.936050
6239.245605	-99.810371
6244.628906	-99.834389
6250.012207	-99.580887
6255.395508	-99.379105
6260.778809	-99.722763
6266.162109	-99.615959
6271.545410	-99.438469
6276.928711	-99.724152
6282.312012	-99.797745
6287.695312	-99.838684
6293.078613	-99.674736
6298.461914	-99.581619
6303.845215	-100.565460
6309.228516	-99.835823
6314.611816	-99.966621
6319.995117	-99.931885
6325.378418	-99.843117
6330.761719	-100.204086
6336.145020	-100.275909
6341.528320	-100.025070
6346.911621	-100.532097
6352.294922	-100.036575
6357.678223	-100.106720
6363.061523	-100.202225
6368.444824	-99.950027
6373.828125	-100.040459
6379.211426	-99.727493
6384.594727	-100.137016
6389.978027	-99.657425
6395.361328	-99.948608
6400.744629	-99.808388
6406.127930	-99.510933
6411.511230	-99.932739
6416.894531	-100.372787
6422.277832	-100.109085
6427.661133	-100.338242
6433.044434	-100.103775
6438.427734	-99.848763
6443.811035	-99.950928
6449.194336	-99.893852
6454.577637	-99.906845
6459.960938	-100.344971
6465.344238	-100.208534
6470.727539	-99.999092
6476.110840	-100.327873
6481.494141	-100.060242
6486.877441	-100.139725
6492.260742	-99.864220
6497.644043	-99.855133
6503.027344	-100.120865
6508.410645	-100.564323
6513.793945	-100.370544
6519.177246	-99.903061
6524.560547	-99.965485
6529.943848	-99.926170
6535.327148	-99.179573
6540.710449	-99.170799
6546.093750	-99.740585
6551.477051	-100.274231
6556.860352	-100.210999
6562.243652	-99.915855
6567.626953	-99.946815
6573.010254	-100.035011
6578.393555	-100.090729
6583.776855	-100.258858
6589.160156	-100.223053
6594.543457	-100.012665
6599.926758	-100.075905
6605.310059	-100.112755
6610.693359	-100.107567
6616.076660	-100.169891
6621.459961	-99.884483
6626.843262	-99.809814
6632.226562	-100.025047
6637.609863	-100.124405
6642.993164	-99.797897
6648.376465	-100.108810
6653.759766	-99.715485
6659.143066	-99.955322
6664.526367	-100.289886
6669.909668	-99.916542
6675.292969	-99.960655
6680.676270	-99.735886
6686.059570	-100.039551
6691.442871	-100.066185
6696.826172	-99.899750
6702.209473	-99.740669
6707.592773	-99.843582
6712.976074	-99.640350
6718.359375	-99.724518
6723.742676	-99.748657
6729.125977	-99.673775
6734.509277	-99.678001
6739.892578	-100.143967
6745.275879	-100.010422
6750.659180	-99.891983
6756.042480	-99.738190
6761.425781	-99.778801
6766.809082	-99.995224
6772.192383	-99.733345
6777.575684	-100.225739
6782.958984	-100.149818
6788.342285	-100.036430
6793.725586	-100.006897
6799.108887	-100.031357
6804.492188	-100.158493
6809.875488	-99.983734
6815.258789	-99.799019
6820.642090	-99.977882
6826.025391	-100.001747
6831.408691	-100.203690
6836.791992	-100.195419
6842.175293	-99.803688
6847.558594	-100.042427
6852.941895	-100.053017
6858.325195	-100.642174
6863.708496	-100.154526
6869.091797	-99.853371
6874.475098	-100.051292
6879.858398	-100.327393
6885.241699	-99.923088
6890.625000	-99.316254
6896.008301	-100.030533
6901.391602	-99.816505
6906.774902	-99.517372
6912.158203	-99.908875
6917.541504	-99.678055
6922.924805	-99.623825
6928.308105	-99.939903
6933.691406	-99.742607
6939.074707	-100.202080
6944.458008	-100.048988
6949.841309	-99.910133
6955.224609	-99.927917
6960.607910	-99.986481
6965.991211	-99.774422
6971.374512	-99.339920
6976.757812	-99.779823
6982.141113	-100.321449
6987.524414	-99.802811
6992.907715	-99.870361
6998.291016	-99.917694
7003.674316	-99.966408
7009.057617	-100.123032
7014.440918	-100.527328
7019.824219	-99.936905
7025.207520	-99.754295
7030.590820	-100.219536
7035.974121	-100.155754
7041.357422	-99.716423
7046.740723	-99.786842
7052.124023	-99.785904
7057.507324	-99.680496
7062.890625	-99.746994
7068.273926	-99.575684
7073.657227	-99.892891
7079.040527	-100.174461
7084.423828	-99.924133
7089.807129	-99.393227
7095.190430	-99.895683
7100.573730	-100.037712
7105.957031	-99.524155
7111.340332	-99.592209
7116.723633	-99.588097
7122.106934	-99.612961
7127.490234	-99.857216
7132.873535	-99.768135
7138.256836	-99.901878
7143.640137	-99.642273
7149.023438	-99.707237
7154.406738	-99.465195
7159.790039	-99.381798
7165.173340	-99.561211
7170.556641	-99.520416
7175.939941	-99.597687
7181.323242	-99.455353
7186.706543	-99.481346
7192.089844	-99.495323
7197.473145	-99.586678
7202.856445	-99.835274
7208.239746	-99.999290
7213.623047	-99.684959
7219.006348	-99.583191
7224.389648	-99.639465
7229.772949	-99.974945
7235.156250	-100.230629
7240.539551	-99.231140
7245.922852	-99.306229
7251.306152	-99.118515
7256.689453	-99.190781
7262.072754	-99.691147
7267.456055	-99.555809
7272.839355	-99.171135
7278.222656	-99.454147
7283.605957	-99.760803
7288.989258	-99.430183
7294.372559	-99.371933
7299.755859	-99.618889
7305.139160	-99.744720
7310.522461	-99.521980
7315.905762	-99.848343
7321.289062	-99.862198
7326.672363	-99.427589
7332.055664	-99.206429
7337.438965	-99.293900
7342.822266	-99.652985
7348.205566	-100.167786
7353.588867	-100.044991
7358.972168	-99.367554
7364.355469	-99.332397
7369.738770	-99.711777
7375.122070	-99.496605
7380.505371	-99.544365
7385.888672	-99.613533
7391.271973	-99.403915
7396.655273	-99.730515
7402.038574	-98.825989
7407.421875	-98.633202
7412.805176	-98.938721
7418.188477	-99.086731
7423.571777	-99.069275
7428.955078	-99.376595
7434.338379	-99.354439
7439.721680	-99.050034
7445.104980	-99.029114
7450.488281	-99.205971
7455.871582	-98.967979
7461.254883	-98.884491
7466.638184	-99.222137
7472.021484	-98.926208
7477.404785	-98.877884
7482.788086	-98.938278
7488.171387	-98.750221
7493.554688	-98.849098
7498.937988	-98.561287
7504.321289	-98.904839
7509.704590	-99.136787
7515.087891	-98.999886
7520.471191	-99.027115
7525.854492	-98.936096
7531.237793	-98.978806
7536.621094	-98.857025
7542.004395	-98.941666
7547.387695	-98.936569
7552.770996	-98.634171
7558.154297	-98.864799
7563.537598	-99.034050
7568.920898	-98.753204
7574.304199	-98.694481
7579.687500	-99.078873
7585.070801	-99.458336
7590.454102	-99.507393
7595.837402	-99.240746
7601.220703	-99.352028
7606.604004	-99.316818
7611.987305	-98.895752
7617.370605	-99.090668
7622.753906	-99.040504
7628.137207	-98.925011
7633.520508	-98.776222
7638.903809	-98.849953
7644.287109	-99.055122
7649.670410	-98.898758
7655.053711	-98.824783
7660.437012	-99.241371
7665.820312	-99.251785
7671.203613	-99.152054
7676.586914	-98.940926
7681.970215	-98.736664
7687.353516	-98.577972
7692.736816	-98.506943
7698.120117	-98.918671
7703.503418	-99.189041
7708.886719	-98.960800
7714.270020	-99.380302
7719.653320	-99.015381
7725.036621	-98.740540
7730.419922	-98.888550
7735.803223	-98.984756
7741.186523	-98.597801
7746.569824	-98.935730
7751.953125	-99.114670
7757.336426	-99.218994
7762.719727	-99.307793
7768.103027	-99.216965
7773.486328	-99.322281
7778.869629	-99.142921
7784.252930	-98.623459
7789.636230	-98.691879
7795.019531	-99.189323
7800.402832	-98.897766
7805.786133	-99.141457
7811.169434	-99.081596
7816.552734	-98.752396
7821.936035	-99.033058
7827.319336	-99.608620
7832.702637	-98.784981
7838.085938	-98.316803
7843.469238	-98.844666
7848.852539	-98.859558
7854.235840	-99.048294
7859.619141	-99.391045
7865.002441	-99.093697
7870.385742	-99.363762
7875.769043	-99.302689
7881.152344	-98.744919
7886.535645	-98.851532
7891.918945	-98.592133
7897.302246	-98.434464
7902.685547	-98.562767
7908.068848	-98.724190
7913.452148	-98.539513
7918.835449	-98.453522
7924.218750	-98.691002
7929.602051	-99.178864
7934.985352	-98.807304
7940.368652	-98.676750
7945.751953	-98.740562
7951.135254	-98.537117
7956.518555	-98.301987
7961.901855	-98.538094
7967.285156	-98.598106
7972.668457	-98.356873
7978.051758	-98.499855
7983.435059	-98.836235
7988.818359	-98.220901
7994.201660	-98.340332
7999.584961	-98.803719
8004.968262	-98.931587
8010.351562	-98.797157
8015.734863	-98.951691
8021.118164	-98.848381
8026.501465	-98.684845
8031.884766	-98.258820
8037.268066	-98.758636
8042.651367	-98.419357
8048.034668	-98.404655
8053.417969	-98.510414
8058.801270	-98.042610
8064.184570	-98.114883
8069.567871	-98.553589
8074.951172	-98.444939
8080.334473	-99.100151
8085.717773	-98.888435
8091.101074	-99.124214
8096.484375	-98.983986
8101.867676	-98.847214
8107.250977	-98.930046
8112.634277	-98.568199
8118.017578	-98.595261
8123.400879	-98.606850
8128.784180	-96.630402
8134.167480	-96.287453
8139.550781	-98.100121
8144.934082	-98.280914
8150.317383	-99.059525
8155.700684	-99.537140
8161.083984	-98.578537
8166.467285	-98.427452
8171.850586	-98.565247
8177.233887	-98.914337
8182.617188	-98.766296
8188.000488	-98.914032
8193.383789	-98.844940
8198.767090	-98.543762
8204.150391	-99.103622
8209.533691	-98.604324
8214.916992	-98.514854
8220.300293	-98.785576
8225.683594	-98.149681
8231.066895	-98.440598
8236.450195	-98.647919
8241.833496	-98.790276
8247.216797	-98.775681
8252.600098	-98.685913
8257.983398	-98.296394
8263.366699	-98.863136
8268.750000	-98.857262
8274.133301	-98.925064
8279.516602	-99.296867
8284.899902	-98.669624
8290.283203	-98.230080
8295.666504	-98.514923
8301.049805	-98.660561
8306.433105	-98.728310
8311.816406	-98.754677
8317.199707	-98.449440
8322.583008	-98.668068
8327.966309	-99.096436
8333.349609	-98.952408
8338.732910	-98.405388
8344.116211	-98.635025
8349.499512	-98.498909
8354.882812	-98.373634
8360.266113	-98.695023
8365.649414	-97.649712
8371.032715	-96.769272
8376.416016	-98.010048
8381.799316	-98.600639
8387.182617	-98.743523
8392.565918	-98.079224
8397.949219	-98.594864
8403.332520	-99.168663
8408.715820	-99.415268
8414.099121	-99.229271
8419.482422	-99.086655
8424.865723	-99.567261
8430.249023	-99.102409
8435.632324	-99.178185
8441.015625	-99.007332
8446.398926	-98.697701
8451.782227	-98.672401
8457.165527	-92.293121
8462.548828	-92.811180
8467.932129	-98.952194
8473.315430	-98.437202
8478.698730	-99.260185
8484.082031	-98.902519
8489.465332	-98.165222
8494.848633	-99.052887
8500.231934	-99.205368
8505.615234	-99.556992
8510.998535	-99.304543
8516.381836	-98.892059
8521.765137	-98.893280
8527.148438	-98.653694
8532.531738	-98.643967
8537.915039	-99.322304
8543.298340	-99.187897
8548.681641	-99.699509
8554.064941	-99.139389
8559.448242	-98.920258
8564.831543	-98.892059
8570.214844	-98.986603
8575.598145	-98.842308
8580.981445	-98.670937
8586.364746	-99.118355
8591.748047	-98.588684
8597.131348	-98.534584
8602.514648	-98.635551
8607.897949	-99.166809
8613.281250	-98.937515
8618.664551	-99.212616
8624.047852	-99.124939
8629.431152	-99.086784
8634.814453	-99.414520
8640.197754	-99.487564
8645.581055	-99.056717
8650.964355	-98.924049
8656.347656	-99.517426
8661.730957	-99.269035
8667.114258	-98.910141
8672.497559	-99.054123
8677.880859	-98.981339
8683.264160	-98.724098
8688.647461	-98.873192
8694.030762	-99.142708
8699.414062	-99.248962
8704.797363	-98.696503
8710.180664	-98.590782
8715.563965	-99.120285
8720.947266	-99.219040
8726.330566	-99.018547
8731.713867	-98.995010
8737.097168	-99.359627
8742.480469	-99.003754
8747.863770	-99.166687
8753.247070	-99.168465
8758.630371	-98.785583
8764.013672	-98.740646
8769.396973	-98.427284
8774.780273	-98.848984
8780.163574	-99.071976
8785.546875	-98.580017
8790.930176	-99.074791
8796.313477	-99.319099
8801.696777	-99.332741
8807.080078	-99.653908
8812.463379	-99.585442
8817.846680	-98.990112
8823.229980	-98.936829
8828.613281	-98.830811
8833.996582	-98.686195
8839.379883	-99.022484
8844.763184	-99.578674
8850.146484	-99.316658
8855.529785	-99.900826
8860.913086	-99.827675
8866.296387	-98.915085
8871.679688	-98.800980
8877.062988	-98.845833
8882.446289	-99.462013
8887.829590	-99.004753
8893.212891	-98.740349
8898.596191	-98.972092
8903.979492	-98.786659
8909.362793	-99.004951
8914.746094	-99.096298
8920.129395	-98.844032
8925.512695	-99.136452
8930.895996	-99.146912
8936.279297	-99.390175
8941.662598	-99.340569
8947.045898	-99.430656
8952.429199	-99.406166
8957.812500	-99.288467
8963.195801	-98.843826
8968.579102	-99.270866
8973.962402	-99.353226
8979.345703	-98.897163
8984.729004	-99.092819
8990.112305	-99.237823
8995.495605	-98.763901
9000.878906	-99.497704
9006.262207	-99.118225
9011.645508	-98.668602
9017.028809	-98.848587
9022.412109	-99.204811
9027.795410	-99.244072
9033.178711	-99.346573
9038.562012	-99.294022
9043.945312	-99.249306
9049.328613	-99.413605
9054.711914	-99.468887
9060.095215	-98.976173
9065.478516	-98.628799
9070.861816	-98.652878
9076.245117	-98.957138
9081.628418	-98.764465
9087.011719	-99.012985
9092.395020	-98.788147
9097.778320	-98.984558
9103.161621	-98.856895
9108.544922	-99.196289
9113.928223	-99.156914
9119.311523	-98.983513
9124.694824	-99.040497
9130.078125	-99.276154
9135.461426	-99.351707
9140.844727	-99.319130
9146.228027	-98.597069
9151.611328	-98.777702
9156.994629	-99.357834
9162.377930	-99.178673
9167.761230	-98.863304
9173.144531	-99.067307
9178.527832	-98.999992
9183.911133	-98.267159
9189.294434	-98.838806
9194.677734	-99.193382
9200.061035	-99.568466
9205.444336	-99.231583
9210.827637	-98.833038
9216.210938	-99.278664
9221.594238	-99.286331
9226.977539	-99.621338
9232.360840	-99.802116
9237.744141	-99.238930
9243.127441	-98.936974
9248.510742	-99.144638
9253.894043	-99.230583
9259.277344	-99.214462
9264.660645	-99.358658
9270.043945	-99.460205
9275.427246	-99.333160
9280.810547	-99.440750
9286.193848	-99.553207
9291.577148	-99.166321
9296.960449	-98.924110
9302.343750	-99.269203
9307.727051	-99.274483
9313.110352	-99.347206
9318.493652	-99.169479
9323.876953	-99.415710
9329.260254	-99.532555
9334.643555	-99.496193
9340.026855	-99.473228
9345.410156	-99.487030
9350.793457	-99.259262
9356.176758	-99.155296
9361.560059	-98.907997
9366.943359	-99.145134
9372.326660	-99.173836
9377.709961	-98.910393
9383.093262	-99.164024
9388.476562	-98.993935
9393.859863	-99.212471
9399.243164	-98.981705
9404.626465	-99.191727
9410.009766	-99.111038
9415.393066	-99.255432
9420.776367	-99.376778
9426.159668	-99.107231
9431.542969	-99.073723
9436.926270	-99.451088
9442.309570	-99.615173
9447.692871	-100.042702
9453.076172	-99.456779
9458.459473	-99.198257
9463.842773	-98.980431
9469.226074	-99.075455
9474.609375	-99.054344
9479.992676	-99.055481
9485.375977	-99.298630
9490.759277	-99.401909
9496.142578	-99.198097
9501.525879	-99.909935
9506.909180	-99.986092
9512.292480	-99.356628
9517.675781	-99.172089
9523.059082	-99.361969
9528.442383	-99.295235
9533.825684	-99.179184
9539.208984	-99.222313
9544.592285	-99.170631
9549.975586	-99.179825
9555.358887	-99.115425
9560.742188	-99.369911
9566.125488	-100.206505
9571.508789	-99.795135
9576.892090	-99.322105
9582.275391	-99.105888
9587.658691	-98.973183
9593.041992	-99.163956
9598.425293	-99.053421
9603.808594	-99.128960
9609.191895	-98.870064
9614.575195	-99.156868
9619.958496	-99.114616
9625.341797	-99.099815
9630.725098	-99.264999
9636.108398	-99.770958
9641.491699	-99.140373
9646.875000	-99.242905
9652.258301	-99.065666
9657.641602	-99.290306
9663.024902	-99.307854
9668.408203	-99.251862
9673.791504	-98.869926
9679.174805	-99.013092
9684.558105	-99.112587
9689.941406	-99.266365
9695.324707	-98.822166
9700.708008	-98.892189
9706.091309	-99.549583
9711.474609	-99.053604
9716.857910	-99.112968
9722.241211	-98.849808
9727.624512	-98.870293
9733.007812	-99.087189
9738.391113	-99.220322
9743.774414	-99.367661
9749.157715	-99.044731
9754.541016	-98.974030
9759.924316	-99.053398
9765.307617	-99.248138
9770.690918	-99.349998
9776.074219	-99.062027
9781.457520	-99.450890
9786.840820	-99.723351
9792.224121	-99.588966
9797.607422	-99.415428
9802.990723	-99.079079
9808.374023	-99.369705
9813.757324	-99.624924
9819.140625	-99.096878
9824.523926	-99.361404
9829.907227	-99.125267
9835.290527	-98.886444
9840.673828	-98.801262
9846.057129	-99.057610
9851.440430	-99.117302
9856.823730	-99.381027
9862.207031	-99.380272
9867.590332	-99.345390
9872.973633	-98.809357
9878.356934	-99.742920
9883.740234	-99.304947
9889.123535	-99.132942
9894.506836	-99.161583
9899.890137	-99.263435
9905.273438	-99.664665
9910.656738	-99.344261
9916.040039	-98.734909
9921.423340	-98.684593
9926.806641	-98.286263
9932.189941	-96.757538
9937.573242	-97.846001
9942.956543	-99.194534
9948.339844	-99.174194
9953.723145	-98.789543
9959.106445	-99.015472
9964.489746	-98.969917
9969.873047	-99.150543
9975.256348	-99.353806
9980.639648	-99.116249
9986.022949	-98.801331
9991.406250	-98.723129
9996.789551	-98.969589
10002.172852	-98.820717
10007.556152	-98.925781
10012.939453	-99.291519
10018.322754	-99.437378
10023.706055	-99.474068
10029.089355	-99.416061
10034.472656	-99.481216
10039.855957	-98.990807
10045.239258	-99.153290
10050.622559	-98.975204
10056.005859	-98.819824
10061.389160	-99.048752
10066.772461	-98.967369
10072.155762	-99.107979
10077.539062	-99.306580
10082.922363	-99.292175
10088.305664	-98.883255
10093.688965	-99.042198
10099.072266	-98.882942
10104.455566	-99.099060
10109.838867	-99.178444
10115.222168	-98.956398
10120.605469	-98.701141
10125.988770	-99.080383
10131.372070	-98.798409
10136.755371	-98.670944
10142.138672	-99.286934
10147.521973	-99.313278
10152.905273	-99.389046
10158.288574	-99.053612
10163.671875	-99.138695
10169.055176	-98.988144
10174.438477	-98.800644
10179.821777	-99.364288
10185.205078	-99.684715
10190.588379	-99.022346
10195.971680	-98.319756
10201.354980	-98.184929
10206.738281	-98.975746
10212.121582	-98.895554
10217.504883	-98.761734
10222.888184	-99.241539
10228.271484	-98.977722
10233.654785	-98.843506
10239.038086	-98.849411
10244.421387	-99.220833
10249.804688	-99.464722
10255.187988	-99.480934
10260.571289	-98.684624
10265.954590	-98.980743
10271.337891	-99.283875
10276.721191	-99.212616
10282.104492	-98.851616
10287.487793	-98.692795
10292.871094	-98.671371
10298.254395	-98.732979
10303.637695	-98.971397
10309.020996	-98.972221
10314.404297	-98.978516
10319.787598	-99.054550
10325.170898	-99.128189
10330.554199	-99.085991
10335.937500	-99.134033
10341.320801	-98.900909
10346.704102	-98.680084
10352.087402	-98.305725
10357.470703	-98.446060
10362.854004	-98.798012
10368.237305	-98.871445
10373.620605	-98.852074
10379.003906	-98.646149
10384.387207	-98.827888
10389.770508	-99.151901
10395.153809	-98.956635
10400.537109	-98.610626
10405.920410	-98.567017
10411.303711	-98.585716
10416.687012	-98.272354
10422.070312	-98.869972
10427.453613	-98.825470
10432.836914	-98.596565
10438.220215	-98.670021
10443.603516	-98.584396
10448.986816	-98.958961
10454.370117	-98.975891
10459.753418	-99.202042
10465.136719	-98.660347
10470.520020	-98.711838
10475.903320	-98.535286
10481.286621	-98.404510
10486.669922	-98.451134
10492.053223	-98.443993
10497.436523	-98.232353
10502.819824	-98.818550
10508.203125	-98.975945
10513.586426	-98.836182
10518.969727	-99.142601
10524.353027	-98.810600
10529.736328	-99.290581
10535.119629	-99.516716
10540.502930	-99.311981
10545.886230	-99.024010
10551.269531	-98.946190
10556.652832	-98.877838
10562.036133	-98.885155
10567.419434	-98.689606
10572.802734	-98.656891
10578.186035	-99.054070
10583.569336	-98.717484
10588.952637	-98.710045
10594.335938	-98.738136
10599.719238	-98.733643
10605.102539	-98.539169
10610.485840	-98.976807
10615.869141	-98.947021
10621.252441	-98.840492
10626.635742	-98.727333
10632.019043	-98.754814
10637.402344	-98.784706
10642.785645	-98.864960
10648.168945	-98.513931
10653.552246	-99.076164
10658.935547	-99.341812
10664.318848	-98.879417
10669.702148	-99.013100
10675.085449	-98.969284
10680.468750	-98.955704
10685.852051	-98.802704
10691.235352	-99.197411
10696.618652	-99.296120
10702.001953	-99.172791
10707.385254	-98.993034
10712.768555	-99.516701
10718.151855	-99.118767
10723.535156	-98.967133
10728.918457	-98.777054
10734.301758	-99.040283
10739.685059	-99.297760
10745.068359	-99.080849
10750.451660	-98.889679
10755.834961	-98.889946
10761.218262	-98.740730
10766.601562	-98.788040
10771.984863	-98.811638
10777.368164	-99.039284
10782.751465	-99.415947
10788.134766	-99.492958
10793.518066	-99.237640
10798.901367	-99.216347
10804.284668	-99.222801
10809.667969	-99.022659
10815.051270	-98.940170
10820.434570	-99.196945
10825.817871	-99.254768
10831.201172	-98.648003
10836.584473	-98.930336
10841.967773	-99.056984
10847.351074	-99.337479
10852.734375	-98.964844
10858.117676	-99.211487
10863.500977	-99.413216
10868.884277	-99.570274
10874.267578	-99.331604
10879.650879	-99.074066
10885.034180	-99.397728
10890.417480	-99.479065
10895.800781	-99.007317
10901.184082	-99.289345
10906.567383	-99.248085
10911.950684	-99.144058
10917.333984	-98.701447
10922.717285	-98.330315
10928.100586	-98.730827
10933.483887	-98.705971
10938.867188	-99.266953
10944.250488	-98.786209
10949.633789	-98.523964
10955.017090	-98.552063
10960.400391	-98.957619
10965.783691	-99.197449
10971.166992	-99.051186
10976.550293	-99.115700
10981.933594	-99.160240
10987.316895	-99.235657
10992.700195	-99.354507
10998.083496	-99.605148
11003.466797	-99.765160
11008.850098	-99.266411
11014.233398	-98.874176
11019.616699	-98.798523
11025.000000	-98.641258
11030.383301	-98.866196
11035.766602	-99.136162
11041.149902	-99.095497
11046.533203	-98.544891
11051.916504	-99.195076
11057.299805	-99.308388
11062.683105	-99.258652
11068.066406	-99.246338
11073.449707	-99.101273
11078.833008	-98.857513
11084.216309	-98.700325
11089.599609	-98.576416
11094.982910	-98.765900
11100.366211	-98.879005
11105.749512	-99.290527
11111.132812	-98.969559
11116.516113	-98.991447
11121.899414	-98.957024
11127.282715	-98.877892
11132.666016	-98.903137
11138.049316	-98.517105
11143.432617	-98.993813
11148.815918	-99.130341
11154.199219	-98.632507
11159.582520	-99.148170
11164.965820	-98.774071
11170.349121	-98.567490
11175.732422	-98.917450
11181.115723	-98.776215
11186.499023	-98.551117
11191.882324	-99.404922
11197.265625	-98.921623
11202.648926	-98.647827
11208.032227	-98.709229
11213.415527	-98.789246
11218.798828	-98.473312
11224.182129	-98.696678
11229.565430	-99.354103
11234.948730	-99.088005
11240.332031	-98.732300
11245.715332	-98.690659
11251.098633	-98.563446
11256.481934	-98.764122
11261.865234	-98.827820
11267.248535	-98.987907
11272.631836	-98.802238
11278.015137	-98.381844
11283.398438	-98.720833
11288.781738	-98.857117
11294.165039	-98.789459
11299.548340	-99.141953
11304.931641	-99.095253
11310.314941	-99.341370
11315.698242	-99.285744
11321.081543	-98.714325
11326.464844	-98.988518
11331.848145	-99.064972
11337.231445	-99.163086
11342.614746	-99.175987
11347.998047	-99.309364
11353.381348	-99.235268
11358.764648	-98.950119
11364.147949	-98.772766
11369.531250	-99.197708
11374.914551	-98.714577
11380.297852	-99.070312
11385.681152	-99.215080
11391.064453	-99.212845
11396.447754	-98.949303
11401.831055	-98.498764
11407.214355	-98.212952
11412.597656	-98.738182
11417.980957	-98.828865
11423.364258	-99.186768
11428.747559	-99.086960
11434.130859	-99.080360
11439.514160	-99.129791
11444.897461	-98.793350
11450.280762	-98.929672
11455.664062	-98.766762
11461.047363	-98.937347
11466.430664	-98.822510
11471.813965	-98.796371
11477.197266	-98.963104
11482.580566	-99.062355
11487.963867	-99.654099
11493.347168	-99.179306
11498.730469	-98.798401
11504.113770	-98.776413
11509.497070	-98.949150
11514.880371	-98.278717
11520.263672	-98.310883
11525.646973	-99.089035
11531.030273	-98.775764
11536.413574	-99.140701
11541.796875	-99.137802
11547.180176	-99.076958
11552.563477	-98.446098
11557.946777	-99.078056
11563.330078	-98.697937
11568.713379	-98.654037
11574.096680	-98.887779
11579.479980	-98.725082
11584.863281	-98.914192
11590.246582	-98.330864
11595.629883	-98.391479
11601.013184	-98.869308
11606.396484	-99.507393
11611.779785	-99.016266
11617.163086	-98.844040
11622.546387	-98.501411
11627.929688	-98.731255
11633.312988	-98.910233
11638.696289	-98.495491
11644.079590	-98.783600
11649.462891	-99.200928
11654.846191	-99.048088
11660.229492	-99.352524
11665.612793	-98.825310
11670.996094	-98.704079
11676.379395	-98.647156
11681.762695	-99.045341
11687.145996	-98.849678
11692.529297	-98.839706
11697.912598	-98.986900
11703.295898	-98.703903
11708.679199	-98.610085
11714.062500	-98.854172
11719.445801	-99.006538
11724.829102	-98.858795
11730.212402	-98.399422
11735.595703	-98.922836
11740.979004	-99.011406
11746.362305	-98.703476
11751.745605	-98.916435
11757.128906	-99.091995
11762.512207	-98.602661
11767.895508	-98.866371
11773.278809	-98.538681
11778.662109	-98.704292
11784.045410	-98.404182
11789.428711	-98.678322
11794.812012	-98.728325
11800.195312	-98.215248
11805.578613	-97.884033
11810.961914	-97.457657
11816.345215	-98.503593
11821.728516	-98.781189
11827.111816	-98.743149
11832.495117	-98.811386
11837.878418	-98.566429
11843.261719	-98.143555
11848.645020	-98.270950
11854.028320	-98.742729
11859.411621	-98.610481
11864.794922	-98.971901
11870.178223	-98.877281
11875.561523	-98.643959
11880.944824	-98.539055
11886.328125	-98.567459
11891.711426	-98.417549
11897.094727	-98.686806
11902.478027	-99.093597
11907.861328	-98.754601
11913.244629	-98.387878
11918.627930	-98.137390
11924.011230	-98.343788
11929.394531	-98.691414
11934.777832	-98.690140
11940.161133	-99.027115
11945.544434	-98.608536
11950.927734	-98.772232
11956.311035	-98.887398
11961.694336	-98.997192
11967.077637	-98.835297
11972.460938	-99.113815
11977.844238	-99.056335
11983.227539	-98.748032
11988.610840	-98.501221
11993.994141	-98.669083
11999.377441	-98.696358
12004.760742	-98.450287
12010.144043	-98.749062
12015.527344	-98.897430
12020.910645	-98.451279
12026.293945	-98.778572
12031.677246	-98.639374
12037.060547	-98.639297
12042.443848	-98.454979
12047.827148	-98.462524
12053.210449	-98.373383
12058.593750	-98.653206
12063.977051	-98.564827
12069.360352	-98.456970
12074.743652	-98.777580
12080.126953	-98.711952
12085.510254	-98.750771
12090.893555	-98.064552
12096.276855	-98.021240
12101.660156	-98.330696
12107.043457	-98.384293
12112.426758	-98.458694
12117.810059	-98.138733
12123.193359	-97.964523
12128.576660	-98.029663
12133.959961	-98.151802
12139.343262	-98.396500
12144.726562	-98.182327
12150.109863	-98.275085
12155.493164	-98.070961
12160.876465	-98.429214
12166.259766	-98.558411
12171.643066	-98.229713
12177.026367	-98.482811
12182.409668	-98.269920
12187.792969	-98.203194
12193.176270	-98.787590
12198.559570	-98.805130
12203.942871	-98.280273
12209.326172	-98.622856
12214.709473	-98.565384
12220.092773	-98.285141
12225.476074	-98.409378
12230.859375	-98.610283
12236.242676	-98.369736
12241.625977	-98.325775
12247.009277	-98.635864
12252.392578	-98.535095
12257.775879	-98.543106
12263.159180	-98.510979
12268.542480	-98.173454
12273.925781	-98.033134
12279.309082	-97.939438
12284.692383	-98.014496
12290.075684	-98.149948
12295.458984	-98.260483
12300.842285	-98.293373
12306.225586	-98.929092
12311.608887	-98.601738
12316.992188	-98.372452
12322.375488	-98.096863
12327.758789	-98.889984
12333.142090	-99.109978
12338.525391	-98.473885
12343.908691	-98.005127
12349.291992	-98.106125
12354.675293	-98.583260
12360.058594	-98.423401
12365.441895	-98.159538
12370.825195	-98.453918
12376.208496	-98.209976
12381.591797	-98.770882
12386.975098	-98.635651
12392.358398	-98.434372
12397.741699	-98.254616
12403.125000	-98.047874
12408.508301	-98.219307
12413.891602	-98.177963
12419.274902	-98.211334
12424.658203	-98.443176
12430.041504	-98.554123
12435.424805	-97.658356
12440.808105	-97.655739
12446.191406	-98.011665
12451.574707	-98.425697
12456.958008	-98.163612
12462.341309	-98.235985
12467.724609	-98.540535
12473.107910	-98.298805
12478.491211	-98.180588
12483.874512	-98.060059
12489.257812	-98.097992
12494.641113	-98.539017
12500.024414	-98.833504
12505.407715	-98.796600
12510.791016	-98.442230
12516.174316	-98.355820
12521.557617	-98.158600
12526.940918	-98.260849
12532.324219	-98.676208
12537.707520	-98.543846
12543.090820	-98.326080
12548.474121	-99.037979
12553.857422	-98.854744
12559.240723	-98.706223
12564.624023	-98.614975
12570.007324	-98.507179
12575.390625	-98.926498
12580.773926	-98.923187
12586.157227	-98.959366
12591.540527	-98.388855
12596.923828	-98.444801
12602.307129	-98.628563
12607.690430	-98.343254
12613.073730	-98.743652
12618.457031	-98.820770
12623.840332	-98.980865
12629.223633	-98.480080
12634.606934	-98.512466
12639.990234	-98.648239
12645.373535	-98.770004
12650.756836	-99.482773
12656.140137	-98.824936
12661.523438	-98.246925
12666.906738	-98.301643
12672.290039	-98.381447
12677.673340	-98.484512
12683.056641	-98.401154
12688.439941	-98.554306
12693.823242	-98.402802
12699.206543	-99.021019
12704.589844	-99.003639
12709.973145	-99.015755
12715.356445	-98.657349
12720.739746	-98.943893
12726.123047	-98.792114
12731.506348	-99.094353
12736.889648	-98.972733
12742.272949	-98.863647
12747.656250	-98.634048
12753.039551	-99.306587
12758.422852	-98.939667
12763.806152	-98.667542
12769.189453	-99.108910
12774.572754	-98.867783
12779.956055	-98.489334
12785.339355	-98.577141
12790.722656	-98.931877
12796.105957	-98.926842
12801.489258	-98.800941
12806.872559	-98.863564
12812.255859	-98.438675
12817.639160	-98.959801
12823.022461	-99.004234
12828.405762	-98.975739
12833.789062	-98.942154
12839.172363	-98.845634
12844.555664	-98.895844
12849.938965	-99.190125
12855.322266	-99.212006
12860.705566	-99.553841
12866.088867	-99.278748
12871.472168	-99.760857
12876.855469	-98.943665
12882.238770	-98.859795
12887.622070	-99.572380
12893.005371	-99.397972
12898.388672	-99.090721
12903.771973	-98.335930
12909.155273	-98.687828
12914.538574	-99.231049
12919.921875	-99.997421
12925.305176	-99.470833
12930.688477	-99.510468
12936.071777	-99.395615
12941.455078	-98.947510
12946.838379	-99.466858
12952.221680	-99.386086
12957.604980	-98.653740
12962.988281	-98.813606
12968.371582	-99.009315
12973.754883	-99.019997
12979.138184	-98.882668
12984.521484	-98.732239
12989.904785	-98.921631
12995.288086	-98.413818
13000.671387	-98.838905
13006.054688	-98.851646
13011.437988	-98.685181
13016.821289	-99.265099
13022.204590	-98.956573
13027.587891	-99.072662
13032.971191	-99.014557
13038.354492	-99.214607
13043.737793	-98.881523
13049.121094	-99.159973
13054.504395	-99.332314
13059.887695	-99.348351
13065.270996	-99.020767
13070.654297	-99.192665
13076.037598	-99.271912
13081.420898	-99.181793
13086.804199	-98.888123
13092.187500	-98.556335
13097.570801	-98.956406
13102.954102	-99.551270
13108.337402	-99.532234
13113.720703	-100.020462
13119.104004	-99.434105
13124.487305	-99.456627
13129.870605	-99.084686
13135.253906	-99.094170
13140.637207	-99.499992
13146.020508	-99.394791
13151.403809	-99.024757
13156.787109	-99.085106
13162.170410	-99.015213
13167.553711	-98.697670
13172.937012	-98.806190
13178.320312	-98.831985
13183.703613	-99.580635
13189.086914	-99.137146
13194.470215	-99.104584
13199.853516	-99.109978
13205.236816	-99.579971
13210.620117	-98.385445
13216.003418	-94.179436
13221.386719	-95.685226
13226.770020	-98.777748
13232.153320	-98.575943
13237.536621	-98.840683
13242.919922	-97.835373
13248.303223	-96.487083
13253.686523	-98.152008
13259.069824	-98.648804
13264.453125	-99.066490
13269.836426	-99.275032
13275.219727	-98.785957
13280.603027	-97.532867
13285.986328	-98.402809
13291.369629	-98.716576
13296.752930	-98.633179
13302.136230	-98.095490
13307.519531	-96.030289
13312.902832	-95.361465
13318.286133	-98.171875
13323.669434	-98.073143
13329.052734	-97.787354
13334.436035	-97.983429
13339.819336	-98.079659
13345.202637	-98.741158
13350.585938	-98.916336
13355.969238	-99.416931
13361.352539	-99.262886
13366.735840	-97.915474
13372.119141	-93.452148
13377.502441	-94.684021
13382.885742	-99.183487
13388.269043	-99.329758
13393.652344	-99.623306
13399.035645	-98.820023
13404.418945	-97.332718
13409.802246	-97.999123
13415.185547	-98.070251
13420.568848	-98.348022
13425.952148	-98.554878
13431.335449	-98.203171
13436.718750	-96.644676
13442.102051	-97.754204
13447.485352	-98.001770
13452.868652	-97.769768
13458.251953	-98.098366
13463.635254	-96.519234
13469.018555	-95.055145
13474.401855	-98.124352
13479.785156	-98.499168
13485.168457	-98.782372
13490.551758	-98.854889
13495.935059	-99.049217
13501.318359	-99.231422
13506.701660	-99.138756
13512.084961	-99.049995
13517.468262	-98.859825
13522.851562	-99.078697
13528.234863	-96.603104
13533.618164	-96.890358
13539.001465	-98.992447
13544.384766	-99.080605
13549.768066	-99.500854
13555.151367	-98.737228
13560.534668	-96.172234
13565.917969	-96.670532
13571.301270	-96.298889
13576.684570	-96.526009
13582.067871	-98.084244
13587.451172	-97.711563
13592.834473	-95.414642
13598.217773	-97.612564
13603.601074	-98.574112
13608.984375	-98.622765
13614.367676	-98.721024
13619.750977	-98.552017
13625.134277	-97.502007
13630.517578	-98.481209
13635.900879	-98.635735
13641.284180	-98.822876
13646.667480	-98.667061
13652.050781	-98.293694
13657.434082	-98.627716
13662.817383	-99.179260
13668.200684	-99.047119
13673.583984	-98.854935
13678.967285	-98.731598
13684.350586	-97.782074
13689.733887	-97.745789
13695.117188	-99.220573
13700.500488	-99.804092
13705.883789	-99.919189
13711.267090	-99.709564
13716.650391	-99.821060
13722.033691	-99.813011
13727.416992	-99.329636
13732.800293	-99.151230
13738.183594	-99.268188
13743.566895	-99.473137
13748.950195	-99.028229
13754.333496	-99.448410
13759.716797	-99.294334
13765.100098	-99.408714
13770.483398	-99.771683
13775.866699	-99.229195
13781.250000	-97.704796
13786.633301	-98.935669
13792.016602	-99.593719
13797.399902	-99.476807
13802.783203	-99.584091
13808.166504	-99.365067
13813.549805	-99.126518
13818.933105	-99.516388
13824.316406	-99.441399
13829.699707	-99.382736
13835.083008	-99.253792
13840.466309	-98.886993
13845.849609	-99.363464
13851.232910	-99.604523
13856.616211	-99.604202
13861.999512	-99.820641
13867.382812	-99.730148
13872.766113	-99.458633
13878.149414	-99.104866
13883.532715	-99.187828
13888.916016	-99.699516
13894.299316	-99.751892
13899.682617	-99.585960
13905.065918	-99.871628
13910.449219	-100.188065
13915.832520	-99.990364
13921.215820	-99.766418
13926.599121	-99.477409
13931.982422	-99.287354
13937.365723	-99.365150
13942.749023	-99.547470
13948.132324	-99.635292
13953.515625	-99.828148
13958.898926	-99.671097
13964.282227	-99.798538
13969.665527	-99.587990
13975.048828	-99.542274
13980.432129	-99.592957
13985.815430	-99.755547
13991.198730	-99.858200
13996.582031	-98.798210
14001.965332	-98.693268
14007.348633	-99.483307
14012.731934	-99.994759
14018.115234	-100.465950
14023.498535	-100.018127
14028.881836	-99.743332
14034.265137	-99.291000
14039.648438	-99.420601
14045.031738	-99.557945
14050.415039	-99.674942
14055.798340	-99.618286
14061.181641	-99.711166
14066.564941	-99.819389
14071.948242	-99.716278
14077.331543	-99.884224
14082.714844	-99.596680
14088.098145	-99.429810
14093.481445	-99.739090
14098.864746	-99.469276
14104.248047	-99.577713
14109.631348	-99.284836
14115.014648	-99.608719
14120.397949	-99.946358
14125.781250	-99.870071
14131.164551	-99.698898
14136.547852	-100.000206
14141.931152	-99.923904
14147.314453	-99.460831
14152.697754	-98.772720
14158.081055	-98.315132
14163.464355	-99.797302
14168.847656	-99.683769
14174.230957	-99.673843
14179.614258	-99.788872
14184.997559	-99.679260
14190.380859	-99.883141
14195.764160	-100.312370
14201.147461	-100.509544
14206.530762	-100.314011
14211.914062	-99.578911
14217.297363	-99.334999
14222.680664	-99.923042
14228.063965	-99.757111
14233.447266	-99.798866
14238.830566	-99.670319
14244.213867	-99.443665
14249.597168	-99.201294
14254.980469	-99.205482
14260.363770	-99.505577
14265.747070	-99.484848
14271.130371	-99.171143
14276.513672	-99.280693
14281.896973	-99.624687
14287.280273	-99.963631
14292.663574	-99.549957
14298.046875	-99.374741
14303.430176	-99.821899
14308.813477	-99.874229
14314.196777	-99.824379
14319.580078	-99.639137
14324.963379	-99.556580
14330.346680	-99.852509
14335.729980	-99.303284
14341.113281	-99.549881
14346.496582	-99.975037
14351.879883	-99.678810
14357.263184	-99.757332
14362.646484	-99.727974
14368.029785	-99.621193
14373.413086	-99.590042
14378.796387	-99.726768
14384.179688	-99.572739
14389.562988	-100.234734
14394.946289	-99.982857
14400.329590	-100.019928
14405.712891	-100.022720
14411.096191	-100.002411
14416.479492	-99.772766
14421.862793	-99.640541
14427.246094	-100.194023
14432.629395	-99.676201
14438.012695	-99.395660
14443.395996	-99.859123
14448.779297	-99.905777
14454.162598	-99.551483
14459.545898	-99.385757
14464.929199	-99.455811
14470.312500	-98.819641
14475.695801	-99.298393
14481.079102	-99.448517
14486.462402	-99.783562
14491.845703	-99.975319
14497.229004	-100.170944
14502.612305	-99.947510
14507.995605	-99.780556
14513.378906	-99.365143
14518.762207	-99.694656
14524.145508	-99.640442
14529.528809	-99.536919
14534.912109	-99.661598
14540.295410	-99.460526
14545.678711	-99.701309
14551.062012	-99.775131
14556.445312	-99.578873
14561.828613	-99.604813
14567.211914	-99.708549
14572.595215	-99.895660
14577.978516	-99.954407
14583.361816	-99.920380
14588.745117	-99.771393
14594.128418	-99.891609
14599.511719	-99.910728
14604.895020	-99.464790
14610.278320	-99.625923
14615.661621	-99.511284
14621.044922	-99.477097
14626.428223	-99.441429
14631.811523	-99.501114
14637.194824	-99.470581
14642.578125	-99.431145
14647.961426	-99.854980
14653.344727	-100.109123
14658.728027	-99.709930
14664.111328	-99.371292
14669.494629	-99.479469
14674.877930	-98.319496
14680.261230	-90.958130
14685.644531	-92.599403
14691.027832	-99.422874
14696.411133	-99.302269
14701.794434	-98.844116
14707.177734	-98.927689
14712.561035	-99.412926
14717.944336	-99.759789
14723.327637	-99.716927
14728.710938	-99.599472
14734.094238	-99.789162
14739.477539	-99.529266
14744.860840	-99.279434
14750.244141	-99.161743
14755.627441	-99.561218
14761.010742	-99.257751
14766.394043	-99.772049
14771.777344	-99.686745
14777.160645	-99.618279
14782.543945	-99.460396
14787.927246	-99.898621
14793.310547	-99.299850
14798.693848	-99.299026
14804.077148	-99.764481
14809.460449	-99.256783
14814.843750	-99.132423
14820.227051	-99.430809
14825.610352	-99.457733
14830.993652	-99.173248
14836.376953	-99.274979
14841.760254	-99.307442
14847.143555	-99.560837
14852.526855	-99.614815
14857.910156	-99.061195
14863.293457	-99.446877
14868.676758	-99.836563
14874.060059	-99.695526
14879.443359	-99.475777
14884.826660	-99.349136
14890.209961	-99.847748
14895.593262	-99.180756
14900.976562	-99.327278
14906.359863	-99.320694
14911.743164	-98.999893
14917.126465	-99.220573
14922.509766	-99.247253
14927.893066	-98.911369
14933.276367	-98.686905
14938.659668	-98.199287
14944.042969	-98.968620
14949.426270	-99.279785
14954.809570	-99.606171
14960.192871	-99.490173
14965.576172	-99.658867
14970.959473	-99.621284
14976.342773	-99.604797
14981.726074	-99.779610
14987.109375	-99.909149
14992.492676	-99.454155
14997.875977	-99.191002
15003.259277	-99.847031
15008.642578	-99.907272
15014.025879	-99.725639
15019.409180	-99.880569
15024.792480	-99.545212
15030.175781	-99.557442
15035.559082	-99.933815
15040.942383	-99.455391
15046.325684	-99.297661
15051.708984	-99.819901
15057.092285	-100.056206
15062.475586	-99.656166
15067.858887	-99.569901
15073.242188	-99.448532
15078.625488	-99.325645
15084.008789	-99.256760
15089.392090	-99.877487
15094.775391	-98.886589
15100.158691	-99.040939
15105.541992	-99.536392
15110.925293	-99.841759
15116.308594	-99.597748
15121.691895	-99.502586
15127.075195	-99.609863
15132.458496	-99.252251
15137.841797	-99.496361
15143.225098	-99.792473
15148.608398	-99.671700
15153.991699	-99.832756
15159.375000	-99.426392
15164.758301	-99.097961
15170.141602	-99.355133
15175.524902	-99.747482
15180.908203	-99.514786
15186.291504	-99.105049
15191.674805	-99.572975
15197.058105	-98.918236
15202.441406	-99.107605
15207.824707	-99.997673
15213.208008	-99.391388
15218.591309	-99.168839
15223.974609	-99.435974
15229.357910	-99.270424
15234.741211	-99.511482
15240.124512	-99.818359
15245.507812	-99.714958
15250.891113	-99.079056
15256.274414	-99.399445
15261.657715	-99.889397
15267.041016	-99.810265
15272.424316	-100.114647
15277.807617	-99.654976
15283.190918	-99.360245
15288.574219	-99.762001
15293.957520	-99.543953
15299.340820	-99.499092
15304.724121	-99.235474
15310.107422	-99.514809
15315.490723	-99.593880
15320.874023	-99.755463
15326.257324	-99.738792
15331.640625	-100.022331
15337.023926	-99.908112
15342.407227	-99.922363
15347.790527	-99.765106
15353.173828	-99.921638
15358.557129	-99.382927
15363.940430	-99.712791
15369.323730	-99.629150
15374.707031	-98.783501
15380.090332	-99.497437
15385.473633	-100.150146
15390.856934	-99.655624
15396.240234	-99.690300
15401.623535	-99.766136
15407.006836	-99.787766
15412.390137	-99.431297
15417.773438	-99.415771
15423.156738	-99.718880
15428.540039	-99.448494
15433.923340	-99.393005
15439.306641	-99.898201
15444.689941	-99.613785
15450.073242	-99.707382
15455.456543	-99.798576
15460.839844	-99.711441
15466.223145	-99.423454
15471.606445	-99.652298
15476.989746	-99.510750
15482.373047	-99.765274
15487.756348	-99.657600
15493.139648	-99.684906
15498.522949	-99.434380
15503.906250	-99.476700
15509.289551	-99.454521
15514.672852	-99.556458
15520.056152	-99.564667
15525.439453	-99.388977
15530.822754	-99.422134
15536.206055	-99.357796
15541.589355	-99.176476
15546.972656	-99.263763
15552.355957	-99.344070
15557.739258	-99.489319
15563.122559	-99.200409
15568.505859	-99.733482
15573.889160	-99.900223
15579.272461	-99.386719
15584.655762	-99.388741
15590.039062	-99.961380
15595.422363	-99.227036
15600.805664	-99.104256
15606.188965	-99.670097
15611.572266	-99.110168
15616.955566	-99.253510
15622.338867	-99.244804
15627.722168	-99.018166
15633.105469	-99.904366
15638.488770	-99.857658
15643.872070	-99.765236
15649.255371	-99.069351
15654.638672	-98.461510
15660.021973	-98.342194
15665.405273	-99.350410
15670.788574	-99.648689
15676.171875	-99.936867
15681.555176	-99.373695
15686.938477	-99.247513
15692.321777	-99.372086
15697.705078	-99.440308
15703.088379	-99.437172
15708.471680	-99.461540
15713.854980	-99.144745
15719.238281	-99.213326
15724.621582	-99.322655
15730.004883	-99.285896
15735.388184	-99.444862
15740.771484	-99.333328
15746.154785	-98.950302
15751.538086	-99.410255
15756.921387	-99.326996
15762.304688	-98.882614
15767.687988	-99.484093
15773.071289	-99.371887
15778.454590	-99.067123
15783.837891	-98.712273
15789.221191	-99.259193
15794.604492	-99.272682
15799.987793	-98.881401
15805.371094	-98.943909
15810.754395	-98.901093
15816.137695	-98.772461
15821.520996	-99.112297
15826.904297	-99.252884
15832.287598	-98.786873
15837.670898	-98.984238
15843.054199	-99.084236
15848.437500	-99.070358
15853.820801	-99.271423
15859.204102	-98.713707
15864.587402	-98.685928
15869.970703	-98.838181
15875.354004	-98.792168
15880.737305	-99.064705
15886.120605	-99.278168
15891.503906	-98.612000
15896.887207	-98.245636
15902.270508	-98.457184
15907.653809	-98.453636
15913.037109	-98.043159
15918.420410	-98.242203
15923.803711	-98.763458
15929.187012	-98.559830
15934.570312	-98.138588
15939.953613	-98.264091
15945.336914	-98.111526
15950.720215	-98.048759
15956.103516	-98.657570
15961.486816	-98.454575
15966.870117	-98.265877
15972.253418	-98.600792
15977.636719	-98.356674
15983.020020	-98.330269
15988.403320	-98.725807
15993.786621	-98.250519
15999.169922	-98.847565
16004.553223	-99.363190
16009.936523	-99.094711
16015.319824	-98.936714
16020.703125	-99.391045
16026.086426	-99.203651
16031.469727	-98.243645
16036.853027	-98.408394
16042.236328	-98.749008
16047.619629	-98.633507
16053.002930	-99.274490
16058.386230	-99.151100
16063.769531	-99.239044
16069.152832	-99.264664
16074.536133	-99.108948
16079.919434	-99.086990
16085.302734	-99.370323
16090.686035	-99.314629
16096.069336	-99.158531
16101.452637	-99.558731
16106.835938	-99.233849
16112.219238	-99.183029
16117.602539	-99.848274
16122.985840	-99.578117
16128.369141	-99.782806
16133.752441	-99.589241
16139.135742	-99.631096
16144.519043	-100.071922
16149.902344	-99.655304
16155.285645	-99.437889
16160.668945	-99.559334
16166.052246	-99.678429
16171.435547	-99.834023
16176.818848	-100.049431
16182.202148	-99.494392
16187.585449	-99.358139
16192.968750	-99.170898
16198.352051	-99.259705
16203.735352	-99.182831
16209.118652	-99.333618
16214.501953	-99.855003
16219.885254	-99.913567
16225.268555	-99.982193
16230.651855	-99.977699
16236.035156	-99.712158
16241.418457	-99.896706
16246.801758	-99.770958
16252.185059	-99.912003
16257.568359	-99.627106
16262.951660	-99.637512
16268.334961	-99.352875
16273.718262	-99.353973
16279.101562	-99.675179
16284.484863	-99.482048
16289.868164	-99.734924
16295.251465	-99.309349
16300.634766	-99.166588
16306.018066	-99.433670
16311.401367	-99.849640
16316.784668	-99.748489
16322.167969	-99.806572
16327.551270	-99.807289
16332.934570	-99.374237
16338.317871	-99.052841
16343.701172	-99.047806
16349.084473	-99.610840
16354.467773	-99.979759
16359.851074	-99.993156
16365.234375	-99.486710
16370.617676	-99.423134
16376.000977	-99.066765
16381.384277	-98.765739
16386.767578	-98.979263
16392.150879	-99.417168
16397.534180	-99.354668
16402.917480	-99.397514
16408.300781	-99.251007
16413.684082	-99.552124
16419.067383	-99.384422
16424.450684	-99.200012
16429.833984	-98.937241
16435.217285	-99.247162
16440.600586	-99.272308
16445.983887	-99.118332
16451.367188	-99.051491
16456.750488	-99.177193
16462.133789	-99.271072
16467.517090	-99.452820
16472.900391	-99.382133
16478.283691	-99.681053
16483.666992	-100.021004
16489.050293	-99.534874
16494.433594	-99.366158
16499.816895	-98.927605
16505.200195	-98.638916
16510.583496	-99.427414
16515.966797	-99.656197
16521.350098	-99.839317
16526.733398	-99.557594
16532.116699	-99.427086
16537.500000	-99.455696
16542.883301	-99.477455
16548.266602	-99.909576
16553.649902	-99.829453
16559.033203	-99.448509
16564.416504	-99.494606
16569.799805	-99.430771
16575.183105	-98.906982
16580.566406	-98.931900
16585.949707	-99.831841
16591.333008	-99.927017
16596.716309	-99.853531
16602.099609	-99.476730
16607.482910	-99.153168
16612.866211	-99.095268
16618.249512	-99.391273
16623.632812	-99.668114
16629.016113	-99.670311
16634.399414	-99.172874
16639.782715	-99.165672
16645.166016	-99.459587
16650.549316	-99.518906
16655.932617	-99.226646
16661.315918	-99.356529
16666.699219	-99.753693
16672.082520	-99.817276
16677.465820	-99.505661
16682.849121	-99.625237
16688.232422	-99.752747
16693.615723	-99.366570
16698.999023	-99.716415
16704.382324	-99.132385
16709.765625	-99.401627
16715.148926	-99.019257
16720.532227	-99.419983
16725.915527	-99.869469
16731.298828	-99.442253
16736.682129	-99.243698
16742.065430	-99.113579
16747.448730	-99.489685
16752.832031	-99.882278
16758.215332	-99.795349
16763.598633	-98.981674
16768.981934	-99.415253
16774.365234	-100.016617
16779.748535	-99.879936
16785.131836	-100.196724
16790.515137	-100.034515
16795.898438	-99.808998
16801.281738	-99.912872
16806.665039	-99.424927
16812.048340	-98.677261
16817.431641	-98.660553
16822.814941	-99.588364
16828.198242	-99.505653
16833.581543	-99.660034
16838.964844	-99.340324
16844.348145	-98.927208
16849.731445	-99.368614
16855.114746	-99.660408
16860.498047	-99.768814
16865.881348	-99.661446
16871.264648	-99.731567
16876.647949	-99.406036
16882.031250	-99.295311
16887.414551	-99.527161
16892.797852	-99.969704
16898.181152	-99.763847
16903.564453	-99.609497
16908.947754	-99.357063
16914.331055	-98.365440
16919.714355	-96.214287
16925.097656	-98.951675
16930.480957	-99.559792
16935.864258	-100.020424
16941.247559	-99.671806
16946.630859	-99.721672
16952.014160	-99.927872
16957.397461	-99.268600
16962.780762	-99.272316
16968.164062	-98.183899
16973.547363	-97.006378
16978.930664	-95.513390
16984.313965	-98.654381
16989.697266	-99.051933
16995.080566	-99.757317
17000.463867	-100.234947
17005.847168	-99.731194
17011.230469	-99.945793
17016.613770	-100.151833
17021.997070	-100.065063
17027.380371	-99.609909
17032.763672	-98.856644
17038.146973	-99.243134
17043.530273	-99.904213
17048.913574	-100.054176
17054.296875	-99.898849
17059.680176	-99.853935
17065.063477	-99.215408
17070.446777	-99.531769
17075.830078	-100.041725
17081.213379	-99.344673
17086.596680	-99.091667
17091.979980	-98.660728
17097.363281	-99.020950
17102.746582	-99.224777
17108.129883	-99.760841
17113.513184	-99.622612
17118.896484	-99.525551
17124.279785	-99.110710
17129.663086	-98.974266
17135.046387	-99.919731
17140.429688	-100.054871
17145.812988	-99.860596
17151.196289	-99.726662
17156.579590	-99.621056
17161.962891	-99.303734
17167.346191	-99.402824
17172.729492	-99.872704
17178.112793	-99.798874
17183.496094	-99.995071
17188.879395	-99.013016
17194.262695	-99.617706
17199.645996	-99.549889
17205.029297	-99.238327
17210.412598	-99.057907
17215.795898	-99.347282
17221.179199	-99.612946
17226.562500	-99.156082
17231.945801	-99.061867
17237.329102	-99.447624
17242.712402	-99.869141
17248.095703	-100.048004
17253.479004	-99.616699
17258.862305	-99.674347
17264.245605	-100.025406
17269.628906	-100.006454
17275.012207	-99.670387
17280.395508	-98.949654
17285.778809	-99.127510
17291.162109	-99.789680
17296.545410	-100.173035
17301.928711	-99.820885
17307.312012	-99.746483
17312.695312	-99.695580
17318.078613	-100.072144
17323.461914	-100.240356
17328.845215	-99.651718
17334.228516	-99.512497
17339.611816	-99.798805
17344.995117	-99.463417
17350.378418	-99.914314
17355.761719	-99.899246
17361.145020	-99.307350
17366.528320	-99.039978
17371.911621	-100.402313
17377.294922	-100.063110
17382.678223	-99.777504
17388.061523	-99.811745
17393.444824	-99.532013
17398.828125	-99.400375
17404.211426	-98.952560
17409.594727	-99.381355
17414.978027	-99.398170
17420.361328	-99.433777
17425.744629	-99.302292
17431.127930	-97.551712
17436.511230	-93.759293
17441.894531	-91.692314
17447.277832	-98.284531
17452.661133	-99.536942
17458.044434	-99.755997
17463.427734	-99.562675
17468.811035	-99.643837
17474.194336	-99.625839
17479.577637	-99.763184
17484.960938	-99.538467
17490.344238	-99.558716
17495.727539	-99.792946
17501.110840	-99.374031
17506.494141	-99.209946
17511.877441	-98.935959
17517.260742	-99.013428
17522.644043	-100.014465
17528.027344	-100.024048
17533.410645	-99.532822
17538.793945	-99.662003
17544.177246	-99.676384
17549.560547	-99.747665
17554.943848	-100.019363
17560.327148	-99.582169
17565.710449	-99.667572
17571.093750	-99.645065
17576.477051	-99.265625
17581.860352	-99.770630
17587.243652	-99.570404
17592.626953	-97.850037
17598.010254	-96.515717
17603.393555	-99.147026
17608.776855	-99.597305
17614.160156	-99.566597
17619.543457	-99.702194
17624.926758	-99.519730
17630.310059	-99.375534
17635.693359	-99.530228
17641.076660	-99.570969
17646.459961	-99.536499
17651.843262	-99.376862
17657.226562	-99.810608
17662.609863	-99.927666
17667.993164	-99.686882
17673.376465	-99.442001
17678.759766	-99.947685
17684.143066	-99.731155
17689.526367	-99.216484
17694.909668	-99.323967
17700.292969	-99.930954
17705.676270	-100.282196
17711.059570	-99.499031
17716.442871	-99.177597
17721.826172	-99.635056
17727.209473	-99.194626
17732.592773	-98.942513
17737.976074	-98.774353
17743.359375	-97.475266
17748.742676	-89.297531
17754.125977	-86.534767
17759.509277	-95.474304
17764.892578	-99.717415
17770.275879	-99.647850
17775.659180	-100.150253
17781.042480	-99.847595
17786.425781	-99.326981
17791.809082	-99.656685
17797.192383	-99.926476
17802.575684	-99.807846
17807.958984	-99.799454
17813.342285	-99.356461
17818.725586	-99.328896
17824.108887	-99.669975
17829.492188	-99.756355
17834.875488	-99.277534
17840.258789	-99.398483
17845.642090	-99.638977
17851.025391	-99.626244
17856.408691	-99.238449
17861.791992	-99.237160
17867.175293	-99.556831
17872.558594	-99.317772
17877.941895	-99.661469
17883.325195	-100.217056
17888.708496	-100.181923
17894.091797	-99.918800
17899.475098	-99.872261
17904.858398	-96.748116
17910.241699	-93.633606
17915.625000	-98.205505
17921.008301	-99.134575
17926.391602	-99.302940
17931.774902	-99.459488
17937.158203	-99.089828
17942.541504	-98.453072
17947.924805	-99.588196
17953.308105	-100.083832
17958.691406	-99.586067
17964.074707	-99.631348
17969.458008	-100.007004
17974.841309	-99.768585
17980.224609	-99.500664
17985.607910	-99.826202
17990.991211	-99.719398
17996.374512	-100.202354
18001.757812	-100.206711
18007.141113	-100.081200
18012.524414	-99.795631
18017.907715	-99.372368
18023.291016	-99.527679
18028.674316	-99.705963
18034.057617	-99.430344
18039.440918	-99.565987
18044.824219	-99.245590
18050.207520	-99.024887
18055.590820	-98.917099
18060.974121	-89.333755
18066.357422	-83.710686
18071.740723	-91.704742
18077.124023	-99.307800
18082.507324	-99.025581
18087.890625	-99.184837
18093.273926	-100.010696
18098.657227	-99.831696
18104.040527	-99.468979
18109.423828	-99.900375
18114.807129	-99.721863
18120.190430	-99.888069
18125.573730	-99.378700
18130.957031	-99.558151
18136.340332	-99.395248
18141.723633	-98.947197
18147.106934	-99.429321
18152.490234	-100.025047
18157.873535	-99.901855
18163.256836	-99.349281
18168.640137	-99.292717
18174.023438	-99.348953
18179.406738	-99.136757
18184.790039	-98.968407
18190.173340	-97.642929
18195.556641	-98.552650
18200.939941	-99.085098
18206.323242	-99.049187
18211.706543	-99.161301
18217.089844	-96.353935
18222.473145	-91.350830
18227.856445	-95.513428
18233.239746	-98.986076
18238.623047	-99.194946
18244.006348	-99.078712
18249.389648	-98.734184
18254.772949	-98.682892
18260.156250	-98.960312
18265.539551	-98.922546
18270.922852	-98.863731
18276.306152	-98.917778
18281.689453	-99.044373
18287.072754	-99.421631
18292.456055	-99.316986
18297.839355	-98.838890
18303.222656	-99.111008
18308.605957	-99.101219
18313.989258	-98.637291
18319.372559	-98.901573
18324.755859	-98.924004
18330.139160	-99.099617
18335.522461	-98.539490
18340.905762	-98.380348
18346.289062	-98.942482
18351.672363	-99.047783
18357.055664	-98.396408
18362.438965	-98.687904
18367.822266	-98.375725
18373.205566	-94.063232
18378.588867	-87.966675
18383.972168	-91.882668
18389.355469	-98.149612
18394.738770	-98.689865
18400.122070	-98.928795
18405.505371	-98.534286
18410.888672	-98.641182
18416.271973	-98.763069
18421.655273	-98.507881
18427.038574	-98.855331
18432.421875	-98.695816
18437.805176	-98.755157
18443.188477	-98.640022
18448.571777	-98.549202
18453.955078	-98.461624
18459.338379	-98.789909
18464.721680	-98.974655
18470.104980	-98.603691
18475.488281	-98.558754
18480.871582	-98.654602
18486.254883	-98.750702
18491.638184	-98.744774
18497.021484	-98.615334
18502.404785	-98.906036
18507.788086	-98.680405
18513.171387	-98.983521
18518.554688	-98.659164
18523.937988	-98.533432
18529.321289	-98.140701
18534.704590	-96.601364
18540.087891	-97.726639
18545.471191	-98.254875
18550.854492	-98.752892
18556.237793	-98.580032
18561.621094	-98.775230
18567.004395	-98.733368
18572.387695	-98.587502
18577.770996	-99.031700
18583.154297	-98.808838
18588.537598	-98.956429
18593.920898	-98.946541
18599.304199	-99.365646
18604.687500	-99.257820
18610.070801	-99.095543
18615.454102	-98.825577
18620.837402	-98.896149
18626.220703	-98.677925
18631.604004	-98.802139
18636.987305	-99.337761
18642.370605	-98.992142
18647.753906	-98.975288
18653.137207	-98.367210
18658.520508	-98.327942
18663.903809	-98.468781
18669.287109	-98.489159
18674.670410	-98.316132
18680.053711	-98.504921
18685.437012	-97.974167
18690.820312	-95.997238
18696.203613	-96.939224
18701.586914	-97.672180
18706.970215	-98.663727
18712.353516	-98.098862
18717.736816	-98.295563
18723.120117	-98.676582
18728.503418	-98.910942
18733.886719	-98.724640
18739.270020	-98.051117
18744.653320	-98.358696
18750.036621	-98.619263
18755.419922	-98.774651
18760.803223	-98.735565
18766.186523	-98.899689
18771.569824	-98.147430
18776.953125	-98.020615
18782.336426	-98.841095
18787.719727	-98.898613
18793.103027	-98.468445
18798.486328	-98.464783
18803.869629	-98.244827
18809.252930	-98.455917
18814.636230	-98.391212
18820.019531	-98.796318
18825.402832	-98.693748
18830.786133	-98.180710
18836.169434	-97.933922
18841.552734	-97.368690
18846.936035	-93.075722
18852.319336	-95.685371
18857.702637	-98.035301
18863.085938	-98.680336
18868.469238	-98.499985
18873.852539	-98.998428
18879.235840	-98.653381
18884.619141	-98.932632
18890.002441	-98.406792
18895.385742	-98.167244
18900.769043	-98.584656
18906.152344	-98.310226
18911.535645	-98.215431
18916.918945	-99.112991
18922.302246	-98.649452
18927.685547	-98.195030
18933.068848	-98.619499
18938.452148	-98.855629
18943.835449	-98.565483
18949.218750	-98.399536
18954.602051	-98.236450
18959.985352	-98.301971
18965.368652	-99.089607
18970.751953	-98.415230
18976.135254	-98.350685
18981.518555	-98.410988
18986.901855	-98.565605
18992.285156	-98.653442
18997.668457	-97.219482
19003.051758	-90.661179
19008.435059	-93.479492
19013.818359	-97.863342
19019.201660	-98.189186
19024.584961	-97.942184
19029.968262	-98.475922
19035.351562	-98.790421
19040.734863	-98.659073
19046.118164	-98.894341
19051.501465	-99.037971
19056.884766	-98.918335
19062.268066	-98.924782
19067.651367	-98.910973
19073.034668	-98.740265
19078.417969	-98.482582
19083.801270	-98.807816
19089.184570	-98.743340
19094.567871	-98.579140
19099.951172	-98.926071
19105.334473	-98.734344
19110.717773	-98.638229
19116.101074	-99.003044
19121.484375	-98.972443
19126.867676	-98.725815
19132.250977	-98.957779
19137.634277	-99.224625
19143.017578	-99.161667
19148.400879	-98.968269
19153.784180	-98.941269
19159.167480	-98.388268
19164.550781	-98.667297
19169.934082	-98.520195
19175.317383	-98.262901
19180.700684	-98.372719
19186.083984	-98.863426
19191.467285	-98.995880
19196.850586	-98.664139
19202.233887	-98.571442
19207.617188	-98.300148
19213.000488	-99.069885
19218.383789	-98.101524
19223.767090	-98.070709
19229.150391	-98.799065
19234.533691	-98.864716
19239.916992	-99.006927
19245.300293	-99.340607
19250.683594	-99.158798
19256.066895	-99.013733
19261.450195	-99.189133
19266.833496	-98.829857
19272.216797	-99.153244
19277.600098	-99.227806
19282.983398	-99.192734
19288.366699	-99.326820
19293.750000	-98.796959
19299.133301	-98.706993
19304.516602	-98.786659
19309.899902	-98.715370
19315.283203	-98.721565
19320.666504	-98.801888
19326.049805	-98.635620
19331.433105	-98.595871
19336.816406	-98.673737
19342.199707	-98.977570
19347.583008	-98.655586
19352.966309	-98.835869
19358.349609	-98.641296
19363.732910	-98.749138
19369.116211	-99.201988
19374.499512	-99.330856
19379.882812	-98.616486
19385.266113	-98.757835
19390.649414	-98.934921
19396.032715	-98.804489
19401.416016	-99.053589
19406.799316	-99.402664
19412.182617	-99.783356
19417.565918	-99.431931
19422.949219	-99.261330
19428.332520	-98.915550
19433.715820	-98.883423
19439.099121	-98.735573
19444.482422	-98.897179
19449.865723	-98.609909
19455.249023	-98.799049
19460.632324	-98.872864
19466.015625	-98.808929
19471.398926	-97.271385
19476.782227	-97.892426
19482.165527	-98.778687
19487.548828	-98.697815
19492.932129	-98.064262
19498.315430	-98.790413
19503.698730	-99.061073
19509.082031	-99.005074
19514.465332	-99.225716
19519.848633	-99.299698
19525.231934	-99.205467
19530.615234	-98.749489
19535.998535	-98.707428
19541.381836	-98.833870
19546.765137	-98.918625
19552.148438	-99.160995
19557.531738	-99.503082
19562.915039	-99.210007
19568.298340	-99.132454
19573.681641	-98.693100
19579.064941	-98.527229
19584.448242	-99.139336
19589.831543	-99.091461
19595.214844	-99.078682
19600.598145	-99.015495
19605.981445	-98.938972
19611.364746	-99.172821
19616.748047	-99.318481
19622.131348	-98.749306
19627.514648	-99.045876
19632.897949	-99.423096
19638.281250	-99.332581
19643.664551	-99.140610
19649.047852	-98.939247
19654.431152	-98.800148
19659.814453	-98.683891
19665.197754	-98.946960
19670.581055	-99.033737
19675.964355	-99.674728
19681.347656	-99.831467
19686.730957	-99.179649
19692.114258	-98.486671
19697.497559	-98.671936
19702.880859	-99.391212
19708.264160	-99.642586
19713.647461	-99.273758
19719.030762	-99.050415
19724.414062	-99.040855
19729.797363	-99.120323
19735.180664	-99.429626
19740.563965	-99.396469
19745.947266	-99.660706
19751.330566	-99.035378
19756.713867	-99.228905
19762.097168	-99.159836
19767.480469	-99.146461
19772.863770	-98.686653
19778.247070	-98.679237
19783.630371	-98.822731
19789.013672	-99.255463
19794.396973	-99.243652
19799.780273	-99.299973
19805.163574	-99.180290
19810.546875	-98.951653
19815.930176	-99.155151
19821.313477	-99.337723
19826.696777	-99.006325
19832.080078	-98.469437
19837.463379	-98.498695
19842.846680	-98.815369
19848.229980	-98.981384
19853.613281	-99.661865
19858.996582	-99.348579
19864.379883	-98.951004
19869.763184	-99.276138
19875.146484	-99.331482
19880.529785	-99.185997
19885.913086	-98.980003
19891.296387	-98.864799
19896.679688	-99.304291
19902.062988	-99.187454
19907.446289	-99.158028
19912.829590	-99.061859
19918.212891	-98.645012
19923.596191	-99.075729
19928.979492	-99.587875
19934.362793	-99.157173
19939.746094	-99.381554
19945.129395	-99.215675
19950.512695	-98.944565
19955.895996	-98.988899
19961.279297	-98.649071
19966.662598	-98.733078
19972.045898	-99.163002
19977.429199	-99.115417
19982.812500	-99.172638
19988.195801	-99.025200
19993.579102	-99.023071
19998.962402	-98.558952
20004.345703	-98.402039
20009.729004	-98.709061
20015.112305	-99.301178
20020.495605	-99.359436
20025.878906	-98.937843
20031.262207	-99.333588
20036.645508	-99.657448
20042.028809	-99.597740
20047.412109	-99.421516
20052.795410	-99.359566
20058.178711	-98.657814
20063.562012	-98.924568
20068.945312	-99.025803
20074.328613	-99.148659
20079.711914	-98.952942
20085.095215	-98.719833
20090.478516	-98.671944
20095.861816	-99.390907
20101.245117	-99.347961
20106.628418	-98.865540
20112.011719	-99.086769
20117.395020	-99.630630
20122.778320	-99.078499
20128.161621	-98.982033
20133.544922	-98.768555
20138.928223	-98.728668
20144.311523	-98.794609
20149.694824	-98.831711
20155.078125	-98.858238
20160.461426	-99.198578
20165.844727	-99.717415
20171.228027	-99.371323
20176.611328	-99.581902
20181.994629	-99.791893
20187.377930	-99.132324
20192.761230	-99.126137
20198.144531	-99.476433
20203.527832	-99.140572
20208.911133	-98.893204
20214.294434	-99.147568
20219.677734	-99.040062
20225.061035	-99.443352
20230.444336	-99.901436
20235.827637	-99.414757
20241.210938	-99.413055
20246.594238	-99.786530
20251.977539	-99.479927
20257.360840	-98.951004
20262.744141	-99.205467
20268.127441	-99.202576
20273.510742	-99.229919
20278.894043	-99.496201
20284.277344	-99.568886
20289.660645	-99.426971
20295.043945	-99.454285
20300.427246	-99.406578
20305.810547	-99.629578
20311.193848	-99.668686
20316.577148	-99.408371
20321.960449	-99.003418
20327.343750	-99.361900
20332.727051	-99.541351
20338.110352	-99.468819
20343.493652	-100.096184
20348.876953	-100.532631
20354.260254	-100.081551
20359.643555	-99.698189
20365.026855	-99.979523
20370.410156	-100.158661
20375.793457	-100.501793
20381.176758	-99.672020
20386.560059	-99.851387
20391.943359	-100.123947
20397.326660	-100.221909
20402.709961	-99.997253
20408.093262	-99.623207
20413.476562	-99.902786
20418.859863	-100.308540
20424.243164	-100.324059
20429.626465	-100.004280
20435.009766	-100.496140
20440.393066	-100.736984
20445.776367	-100.903374
20451.159668	-101.136330
20456.542969	-100.590775
20461.926270	-100.427773
20467.309570	-100.432388
20472.692871	-100.658035
20478.076172	-100.695892
20483.459473	-100.674789
20488.842773	-101.199982
20494.226074	-101.196587
20499.609375	-101.114960
20504.992676	-101.377419
20510.375977	-101.282356
20515.759277	-101.816261
20521.142578	-101.800911
20526.525879	-101.550667
20531.909180	-101.504890
20537.292480	-101.988403
20542.675781	-101.753471
20548.059082	-101.869011
20553.442383	-101.599464
20558.825684	-101.808502
20564.208984	-101.936142
20569.592285	-102.124229
20574.975586	-101.723076
20580.358887	-102.172935
20585.742188	-102.258270
20591.125488	-101.985390
20596.508789	-102.541115
20601.892090	-102.833366
20607.275391	-102.608200
20612.658691	-102.302544
20618.041992	-102.292465
20623.425293	-102.884735
20628.808594	-103.310677
20634.191895	-103.426346
20639.575195	-103.680992
20644.958496	-103.622620
20650.341797	-103.520065
20655.725098	-103.386414
20661.108398	-103.670059
20666.491699	-103.858978
20671.875000	-103.974174
20677.258301	-103.907715
20682.641602	-104.016869
20688.024902	-104.132370
20693.408203	-104.565735
20698.791504	-104.371872
20704.174805	-104.349716
20709.558105	-104.385765
20714.941406	-104.516045
20720.324707	-104.479866
20725.708008	-104.923233
20731.091309	-105.351227
20736.474609	-105.415787
20741.857910	-105.223160
20747.241211	-105.367989
20752.624512	-105.631149
20758.007812	-105.708832
20763.391113	-105.944824
20768.774414	-105.838249
20774.157715	-106.264702
20779.541016	-106.225693
20784.924316	-106.310402
20790.307617	-106.729286
20795.690918	-106.675690
20801.074219	-106.522377
20806.457520	-106.824165
20811.840820	-107.394943
20817.224121	-107.219627
20822.607422	-107.218109
20827.990723	-107.594551
20833.374023	-107.978447
20838.757324	-108.510719
20844.140625	-108.613655
20849.523926	-108.329987
20854.907227	-107.997940
20860.290527	-108.256149
20865.673828	-108.606125
20871.057129	-108.930756
20876.440430	-108.939941
20881.823730	-108.617241
20887.207031	-108.961456
20892.590332	-109.565903
20897.973633	-109.770271
20903.356934	-109.685432
20908.740234	-109.688118
20914.123535	-110.393089
20919.506836	-110.140656
20924.890137	-110.281670
20930.273438	-110.710976
20935.656738	-111.323006
20941.040039	-111.233101
20946.423340	-111.430786
20951.806641	-111.436531
20957.189941	-111.655319
20962.573242	-112.324928
20967.956543	-112.475471
20973.339844	-112.346497
20978.723145	-112.538963
20984.106445	-112.964226
20989.489746	-113.138222
20994.873047	-113.829842
21000.256348	-113.831741
21005.639648	-114.010468
21011.022949	-113.949066
21016.406250	-114.238937
21021.789551	-113.683746
21027.172852	-114.263252
21032.556152	-114.330856
21037.939453	-114.977432
21043.322754	-115.420341
21048.706055	-115.474022
21054.089355	-115.401039
21059.472656	-116.101479
21064.855957	-116.818779
21070.239258	-116.764702
21075.622559	-116.269897
21081.005859	-116.676491
21086.389160	-117.605263
21091.772461	-117.966560
21097.155762	-117.636589
21102.539062	-118.107155
21107.922363	-118.648773
21113.305664	-118.545540
21118.688965	-118.530151
21124.072266	-119.180374
21129.455566	-119.337936
21134.838867	-120.175598
21140.222168	-120.080780
21145.605469	-120.054947
21150.988770	-120.416039
21156.372070	-120.855728
21161.755371	-121.343620
21167.138672	-121.723686
21172.521973	-121.967628
21177.905273	-122.285782
21183.288574	-122.575478
21188.671875	-122.834564
21194.055176	-122.813995
21199.438477	-123.248001
21204.821777	-123.893501
21210.205078	-124.417747
21215.588379	-125.015121
21220.971680	-124.936905
21226.354980	-125.063934
21231.738281	-125.436142
21237.121582	-126.383629
21242.504883	-125.975822
21247.888184	-126.332474
21253.271484	-126.630356
21258.654785	-126.492561
21264.038086	-127.327408
21269.421387	-127.355682
21274.804688	-127.631386
21280.187988	-128.111572
21285.571289	-127.974525
21290.954590	-128.392960
21296.337891	-129.136078
21301.721191	-129.270462
21307.104492	-129.138458
21312.487793	-129.809586
21317.871094	-129.940277
21323.254395	-129.961319
21328.637695	-130.425217
21334.020996	-130.439484
21339.404297	-130.440475
21344.787598	-130.985474
21350.170898	-130.823059
21355.554199	-131.105576
21360.937500	-131.243240
21366.320801	-131.453491
21371.704102	-131.888290
21377.087402	-131.771530
21382.470703	-131.792130
21387.854004	-132.158035
21393.237305	-132.044571
21398.620605	-132.082596
21404.003906	-132.430664
21409.387207	-132.336334
21414.770508	-132.445877
21420.153809	-132.555740
21425.537109	-132.644089
21430.920410	-132.595871
21436.303711	-132.718567
21441.687012	-132.678085
21447.070312	-132.857773
21452.453613	-132.671066
21457.836914	-132.799240
21463.220215	-132.941544
21468.603516	-132.906586
21473.986816	-132.828720
21479.370117	-132.965302
21484.753418	-132.987793
21490.136719	-132.922821
21495.520020	-132.931213
21500.903320	-133.082855
21506.286621	-132.923599
21511.669922	-133.048615
21517.053223	-133.001419
21522.436523	-133.020615
21527.819824	-132.994202
21533.203125	-133.036148
21538.586426	-133.059052
21543.969727	-133.053787
21549.353027	-132.999741
21554.736328	-133.085068
21560.119629	-133.033905
21565.502930	-133.030228
21570.886230	-133.088913
21576.269531	-133.021912
21581.652832	-133.067917
21587.036133	-133.073654
21592.419434	-133.046326
21597.802734	-133.072174
21603.186035	-133.046982
21608.569336	-133.063690
21613.952637	-133.076859
21619.335938	-133.050079
21624.719238	-133.070541
21630.102539	-133.072876
21635.485840	-133.058350
21640.869141	-133.076004
21646.252441	-133.063339
21651.635742	-133.072113
21657.019043	-133.070190
21662.402344	-133.067322
21667.785645	-133.070129
21673.168945	-133.067841
21678.552246	-133.072906
21683.935547	-133.070999
21689.318848	-133.070831
21694.702148	-133.070282
21700.085449	-133.073807
21705.468750	-133.071030
21710.852051	-133.073364
21716.235352	-133.072906
21721.618652	-133.073608
21727.001953	-133.071365
21732.385254	-133.073547
21737.768555	-133.075027
21743.151855	-133.072876
21748.535156	-133.074905
21753.918457	-133.073730
21759.301758	-133.075394
21764.685059	-133.074966
21770.068359	-133.075073
21775.451660	-133.074829
21780.834961	-133.075684
21786.218262	-133.076035
21791.601562	-133.075272
21796.984863	-133.076477
21802.368164	-133.076157
21807.751465	-133.076233
21813.134766	-133.076660
21818.518066	-133.076508
21823.901367	-133.077133
21829.284668	-133.077057
21834.667969	-133.077240
21840.051270	-133.077499
21845.434570	-133.077438
21850.817871	-133.077805
21856.201172	-133.077637
21861.584473	-133.078156
21866.967773	-133.078049
21872.351074	-133.078171
21877.734375	-133.078323
21883.117676	-133.078522
21888.500977	-133.078598
21893.884277	-133.078384
21899.267578	-133.078979
21904.650879	-133.079010
21910.034180	-133.079239
21915.417480	-133.078888
21920.800781	-133.078918
21926.184082	-133.079422
21931.567383	-133.079285
21936.950684	-133.079178
21942.333984	-133.079636
21947.717285	-133.079697
21953.100586	-133.079376
21958.483887	-133.079590
21963.867188	-133.079422
21969.250488	-133.079697
21974.633789	-133.079575
21980.017090	-133.080048
21985.400391	-133.079849
21990.783691	-133.080261
21996.166992	-133.080490
22001.550293	-133.080093
22006.933594	-133.080032
22012.316895	-133.079987
22017.700195	-133.080048
22023.083496	-133.080032
22028.466797	-133.080139
22033.850098	-133.080170
22039.233398	-133.080215
22044.616699	-133.080246
