Frequency (Hz)	Level (dB)
5.383301	-85.693466
10.766602	-83.294449
16.149902	-70.345062
21.533203	-55.161308
26.916504	-53.199089
32.299805	-51.678955
37.683105	-54.616310
43.066406	-52.209141
48.449707	-43.728500
53.833008	-45.014397
59.216309	-49.796085
64.599609	-47.332874
69.982910	-46.346920
75.366211	-47.775177
80.749512	-50.445919
86.132812	-50.734631
91.516113	-50.719707
96.899414	-50.088799
102.282715	-51.046516
107.666016	-51.611885
113.049316	-51.431038
118.432617	-51.707062
123.815918	-52.154625
129.199219	-53.212387
134.582520	-53.230907
139.965820	-51.981228
145.349121	-51.750393
150.732422	-54.114620
156.115723	-54.231693
161.499023	-53.269417
166.882324	-54.383854
172.265625	-56.587524
177.648926	-58.179852
183.032227	-59.281639
188.415527	-60.675957
193.798828	-62.430752
199.182129	-62.809124
204.565430	-61.921982
209.948730	-61.180061
215.332031	-63.115978
220.715332	-62.974140
226.098633	-61.965698
231.481934	-60.912369
236.865234	-60.734684
242.248535	-61.174797
247.631836	-62.483875
253.015137	-62.865223
258.398438	-63.342251
263.781738	-63.506748
269.165039	-63.915565
274.548340	-65.175217
279.931641	-66.188316
285.314941	-66.831612
290.698242	-66.166481
296.081543	-63.744785
301.464844	-62.746086
306.848145	-63.623413
312.231445	-62.828896
317.614746	-62.724380
322.998047	-62.260666
328.381348	-62.033844
333.764648	-62.087791
339.147949	-61.535378
344.531250	-61.015064
349.914551	-62.148430
355.297852	-62.149651
360.681152	-61.448235
366.064453	-60.915714
371.447754	-61.927242
376.831055	-62.172009
382.214355	-62.552284
387.597656	-63.034081
392.980957	-62.968224
398.364258	-63.076717
403.747559	-63.637589
409.130859	-63.628700
414.514160	-63.477112
419.897461	-63.226299
425.280762	-62.563496
430.664062	-63.045532
436.047363	-63.199047
441.430664	-62.773838
446.813965	-63.224495
452.197266	-64.108521
457.580566	-64.875015
462.963867	-64.726295
468.347168	-65.225693
473.730469	-64.846107
479.113770	-65.156952
484.497070	-65.453720
489.880371	-65.847839
495.263672	-65.173790
500.646973	-65.056770
506.030273	-64.810043
511.413574	-64.482483
516.796875	-64.514320
522.180176	-63.692135
527.563477	-63.508362
532.946777	-63.191528
538.330078	-62.559204
543.713379	-62.091019
549.096680	-61.317097
554.479980	-60.807693
559.863281	-60.090263
565.246582	-60.318283
570.629883	-60.768711
576.013184	-61.537525
581.396484	-61.854328
586.779785	-61.599976
592.163086	-61.348320
597.546387	-61.515949
602.929688	-61.458721
608.312988	-61.345566
613.696289	-61.072197
619.079590	-60.919575
624.462891	-60.760551
629.846191	-61.531578
635.229492	-62.756573
640.612793	-62.952950
645.996094	-63.154594
651.379395	-63.646774
656.762695	-64.441841
662.145996	-64.584396
667.529297	-65.037781
672.912598	-65.705299
678.295898	-66.748505
683.679199	-68.126122
689.062500	-69.884048
694.445801	-71.139511
699.829102	-70.691055
705.212402	-70.104370
710.595703	-69.290184
715.979004	-68.542786
721.362305	-68.266136
726.745605	-67.497375
732.128906	-66.806786
737.512207	-66.204063
742.895508	-65.521439
748.278809	-64.976532
753.662109	-64.275635
759.045410	-63.738201
764.428711	-63.249882
769.812012	-62.987419
775.195312	-62.774612
780.578613	-62.882744
785.961914	-63.542561
791.345215	-64.825119
796.728516	-65.721519
802.111816	-66.918068
807.495117	-67.836761
812.878418	-67.982086
818.261719	-67.205269
823.645020	-66.674881
829.028320	-65.313614
834.411621	-64.973000
839.794922	-65.116264
845.178223	-64.784950
850.561523	-65.694305
855.944824	-66.709770
861.328125	-67.679268
866.711426	-68.294197
872.094727	-69.003304
877.478027	-69.802048
882.861328	-69.167732
888.244629	-70.084236
893.627930	-70.605804
899.011230	-70.772293
904.394531	-70.235252
909.777832	-70.339027
915.161133	-70.037117
920.544434	-70.987381
925.927734	-71.140831
931.311035	-70.141571
936.694336	-69.819016
942.077637	-69.140549
947.460938	-69.286690
952.844238	-69.634537
958.227539	-70.399292
963.610840	-70.612030
968.994141	-71.459579
974.377441	-71.908630
979.760742	-71.941078
985.144043	-71.696037
990.527344	-72.230194
995.910645	-72.073326
1001.293945	-72.476349
1006.677246	-72.641373
1012.060547	-73.364906
1017.443848	-73.763275
1022.827148	-73.763763
1028.210449	-74.038025
1033.593750	-73.593742
1038.977051	-73.489906
1044.360352	-73.320633
1049.743652	-72.763565
1055.126953	-72.784081
1060.510254	-72.952148
1065.893555	-73.210938
1071.276855	-73.395027
1076.660156	-73.875443
1082.043457	-74.116776
1087.426758	-73.959534
1092.810059	-74.137932
1098.193359	-73.349380
1103.576660	-74.880348
1108.959961	-74.178261
1114.343262	-73.951591
1119.726562	-74.212692
1125.109863	-74.768967
1130.493164	-74.735634
1135.876465	-74.762497
1141.259766	-74.057968
1146.643066	-74.172394
1152.026367	-74.080902
1157.409668	-73.737350
1162.792969	-73.219261
1168.176270	-72.668259
1173.559570	-72.726868
1178.942871	-72.288086
1184.326172	-72.061913
1189.709473	-71.377281
1195.092773	-71.030846
1200.476074	-70.958298
1205.859375	-71.501312
1211.242676	-72.528923
1216.625977	-72.954247
1222.009277	-73.327385
1227.392578	-73.968819
1232.775879	-74.565369
1238.159180	-74.449127
1243.542480	-75.037720
1248.925781	-75.941528
1254.309082	-75.762039
1259.692383	-75.731903
1265.075684	-75.298492
1270.458984	-75.183372
1275.842285	-75.340309
1281.225586	-75.435493
1286.608887	-75.362419
1291.992188	-75.244011
1297.375488	-75.876793
1302.758789	-76.247833
1308.142090	-76.850876
1313.525391	-76.896057
1318.908691	-76.566696
1324.291992	-77.493744
1329.675293	-78.252342
1335.058594	-77.846016
1340.441895	-78.117310
1345.825195	-78.399925
1351.208496	-78.055702
1356.591797	-77.836823
1361.975098	-77.791016
1367.358398	-77.151070
1372.741699	-77.662987
1378.125000	-77.766243
1383.508301	-77.500420
1388.891602	-76.455040
1394.274902	-76.561844
1399.658203	-76.599129
1405.041504	-76.129601
1410.424805	-76.509056
1415.808105	-76.837158
1421.191406	-77.285126
1426.574707	-77.471436
1431.958008	-77.577721
1437.341309	-77.635376
1442.724609	-77.422340
1448.107910	-77.184593
1453.491211	-76.867401
1458.874512	-76.069969
1464.257812	-75.478790
1469.641113	-75.519569
1475.024414	-75.035629
1480.407715	-74.037910
1485.791016	-73.945007
1491.174316	-73.681900
1496.557617	-73.726250
1501.940918	-74.937988
1507.324219	-75.689903
1512.707520	-76.561172
1518.090820	-76.479446
1523.474121	-76.304504
1528.857422	-75.822083
1534.240723	-75.526993
1539.624023	-75.229057
1545.007324	-74.891571
1550.390625	-75.260033
1555.773926	-75.637970
1561.157227	-75.549988
1566.540527	-75.599342
1571.923828	-75.988716
1577.307129	-76.778473
1582.690430	-76.485672
1588.073730	-76.240341
1593.457031	-75.940392
1598.840332	-75.783981
1604.223633	-75.919479
1609.606934	-76.103973
1614.990234	-76.159698
1620.373535	-76.671616
1625.756836	-76.719582
1631.140137	-76.922630
1636.523438	-77.657295
1641.906738	-77.376160
1647.290039	-77.340080
1652.673340	-77.490097
1658.056641	-77.716599
1663.439941	-77.624695
1668.823242	-76.810318
1674.206543	-76.322937
1679.589844	-76.263184
1684.973145	-76.340645
1690.356445	-76.690315
1695.739746	-77.593140
1701.123047	-78.539574
1706.506348	-78.879837
1711.889648	-78.770424
1717.272949	-78.776962
1722.656250	-78.499786
1728.039551	-78.679367
1733.422852	-78.542664
1738.806152	-78.913506
1744.189453	-79.533722
1749.572754	-80.342003
1754.956055	-80.451714
1760.339355	-80.362198
1765.722656	-79.769386
1771.105957	-79.645523
1776.489258	-79.239662
1781.872559	-78.815651
1787.255859	-78.807732
1792.639160	-79.038490
1798.022461	-79.211159
1803.405762	-80.167229
1808.789062	-79.938766
1814.172363	-79.456657
1819.555664	-79.620392
1824.938965	-79.577423
1830.322266	-79.379372
1835.705566	-79.499832
1841.088867	-79.429596
1846.472168	-79.311333
1851.855469	-77.932465
1857.238770	-77.340897
1862.622070	-76.900375
1868.005371	-77.005997
1873.388672	-77.322296
1878.771973	-76.768974
1884.155273	-76.667778
1889.538574	-76.467781
1894.921875	-76.817337
1900.305176	-76.560402
1905.688477	-76.604218
1911.071777	-77.011963
1916.455078	-76.911140
1921.838379	-76.755905
1927.221680	-76.951042
1932.604980	-76.760109
1937.988281	-76.273788
1943.371582	-76.406044
1948.754883	-76.370026
1954.138184	-76.464996
1959.521484	-76.949417
1964.904785	-77.145340
1970.288086	-76.847382
1975.671387	-77.328537
1981.054688	-77.692993
1986.437988	-78.209259
1991.821289	-78.462128
1997.204590	-78.635269
2002.587891	-78.555580
2007.971191	-78.469666
2013.354492	-77.966866
2018.737793	-77.752304
2024.121094	-77.325592
2029.504395	-76.992569
2034.887695	-76.899193
2040.270996	-76.220833
2045.654297	-76.065872
2051.037598	-75.553879
2056.420898	-75.275505
2061.804199	-74.771255
2067.187500	-74.653038
2072.570801	-74.985413
2077.954102	-75.441635
2083.337402	-75.771492
2088.720703	-76.488586
2094.104004	-77.067276
2099.487305	-77.721405
2104.870605	-77.958244
2110.253906	-77.429703
2115.637207	-76.494354
2121.020508	-75.419296
2126.403809	-74.239799
2131.787109	-73.877190
2137.170410	-73.636147
2142.553711	-72.795235
2147.937012	-72.725609
2153.320312	-73.298576
2158.703613	-73.632301
2164.086914	-74.086845
2169.470215	-73.838081
2174.853516	-73.746849
2180.236816	-73.575035
2185.620117	-73.318062
2191.003418	-73.103249
2196.386719	-73.376831
2201.770020	-73.129143
2207.153320	-72.981842
2212.536621	-72.766426
2217.919922	-72.868546
2223.303223	-72.421593
2228.686523	-72.340576
2234.069824	-72.139923
2239.453125	-71.550362
2244.836426	-71.771103
2250.219727	-73.165115
2255.603027	-74.077751
2260.986328	-74.653450
2266.369629	-75.164337
2271.752930	-75.720520
2277.136230	-75.809616
2282.519531	-76.394295
2287.902832	-76.145615
2293.286133	-76.549858
2298.669434	-76.535431
2304.052734	-76.937187
2309.436035	-76.955032
2314.819336	-77.052620
2320.202637	-77.080925
2325.585938	-77.507156
2330.969238	-78.073669
2336.352539	-77.887871
2341.735840	-77.918060
2347.119141	-77.749352
2352.502441	-78.292503
2357.885742	-78.549454
2363.269043	-79.001060
2368.652344	-78.972260
2374.035645	-79.268074
2379.418945	-79.985001
2384.802246	-80.571167
2390.185547	-81.116806
2395.568848	-81.048904
2400.952148	-81.084869
2406.335449	-81.356369
2411.718750	-81.879173
2417.102051	-81.804947
2422.485352	-80.567604
2427.868652	-80.199547
2433.251953	-80.668404
2438.635254	-80.885132
2444.018555	-80.987968
2449.401855	-81.209709
2454.785156	-81.697479
2460.168457	-81.523224
2465.551758	-82.070839
2470.935059	-82.016411
2476.318359	-82.831841
2481.701660	-82.883186
2487.084961	-82.847359
2492.468262	-82.261826
2497.851562	-82.093071
2503.234863	-81.333450
2508.618164	-81.876137
2514.001465	-82.032768
2519.384766	-82.525177
2524.768066	-82.966835
2530.151367	-82.517883
2535.534668	-82.350906
2540.917969	-81.773071
2546.301270	-81.349228
2551.684570	-81.403564
2557.067871	-80.819565
2562.451172	-80.194870
2567.834473	-80.928253
2573.217773	-81.944275
2578.601074	-82.235603
2583.984375	-82.454247
2589.367676	-82.628754
2594.750977	-83.534241
2600.134277	-84.421059
2605.517578	-84.748497
2610.900879	-85.651276
2616.284180	-85.605972
2621.667480	-85.515053
2627.050781	-85.550934
2632.434082	-85.554657
2637.817383	-85.053917
2643.200684	-84.344467
2648.583984	-83.969055
2653.967285	-83.512199
2659.350586	-82.692108
2664.733887	-82.349968
2670.117188	-81.681282
2675.500488	-81.618210
2680.883789	-81.949692
2686.267090	-82.553673
2691.650391	-82.293137
2697.033691	-82.067513
2702.416992	-82.032669
2707.800293	-82.464432
2713.183594	-82.748108
2718.566895	-83.052246
2723.950195	-82.932129
2729.333496	-83.600044
2734.716797	-84.133362
2740.100098	-85.098122
2745.483398	-86.131546
2750.866699	-86.868530
2756.250000	-87.872208
2761.633301	-86.843376
2767.016602	-86.214127
2772.399902	-85.790993
2777.783203	-84.732857
2783.166504	-83.837807
2788.549805	-83.326759
2793.933105	-83.142151
2799.316406	-83.150566
2804.699707	-82.712029
2810.083008	-82.203682
2815.466309	-82.234795
2820.849609	-82.243912
2826.232910	-81.520485
2831.616211	-81.035912
2836.999512	-80.715858
2842.382812	-80.917145
2847.766113	-80.665459
2853.149414	-80.423988
2858.532715	-81.081573
2863.916016	-81.473602
2869.299316	-81.551987
2874.682617	-81.751114
2880.065918	-82.578339
2885.449219	-82.972565
2890.832520	-83.648125
2896.215820	-84.170250
2901.599121	-84.142784
2906.982422	-84.333618
2912.365723	-85.555016
2917.749023	-85.797470
2923.132324	-85.766289
2928.515625	-85.114708
2933.898926	-84.134010
2939.282227	-83.959068
2944.665527	-83.640266
2950.048828	-83.107132
2955.432129	-83.029945
2960.815430	-83.201485
2966.198730	-83.303345
2971.582031	-84.148819
2976.965332	-84.567039
2982.348633	-84.615532
2987.731934	-84.789200
2993.115234	-85.012062
2998.498535	-85.059891
3003.881836	-84.462234
3009.265137	-84.221489
3014.648438	-83.760651
3020.031738	-83.070641
3025.415039	-82.995125
3030.798340	-82.865639
3036.181641	-83.100777
3041.564941	-83.621231
3046.948242	-83.369141
3052.331543	-83.785454
3057.714844	-84.004456
3063.098145	-84.105331
3068.481445	-84.461433
3073.864746	-84.381348
3079.248047	-84.304756
3084.631348	-83.744041
3090.014648	-84.066498
3095.397949	-83.827126
3100.781250	-83.181709
3106.164551	-83.659416
3111.547852	-83.611549
3116.931152	-83.356651
3122.314453	-83.227943
3127.697754	-83.630150
3133.081055	-83.967743
3138.464355	-84.109390
3143.847656	-84.880974
3149.230957	-85.085266
3154.614258	-85.355438
3159.997559	-85.523529
3165.380859	-85.256859
3170.764160	-85.464478
3176.147461	-85.600479
3181.530762	-85.613602
3186.914062	-85.847000
3192.297363	-85.436432
3197.680664	-85.133652
3203.063965	-85.139343
3208.447266	-85.004730
3213.830566	-84.901634
3219.213867	-85.514168
3224.597168	-85.970955
3229.980469	-86.611412
3235.363770	-86.474510
3240.747070	-86.753342
3246.130371	-86.524147
3251.513672	-86.035973
3256.896973	-85.905365
3262.280273	-85.945671
3267.663574	-86.690231
3273.046875	-86.299934
3278.430176	-86.021400
3283.813477	-86.339607
3289.196777	-86.491669
3294.580078	-86.461571
3299.963379	-86.995934
3305.346680	-87.003014
3310.729980	-87.204277
3316.113281	-87.551140
3321.496582	-87.373222
3326.879883	-87.288223
3332.263184	-87.602272
3337.646484	-88.008835
3343.029785	-88.225510
3348.413086	-88.373627
3353.796387	-88.600243
3359.179688	-88.788589
3364.562988	-88.865974
3369.946289	-89.452965
3375.329590	-89.638351
3380.712891	-88.792824
3386.096191	-88.616234
3391.479492	-88.815796
3396.862793	-88.890259
3402.246094	-89.003067
3407.629395	-88.972015
3413.012695	-89.226372
3418.395996	-90.032158
3423.779297	-90.041458
3429.162598	-90.066605
3434.545898	-89.828651
3439.929199	-90.036530
3445.312500	-90.271271
3450.695801	-90.557610
3456.079102	-90.905106
3461.462402	-91.143745
3466.845703	-91.414818
3472.229004	-90.969727
3477.612305	-90.280731
3482.995605	-89.920044
3488.378906	-90.086029
3493.762207	-90.151367
3499.145508	-89.697960
3504.528809	-90.241531
3509.912109	-90.190598
3515.295410	-90.530594
3520.678711	-90.473625
3526.062012	-90.507072
3531.445312	-90.734192
3536.828613	-90.080040
3542.211914	-90.093834
3547.595215	-89.816185
3552.978516	-89.583939
3558.361816	-90.221970
3563.745117	-90.222191
3569.128418	-90.396271
3574.511719	-90.528755
3579.895020	-90.498497
3585.278320	-91.356918
3590.661621	-91.858475
3596.044922	-92.013809
3601.428223	-91.998817
3606.811523	-92.390877
3612.194824	-92.980400
3617.578125	-93.395203
3622.961426	-93.298180
3628.344727	-92.790535
3633.728027	-92.741974
3639.111328	-92.169373
3644.494629	-91.192780
3649.877930	-90.389748
3655.261230	-89.366730
3660.644531	-88.497482
3666.027832	-88.976280
3671.411133	-88.760155
3676.794434	-88.602097
3682.177734	-88.638725
3687.561035	-89.296432
3692.944336	-89.790260
3698.327637	-89.906937
3703.710938	-90.841614
3709.094238	-91.108978
3714.477539	-91.600418
3719.860840	-92.629982
3725.244141	-93.154449
3730.627441	-93.897919
3736.010742	-93.932716
3741.394043	-94.264908
3746.777344	-93.988007
3752.160645	-94.212524
3757.543945	-94.758728
3762.927246	-94.478409
3768.310547	-94.228973
3773.693848	-94.576767
3779.077148	-94.567879
3784.460449	-94.198357
3789.843750	-93.927124
3795.227051	-93.937302
3800.610352	-94.737434
3805.993652	-95.366272
3811.376953	-94.796829
3816.760254	-95.271996
3822.143555	-95.498543
3827.526855	-95.625328
3832.910156	-95.031410
3838.293457	-94.744431
3843.676758	-94.361778
3849.060059	-94.534683
3854.443359	-94.397469
3859.826660	-94.389603
3865.209961	-94.362061
3870.593262	-94.554466
3875.976562	-94.480965
3881.359863	-94.751404
3886.743164	-94.884003
3892.126465	-95.113914
3897.509766	-95.817596
3902.893066	-95.648758
3908.276367	-95.409920
3913.659668	-94.982529
3919.042969	-94.469002
3924.426270	-94.549126
3929.809570	-94.503540
3935.192871	-94.169472
3940.576172	-94.192116
3945.959473	-93.885674
3951.342773	-94.035805
3956.726074	-94.187492
3962.109375	-94.449638
3967.492676	-94.730873
3972.875977	-94.573418
3978.259277	-94.882034
3983.642578	-94.991264
3989.025879	-94.977104
3994.409180	-94.901642
3999.792480	-94.554642
4005.175781	-94.667664
4010.559082	-94.550278
4015.942383	-94.666344
4021.325684	-94.318192
4026.708984	-94.226364
4032.092285	-95.460365
4037.475586	-95.340385
4042.858887	-95.760780
4048.242188	-96.300034
4053.625488	-96.981628
4059.008789	-96.787231
4064.392090	-96.587433
4069.775391	-96.804352
4075.158691	-96.826706
4080.541992	-96.610329
4085.925293	-96.784836
4091.308594	-96.726486
4096.691895	-96.744301
4102.075195	-96.642563
4107.458496	-96.414093
4112.841797	-96.449486
4118.225098	-96.497620
4123.608398	-96.444008
4128.991699	-96.187851
4134.375000	-95.708954
4139.758301	-95.769554
4145.141602	-94.952339
4150.524902	-94.847031
4155.908203	-95.445312
4161.291504	-95.203415
4166.674805	-94.629639
4172.058105	-94.203247
4177.441406	-94.454636
4182.824707	-94.912331
4188.208008	-94.563629
4193.591309	-94.886536
4198.974609	-95.220123
4204.357910	-94.805992
4209.741211	-95.071625
4215.124512	-95.178802
4220.507812	-94.659912
4225.891113	-95.020340
4231.274414	-95.073723
4236.657715	-95.407219
4242.041016	-95.441879
4247.424316	-95.162735
4252.807617	-94.851120
4258.190918	-94.413872
4263.574219	-94.994034
4268.957520	-94.593033
4274.340820	-94.192444
4279.724121	-94.151848
4285.107422	-94.540543
4290.490723	-94.704346
4295.874023	-95.055695
4301.257324	-95.056168
4306.640625	-95.358688
4312.023926	-95.946861
4317.407227	-96.292221
4322.790527	-96.241249
4328.173828	-96.174789
4333.557129	-96.286774
4338.940430	-96.822556
4344.323730	-96.993492
4349.707031	-96.439720
4355.090332	-96.331047
4360.473633	-96.620758
4365.856934	-96.575928
4371.240234	-96.265800
4376.623535	-95.986481
4382.006836	-96.694603
4387.390137	-96.769264
4392.773438	-96.610863
4398.156738	-97.025833
4403.540039	-97.047295
4408.923340	-97.073860
4414.306641	-97.207069
4419.689941	-97.239471
4425.073242	-97.784561
4430.456543	-97.270065
4435.839844	-96.752159
4441.223145	-97.038208
4446.606445	-97.080116
4451.989746	-97.313576
4457.373047	-96.795036
4462.756348	-96.675964
4468.139648	-96.052376
4473.522949	-95.854843
4478.906250	-96.413147
4484.289551	-96.032318
4489.672852	-95.745644
4495.056152	-96.169853
4500.439453	-96.025932
4505.822754	-96.163651
4511.206055	-96.480461
4516.589355	-96.541573
4521.972656	-96.715790
4527.355957	-96.411484
4532.739258	-96.245766
4538.122559	-96.210564
4543.505859	-96.209320
4548.889160	-95.773834
4554.272461	-96.117065
4559.655762	-95.850792
4565.039062	-96.137085
4570.422363	-95.309128
4575.805664	-95.181076
4581.188965	-95.869255
4586.572266	-95.326050
4591.955566	-95.119637
4597.338867	-94.996483
4602.722168	-94.493340
4608.105469	-94.420570
4613.488770	-94.504646
4618.872070	-94.129395
4624.255371	-94.235298
4629.638672	-93.862038
4635.021973	-93.908226
4640.405273	-94.028358
4645.788574	-94.095703
4651.171875	-94.313538
4656.555176	-94.615234
4661.938477	-94.980438
4667.321777	-94.748253
4672.705078	-94.628929
4678.088379	-94.692223
4683.471680	-95.078537
4688.854980	-95.596954
4694.238281	-95.303886
4699.621582	-95.084198
4705.004883	-95.092499
4710.388184	-94.891296
4715.771484	-94.178802
4721.154785	-94.067551
4726.538086	-94.456841
4731.921387	-93.508705
4737.304688	-93.330879
4742.687988	-92.987862
4748.071289	-92.480934
4753.454590	-90.058472
4758.837891	-89.436455
4764.221191	-92.720169
4769.604492	-92.876053
4774.987793	-93.082664
4780.371094	-93.412811
4785.754395	-93.652023
4791.137695	-93.996109
4796.520996	-94.233551
4801.904297	-94.964005
4807.287598	-94.902748
4812.670898	-94.617928
4818.054199	-94.472366
4823.437500	-94.435356
4828.820801	-95.053322
4834.204102	-94.234955
4839.587402	-94.148575
4844.970703	-94.027008
4850.354004	-93.908524
4855.737305	-93.682076
4861.120605	-93.499969
4866.503906	-94.040787
4871.887207	-94.395248
4877.270508	-94.797897
4882.653809	-95.127312
4888.037109	-95.134499
4893.420410	-95.307121
4898.803711	-94.726074
4904.187012	-94.134033
4909.570312	-95.598549
4914.953613	-95.822853
4920.336914	-95.650856
4925.720215	-96.097694
4931.103516	-96.311501
4936.486816	-96.391396
4941.870117	-96.057533
4947.253418	-96.048683
4952.636719	-96.597824
4958.020020	-96.178497
4963.403320	-95.893852
4968.786621	-95.970703
4974.169922	-95.709564
4979.553223	-95.847809
4984.936523	-95.410583
4990.319824	-94.842133
4995.703125	-95.259689
5001.086426	-95.376427
5006.469727	-95.054688
5011.853027	-94.889847
5017.236328	-95.070267
5022.619629	-95.671036
5028.002930	-95.593369
5033.386230	-95.278854
5038.769531	-95.096962
5044.152832	-95.173523
5049.536133	-94.881737
5054.919434	-94.970642
5060.302734	-95.112228
5065.686035	-95.221642
5071.069336	-94.940285
5076.452637	-95.452103
5081.835938	-95.273094
5087.219238	-95.264702
5092.602539	-95.612915
5097.985840	-95.649803
5103.369141	-95.740379
5108.752441	-95.891479
5114.135742	-95.247673
5119.519043	-94.947777
5124.902344	-95.670341
5130.285645	-95.616371
5135.668945	-95.936600
5141.052246	-96.266136
5146.435547	-96.172432
5151.818848	-97.060509
5157.202148	-97.210861
5162.585449	-97.231964
5167.968750	-96.610146
5173.352051	-96.641701
5178.735352	-97.234383
5184.118652	-97.267464
5189.501953	-96.942535
5194.885254	-96.761642
5200.268555	-96.777534
5205.651855	-96.673302
5211.035156	-95.911049
5216.418457	-95.745758
5221.801758	-96.099609
5227.185059	-96.101479
5232.568359	-95.575424
5237.951660	-95.553391
5243.334961	-95.337196
5248.718262	-95.490067
5254.101562	-95.150414
5259.484863	-95.616142
5264.868164	-96.271774
5270.251465	-96.449661
5275.634766	-96.305252
5281.018066	-96.536201
5286.401367	-96.398056
5291.784668	-96.053139
5297.167969	-96.502571
5302.551270	-96.150261
5307.934570	-96.177071
5313.317871	-96.211029
5318.701172	-96.279068
5324.084473	-96.546669
5329.467773	-96.544601
5334.851074	-95.844696
5340.234375	-95.695900
5345.617676	-95.660316
5351.000977	-95.647942
5356.384277	-95.685036
5361.767578	-95.651718
5367.150879	-95.342377
5372.534180	-95.700272
5377.917480	-95.813225
5383.300781	-96.265633
5388.684082	-96.324112
5394.067383	-96.178238
5399.450684	-95.900162
5404.833984	-96.354767
5410.217285	-96.752548
5415.600586	-96.049553
5420.983887	-96.019455
5426.367188	-95.843925
5431.750488	-95.843910
5437.133789	-96.275963
5442.517090	-96.222267
5447.900391	-95.932106
5453.283691	-96.053253
5458.666992	-96.479515
5464.050293	-96.000267
5469.433594	-95.702293
5474.816895	-96.597359
5480.200195	-95.983932
5485.583496	-95.713318
5490.966797	-95.701118
5496.350098	-95.809410
5501.733398	-95.622017
5507.116699	-96.028496
5512.500000	-96.453087
5517.883301	-96.620033
5523.266602	-96.220963
5528.649902	-96.520355
5534.033203	-96.876671
5539.416504	-96.797661
5544.799805	-96.582260
5550.183105	-96.231468
5555.566406	-96.133278
5560.949707	-95.860168
5566.333008	-96.087624
5571.716309	-95.992966
5577.099609	-96.213966
5582.482910	-95.804016
5587.866211	-96.178726
5593.249512	-95.796333
5598.632812	-95.665977
5604.016113	-95.715424
5609.399414	-95.434998
5614.782715	-95.384575
5620.166016	-95.014557
5625.549316	-95.231720
5630.932617	-95.192772
5636.315918	-94.480217
5641.699219	-95.050491
5647.082520	-95.213600
5652.465820	-95.242111
5657.849121	-95.181358
5663.232422	-95.515213
5668.615723	-95.822540
5673.999023	-96.059135
5679.382324	-96.098320
5684.765625	-97.199905
5690.148926	-96.663506
5695.532227	-96.662971
5700.915527	-97.896347
5706.298828	-97.824699
5711.682129	-97.660011
5717.065430	-97.652908
5722.448730	-97.905777
5727.832031	-97.201485
5733.215332	-96.991028
5738.598633	-96.498093
5743.981934	-96.469299
5749.365234	-97.045265
5754.748535	-96.767647
5760.131836	-96.728172
5765.515137	-96.373489
5770.898438	-96.699677
5776.281738	-96.158096
5781.665039	-96.150085
5787.048340	-96.485001
5792.431641	-96.585991
5797.814941	-96.573235
5803.198242	-96.784752
5808.581543	-96.762222
5813.964844	-96.326103
5819.348145	-96.523232
5824.731445	-96.320480
5830.114746	-96.701454
5835.498047	-96.838783
5840.881348	-96.480537
5846.264648	-96.500221
5851.647949	-96.103134
5857.031250	-96.652138
5862.414551	-97.284264
5867.797852	-97.628654
5873.181152	-97.816086
5878.564453	-97.046410
5883.947754	-97.485367
5889.331055	-97.890541
5894.714355	-97.711243
5900.097656	-97.305008
5905.480957	-97.925179
5910.864258	-97.321693
5916.247559	-97.002785
5921.630859	-96.649033
5927.014160	-96.591331
5932.397461	-96.542542
5937.780762	-96.725365
5943.164062	-96.734467
5948.547363	-97.622910
5953.930664	-97.779343
5959.313965	-97.729080
5964.697266	-98.127670
5970.080566	-98.366623
5975.463867	-98.524277
5980.847168	-97.899109
5986.230469	-98.049881
5991.613770	-98.550537
5996.997070	-98.476303
6002.380371	-98.452934
6007.763672	-98.882797
6013.146973	-98.451683
6018.530273	-98.384338
6023.913574	-98.528954
6029.296875	-98.522530
6034.680176	-98.925201
6040.063477	-98.619263
6045.446777	-98.563515
6050.830078	-98.398529
6056.213379	-98.296059
6061.596680	-98.494675
6066.979980	-98.180077
6072.363281	-98.490234
6077.746582	-98.574181
6083.129883	-98.444298
6088.513184	-98.261711
6093.896484	-98.482880
6099.279785	-98.548462
6104.663086	-98.485580
6110.046387	-98.404129
6115.429688	-98.201660
6120.812988	-97.946953
6126.196289	-98.510895
6131.579590	-99.233566
6136.962891	-99.079834
6142.346191	-98.769302
6147.729492	-98.478996
6153.112793	-98.389473
6158.496094	-99.093224
6163.879395	-98.870224
6169.262695	-98.654312
6174.645996	-98.453232
6180.029297	-98.558731
6185.412598	-98.816299
6190.795898	-98.631104
6196.179199	-98.711823
6201.562500	-98.732620
6206.945801	-98.851509
6212.329102	-99.091515
6217.712402	-97.911659
6223.095703	-98.085754
6228.479004	-98.733414
6233.862305	-98.503853
6239.245605	-98.492058
6244.628906	-98.513519
6250.012207	-98.250809
6255.395508	-98.007156
6260.778809	-97.857155
6266.162109	-98.377533
6271.545410	-98.047226
6276.928711	-97.740135
6282.312012	-98.066376
6287.695312	-97.696930
6293.078613	-97.393318
6298.461914	-97.426376
6303.845215	-97.895058
6309.228516	-97.811829
6314.611816	-98.178261
6319.995117	-98.223358
6325.378418	-97.822754
6330.761719	-97.678726
6336.145020	-97.394806
6341.528320	-97.841331
6346.911621	-98.261452
6352.294922	-98.573853
6357.678223	-98.583359
6363.061523	-99.104996
6368.444824	-99.161652
6373.828125	-98.979408
6379.211426	-99.155525
6384.594727	-98.606712
6389.978027	-99.125763
6395.361328	-98.547897
6400.744629	-98.509041
6406.127930	-98.931564
6411.511230	-99.806000
6416.894531	-99.260162
6422.277832	-99.487770
6427.661133	-99.544067
6433.044434	-98.868172
6438.427734	-99.241966
6443.811035	-99.445854
6449.194336	-98.982895
6454.577637	-99.750702
6459.960938	-99.616501
6465.344238	-99.810936
6470.727539	-100.055969
6476.110840	-99.492958
6481.494141	-99.798843
6486.877441	-100.088837
6492.260742	-99.398666
6497.644043	-99.526169
6503.027344	-99.797195
6508.410645	-99.092545
6513.793945	-99.209793
6519.177246	-99.020523
6524.560547	-99.001442
6529.943848	-98.896423
6535.327148	-99.072632
6540.710449	-99.053703
6546.093750	-99.379257
6551.477051	-98.983231
6556.860352	-98.969955
6562.243652	-99.618248
6567.626953	-99.480995
6573.010254	-99.468292
6578.393555	-98.833733
6583.776855	-98.446342
6589.160156	-98.598389
6594.543457	-98.913750
6599.926758	-99.255547
6605.310059	-99.030792
6610.693359	-99.149597
6616.076660	-99.123535
6621.459961	-99.649872
6626.843262	-99.721786
6632.226562	-99.338951
6637.609863	-99.324844
6642.993164	-98.991295
6648.376465	-99.704926
6653.759766	-99.650414
6659.143066	-99.300476
6664.526367	-99.792908
6669.909668	-99.939743
6675.292969	-99.760895
6680.676270	-99.612846
6686.059570	-99.716278
6691.442871	-99.461868
6696.826172	-99.261292
6702.209473	-99.269165
6707.592773	-99.315132
6712.976074	-99.422569
6718.359375	-99.327713
6723.742676	-99.042221
6729.125977	-99.274086
6734.509277	-99.601723
6739.892578	-99.439743
6745.275879	-99.165581
6750.659180	-99.299896
6756.042480	-99.490067
6761.425781	-99.668808
6766.809082	-99.169579
6772.192383	-98.724510
6777.575684	-98.832848
6782.958984	-98.944855
6788.342285	-99.048241
6793.725586	-98.774475
6799.108887	-98.375687
6804.492188	-98.743980
6809.875488	-98.918152
6815.258789	-99.033539
6820.642090	-99.230751
6826.025391	-99.251694
6831.408691	-99.341599
6836.791992	-99.013145
6842.175293	-99.139877
6847.558594	-98.512566
6852.941895	-98.994987
6858.325195	-99.307137
6863.708496	-98.992691
6869.091797	-99.451355
6874.475098	-98.955025
6879.858398	-98.743752
6885.241699	-98.637321
6890.625000	-98.745476
6896.008301	-98.895248
6901.391602	-98.593216
6906.774902	-98.535530
6912.158203	-98.963097
6917.541504	-98.951630
6922.924805	-98.538635
6928.308105	-98.220627
6933.691406	-98.285477
6939.074707	-98.352974
6944.458008	-98.680275
6949.841309	-98.501564
6955.224609	-98.534149
6960.607910	-98.375145
6965.991211	-98.449921
6971.374512	-98.468452
6976.757812	-98.526016
6982.141113	-98.618690
6987.524414	-98.531197
6992.907715	-98.770500
6998.291016	-98.688194
7003.674316	-98.325195
7009.057617	-98.554810
7014.440918	-99.092201
7019.824219	-99.010086
7025.207520	-98.614395
7030.590820	-98.705986
7035.974121	-98.902779
7041.357422	-98.847839
7046.740723	-99.058586
7052.124023	-99.025146
7057.507324	-99.025154
7062.890625	-99.209930
7068.273926	-98.653130
7073.657227	-98.750221
7079.040527	-98.411507
7084.423828	-98.666237
7089.807129	-98.640160
7095.190430	-98.834129
7100.573730	-98.584244
7105.957031	-98.560760
7111.340332	-98.691582
7116.723633	-98.725899
7122.106934	-98.495934
7127.490234	-98.809944
7132.873535	-98.560287
7138.256836	-98.503517
7143.640137	-98.562134
7149.023438	-98.316216
7154.406738	-98.161858
7159.790039	-98.082886
7165.173340	-98.357620
7170.556641	-98.338593
7175.939941	-98.705360
7181.323242	-98.136604
7186.706543	-97.748711
7192.089844	-98.160278
7197.473145	-98.430832
7202.856445	-98.553635
7208.239746	-98.687973
7213.623047	-98.127548
7219.006348	-98.353073
7224.389648	-98.775009
7229.772949	-98.617928
7235.156250	-98.511421
7240.539551	-98.658775
7245.922852	-98.794785
7251.306152	-98.569283
7256.689453	-99.066559
7262.072754	-98.638596
7267.456055	-98.668388
7272.839355	-98.602547
7278.222656	-98.242554
7283.605957	-98.194359
7288.989258	-97.449341
7294.372559	-97.933327
7299.755859	-98.108284
7305.139160	-98.239952
7310.522461	-97.952148
7315.905762	-98.160095
7321.289062	-97.902473
7326.672363	-98.089493
7332.055664	-98.557968
7337.438965	-98.187523
7342.822266	-98.102036
7348.205566	-98.148293
7353.588867	-98.098816
7358.972168	-97.813881
7364.355469	-98.314819
7369.738770	-98.324783
7375.122070	-97.892540
7380.505371	-97.472595
7385.888672	-97.636383
7391.271973	-97.053917
7396.655273	-97.678795
7402.038574	-98.126167
7407.421875	-98.206352
7412.805176	-98.219780
7418.188477	-97.916641
7423.571777	-98.193573
7428.955078	-98.093430
7434.338379	-97.959679
7439.721680	-97.903961
7445.104980	-97.286537
7450.488281	-97.468681
7455.871582	-97.243202
7461.254883	-97.600838
7466.638184	-97.744446
7472.021484	-97.671783
7477.404785	-97.879158
7482.788086	-97.958549
7488.171387	-97.832321
7493.554688	-97.678978
7498.937988	-97.018776
7504.321289	-97.203674
7509.704590	-97.585938
7515.087891	-97.918999
7520.471191	-98.165184
7525.854492	-98.473259
7531.237793	-98.707779
7536.621094	-98.249199
7542.004395	-97.823608
7547.387695	-97.487839
7552.770996	-98.134270
7558.154297	-98.229950
7563.537598	-98.014160
7568.920898	-98.040207
7574.304199	-98.108528
7579.687500	-98.152672
7585.070801	-97.987556
7590.454102	-97.953064
7595.837402	-97.975418
7601.220703	-97.609261
7606.604004	-97.519402
7611.987305	-97.177856
7617.370605	-97.294037
7622.753906	-97.500404
7628.137207	-98.105820
7633.520508	-98.023026
7638.903809	-97.603424
7644.287109	-97.865112
7649.670410	-98.102730
7655.053711	-97.889572
7660.437012	-97.365326
7665.820312	-97.728943
7671.203613	-97.513031
7676.586914	-96.920326
7681.970215	-97.259323
7687.353516	-97.048424
7692.736816	-96.897049
7698.120117	-96.690163
7703.503418	-96.879112
7708.886719	-96.743980
7714.270020	-96.822258
7719.653320	-97.127464
7725.036621	-97.094666
7730.419922	-97.525803
7735.803223	-96.979393
7741.186523	-97.406387
7746.569824	-96.984863
7751.953125	-97.189705
7757.336426	-97.427544
7762.719727	-97.938347
7768.103027	-97.599754
7773.486328	-97.869743
7778.869629	-98.329308
7784.252930	-98.388237
7789.636230	-97.604248
7795.019531	-96.710434
7800.402832	-97.339676
7805.786133	-97.777863
7811.169434	-98.075890
7816.552734	-97.555817
7821.936035	-97.198204
7827.319336	-97.837608
7832.702637	-98.339272
7838.085938	-98.569313
7843.469238	-98.216911
7848.852539	-97.532745
7854.235840	-97.456024
7859.619141	-98.142830
7865.002441	-98.006073
7870.385742	-97.925522
7875.769043	-97.874298
7881.152344	-97.988792
7886.535645	-97.992538
7891.918945	-98.325035
7897.302246	-98.222557
7902.685547	-97.913521
7908.068848	-98.379913
7913.452148	-98.181702
7918.835449	-98.477394
7924.218750	-98.524246
7929.602051	-97.678070
7934.985352	-97.642197
7940.368652	-97.994911
7945.751953	-98.493767
7951.135254	-98.430832
7956.518555	-98.273300
7961.901855	-97.589272
7967.285156	-97.586021
7972.668457	-97.862488
7978.051758	-97.593132
7983.435059	-97.736649
7988.818359	-97.982109
7994.201660	-97.920853
7999.584961	-97.634109
8004.968262	-97.491531
8010.351562	-96.668030
8015.734863	-96.548744
8021.118164	-97.508347
8026.501465	-97.402473
8031.884766	-97.485893
8037.268066	-97.125092
8042.651367	-97.766907
8048.034668	-96.775520
8053.417969	-96.809898
8058.801270	-97.521255
8064.184570	-97.156235
8069.567871	-97.174156
8074.951172	-97.305779
8080.334473	-97.331139
8085.717773	-97.644539
8091.101074	-97.577995
8096.484375	-97.178032
8101.867676	-97.076042
8107.250977	-97.466797
8112.634277	-97.626114
8118.017578	-97.386047
8123.400879	-97.107224
8128.784180	-97.556503
8134.167480	-97.798676
8139.550781	-97.513474
8144.934082	-97.878899
8150.317383	-97.996948
8155.700684	-98.080276
8161.083984	-97.726814
8166.467285	-97.646881
8171.850586	-98.115356
8177.233887	-97.888443
8182.617188	-98.025162
8188.000488	-98.268852
8193.383789	-98.107414
8198.767090	-97.376770
8204.150391	-97.501854
8209.533691	-97.325066
8214.916992	-97.335045
8220.300293	-97.281326
8225.683594	-97.121208
8231.066895	-96.744873
8236.450195	-97.024284
8241.833496	-97.365662
8247.216797	-97.754311
8252.600098	-97.794518
8257.983398	-97.600204
8263.366699	-97.566505
8268.750000	-97.231819
8274.133301	-97.702843
8279.516602	-98.713242
8284.899902	-98.149078
8290.283203	-97.656250
8295.666504	-96.957382
8301.049805	-97.572701
8306.433105	-97.268974
8311.816406	-97.766998
8317.199707	-97.717148
8322.583008	-97.013672
8327.966309	-97.000031
8333.349609	-96.379219
8338.732910	-96.603577
8344.116211	-96.751854
8349.499512	-97.406403
8354.882812	-97.234367
8360.266113	-96.936890
8365.649414	-96.929947
8371.032715	-96.709816
8376.416016	-96.113586
8381.799316	-96.461456
8387.182617	-97.644981
8392.565918	-97.129143
8397.949219	-97.215813
8403.332520	-97.338837
8408.715820	-97.100060
8414.099121	-97.204903
8419.482422	-97.533958
8424.865723	-97.413712
8430.249023	-97.075218
8435.632324	-97.093483
8441.015625	-97.166893
8446.398926	-97.059273
8451.782227	-96.794746
8457.165527	-92.001114
8462.548828	-92.474121
8467.932129	-97.960541
8473.315430	-97.829887
8478.698730	-97.940819
8484.082031	-97.756989
8489.465332	-96.747444
8494.848633	-97.540413
8500.231934	-97.930298
8505.615234	-97.792175
8510.998535	-98.272881
8516.381836	-97.771515
8521.765137	-97.813316
8527.148438	-97.912613
8532.531738	-98.414970
8537.915039	-98.093895
8543.298340	-97.796570
8548.681641	-97.029053
8554.064941	-97.582207
8559.448242	-98.065361
8564.831543	-98.029984
8570.214844	-98.070961
8575.598145	-97.754868
8580.981445	-97.957695
8586.364746	-98.052444
8591.748047	-98.279198
8597.131348	-98.463806
8602.514648	-98.504158
8607.897949	-98.414528
8613.281250	-98.565193
8618.664551	-98.641029
8624.047852	-97.753975
8629.431152	-98.029236
8634.814453	-98.175110
8640.197754	-98.454849
8645.581055	-98.047806
8650.964355	-98.257378
8656.347656	-98.042961
8661.730957	-98.413086
8667.114258	-98.187164
8672.497559	-98.422821
8677.880859	-98.724655
8683.264160	-98.585693
8688.647461	-98.424126
8694.030762	-98.650497
8699.414062	-98.841141
8704.797363	-98.308174
8710.180664	-98.203232
8715.563965	-98.311966
8720.947266	-97.965553
8726.330566	-98.088875
8731.713867	-98.776489
8737.097168	-98.413612
8742.480469	-98.529182
8747.863770	-99.076927
8753.247070	-98.868317
8758.630371	-98.322914
8764.013672	-98.387894
8769.396973	-98.482109
8774.780273	-98.629341
8780.163574	-98.764557
8785.546875	-98.996407
8790.930176	-98.869057
8796.313477	-99.540543
8801.696777	-98.979431
8807.080078	-98.546669
8812.463379	-98.502426
8817.846680	-98.399940
8823.229980	-98.399788
8828.613281	-98.447853
8833.996582	-98.631828
8839.379883	-98.679573
8844.763184	-98.808296
8850.146484	-98.603165
8855.529785	-98.625061
8860.913086	-99.254257
8866.296387	-99.616615
8871.679688	-99.569359
8877.062988	-98.858833
8882.446289	-98.586815
8887.829590	-98.889923
8893.212891	-98.928337
8898.596191	-99.635391
8903.979492	-99.540497
8909.362793	-98.621040
8914.746094	-98.538857
8920.129395	-98.045883
8925.512695	-98.512215
8930.895996	-98.546791
8936.279297	-98.741280
8941.662598	-98.329208
8947.045898	-98.318542
8952.429199	-98.879852
8957.812500	-98.784653
8963.195801	-98.345451
8968.579102	-98.741333
8973.962402	-99.026718
8979.345703	-98.856140
8984.729004	-98.642624
8990.112305	-98.777664
8995.495605	-98.107437
9000.878906	-98.292358
9006.262207	-98.512344
9011.645508	-98.633865
9017.028809	-98.892029
9022.412109	-98.973801
9027.795410	-98.555977
9033.178711	-98.242798
9038.562012	-98.721046
9043.945312	-98.862411
9049.328613	-98.416290
9054.711914	-98.528770
9060.095215	-98.999031
9065.478516	-99.104507
9070.861816	-99.337250
9076.245117	-99.159737
9081.628418	-98.649170
9087.011719	-98.327682
9092.395020	-98.297935
9097.778320	-98.401604
9103.161621	-98.760887
9108.544922	-99.130302
9113.928223	-98.802345
9119.311523	-98.709885
9124.694824	-98.852333
9130.078125	-98.734154
9135.461426	-98.776932
9140.844727	-98.751625
9146.228027	-98.405365
9151.611328	-97.998795
9156.994629	-97.926346
9162.377930	-98.563965
9167.761230	-98.289139
9173.144531	-98.425766
9178.527832	-98.563522
9183.911133	-98.949120
9189.294434	-99.040138
9194.677734	-98.729324
9200.061035	-98.684608
9205.444336	-98.782349
9210.827637	-98.854050
9216.210938	-98.644638
9221.594238	-98.861259
9226.977539	-98.524452
9232.360840	-98.775124
9237.744141	-98.220016
9243.127441	-98.615936
9248.510742	-98.294441
9253.894043	-98.010918
9259.277344	-98.494240
9264.660645	-98.515938
9270.043945	-98.914017
9275.427246	-98.844742
9280.810547	-98.605927
9286.193848	-99.184021
9291.577148	-99.018730
9296.960449	-98.433395
9302.343750	-98.674576
9307.727051	-98.913071
9313.110352	-98.764595
9318.493652	-98.549690
9323.876953	-98.765167
9329.260254	-99.194626
9334.643555	-99.219894
9340.026855	-99.054543
9345.410156	-98.796120
9350.793457	-99.021782
9356.176758	-99.055878
9361.560059	-98.593468
9366.943359	-98.652946
9372.326660	-98.535080
9377.709961	-98.269241
9383.093262	-98.065392
9388.476562	-98.609985
9393.859863	-98.179604
9399.243164	-98.393501
9404.626465	-98.746521
9410.009766	-98.437080
9415.393066	-98.313782
9420.776367	-98.260117
9426.159668	-98.441620
9431.542969	-98.765541
9436.926270	-98.871826
9442.309570	-98.951447
9447.692871	-99.181999
9453.076172	-99.164474
9458.459473	-98.720413
9463.842773	-98.961517
9469.226074	-99.011864
9474.609375	-98.907555
9479.992676	-98.779869
9485.375977	-98.406494
9490.759277	-98.395630
9496.142578	-98.574348
9501.525879	-98.465691
9506.909180	-98.560120
9512.292480	-98.313957
9517.675781	-98.987755
9523.059082	-98.684296
9528.442383	-98.742226
9533.825684	-98.893822
9539.208984	-98.836380
9544.592285	-98.864601
9549.975586	-99.044624
9555.358887	-99.288574
9560.742188	-99.206757
9566.125488	-99.067993
9571.508789	-98.279678
9576.892090	-98.705849
9582.275391	-98.880470
9587.658691	-99.107742
9593.041992	-98.762413
9598.425293	-98.752579
9603.808594	-98.464844
9609.191895	-98.388405
9614.575195	-98.113312
9619.958496	-98.075150
9625.341797	-98.899918
9630.725098	-99.257820
9636.108398	-98.760674
9641.491699	-98.670998
9646.875000	-98.485191
9652.258301	-98.114067
9657.641602	-98.903503
9663.024902	-98.534683
9668.408203	-98.380417
9673.791504	-98.210114
9679.174805	-99.047012
9684.558105	-98.716232
9689.941406	-98.643211
9695.324707	-98.920189
9700.708008	-98.936157
9706.091309	-98.486588
9711.474609	-98.647888
9716.857910	-98.895622
9722.241211	-98.841278
9727.624512	-99.070877
9733.007812	-98.948349
9738.391113	-99.336052
9743.774414	-99.163513
9749.157715	-98.217316
9754.541016	-98.148125
9759.924316	-98.397324
9765.307617	-98.819580
9770.690918	-99.056160
9776.074219	-98.660446
9781.457520	-98.745789
9786.840820	-98.554092
9792.224121	-98.271667
9797.607422	-98.266907
9802.990723	-98.547348
9808.374023	-98.999313
9813.757324	-98.615303
9819.140625	-98.786598
9824.523926	-98.779060
9829.907227	-98.756355
9835.290527	-98.484024
9840.673828	-98.374443
9846.057129	-98.303085
9851.440430	-98.067245
9856.823730	-98.047813
9862.207031	-98.043503
9867.590332	-97.769402
9872.973633	-97.770302
9878.356934	-98.195343
9883.740234	-97.962791
9889.123535	-98.263756
9894.506836	-98.430260
9899.890137	-98.366997
9905.273438	-98.464394
9910.656738	-98.445869
9916.040039	-98.386688
9921.423340	-98.133797
9926.806641	-98.177612
9932.189941	-98.009850
9937.573242	-98.301994
9942.956543	-98.549538
9948.339844	-98.294724
9953.723145	-97.929871
9959.106445	-98.308060
9964.489746	-98.228088
9969.873047	-98.518578
9975.256348	-98.547562
9980.639648	-98.513618
9986.022949	-98.419891
9991.406250	-98.515297
9996.789551	-98.838936
10002.172852	-98.273888
10007.556152	-98.210495
10012.939453	-98.140617
10018.322754	-98.032234
10023.706055	-98.509514
10029.089355	-98.490921
10034.472656	-98.995499
10039.855957	-98.580887
10045.239258	-98.755539
10050.622559	-98.391144
10056.005859	-98.425369
10061.389160	-98.783539
10066.772461	-99.189522
10072.155762	-99.441223
10077.539062	-99.890076
10082.922363	-99.313026
10088.305664	-99.004318
10093.688965	-99.229607
10099.072266	-99.197685
10104.455566	-99.160645
10109.838867	-99.273865
10115.222168	-98.927330
10120.605469	-98.531593
10125.988770	-98.038338
10131.372070	-98.740555
10136.755371	-98.973938
10142.138672	-98.725410
10147.521973	-98.767525
10152.905273	-98.276772
10158.288574	-98.274712
10163.671875	-98.368721
10169.055176	-98.163300
10174.438477	-98.282585
10179.821777	-98.648735
10185.205078	-98.612419
10190.588379	-98.268982
10195.971680	-98.542633
10201.354980	-98.635109
10206.738281	-97.821259
10212.121582	-98.186882
10217.504883	-98.203392
10222.888184	-97.320969
10228.271484	-97.684349
10233.654785	-97.694397
10239.038086	-97.750008
10244.421387	-97.750984
10249.804688	-97.872032
10255.187988	-97.983276
10260.571289	-98.560616
10265.954590	-98.825310
10271.337891	-98.163208
10276.721191	-98.190201
10282.104492	-98.077652
10287.487793	-98.496429
10292.871094	-97.832001
10298.254395	-97.568886
10303.637695	-97.470673
10309.020996	-97.406281
10314.404297	-97.450012
10319.787598	-97.090874
10325.170898	-97.299698
10330.554199	-97.107002
10335.937500	-97.237717
10341.320801	-97.478149
10346.704102	-97.474113
10352.087402	-97.305794
10357.470703	-97.630463
10362.854004	-98.268692
10368.237305	-98.435234
10373.620605	-98.203720
10379.003906	-96.297409
10384.387207	-96.141647
10389.770508	-96.626396
10395.153809	-97.424469
10400.537109	-98.581207
10405.920410	-98.822815
10411.303711	-98.852036
10416.687012	-98.406265
10422.070312	-97.814331
10427.453613	-96.861481
10432.836914	-98.172340
10438.220215	-99.038864
10443.603516	-98.849854
10448.986816	-98.462769
10454.370117	-98.183220
10459.753418	-98.492195
10465.136719	-98.231544
10470.520020	-98.394600
10475.903320	-98.318085
10481.286621	-98.434242
10486.669922	-98.271378
10492.053223	-98.522987
10497.436523	-98.188324
10502.819824	-97.820747
10508.203125	-98.452423
10513.586426	-98.582993
10518.969727	-98.276634
10524.353027	-98.582703
10529.736328	-98.860947
10535.119629	-98.834167
10540.502930	-98.781639
10545.886230	-98.616730
10551.269531	-98.642586
10556.652832	-98.563316
10562.036133	-98.425827
10567.419434	-98.527626
10572.802734	-98.651085
10578.186035	-98.622292
10583.569336	-98.222351
10588.952637	-98.037025
10594.335938	-98.363960
10599.719238	-98.670265
10605.102539	-98.780800
10610.485840	-98.355644
10615.869141	-98.994171
10621.252441	-99.174667
10626.635742	-98.810829
10632.019043	-98.722183
10637.402344	-98.185875
10642.785645	-98.951836
10648.168945	-98.765160
10653.552246	-98.857986
10658.935547	-98.803581
10664.318848	-98.962059
10669.702148	-98.866013
10675.085449	-98.822060
10680.468750	-99.008179
10685.852051	-98.647835
10691.235352	-98.863831
10696.618652	-98.997589
10702.001953	-98.832565
10707.385254	-98.901924
10712.768555	-98.718781
10718.151855	-98.571617
10723.535156	-99.122345
10728.918457	-98.690239
10734.301758	-98.764053
10739.685059	-98.867958
10745.068359	-97.523689
10750.451660	-97.392761
10755.834961	-99.070648
10761.218262	-98.819244
10766.601562	-98.989563
10771.984863	-98.649239
10777.368164	-98.663216
10782.751465	-99.020882
10788.134766	-98.978012
10793.518066	-99.027992
10798.901367	-98.838394
10804.284668	-98.892441
10809.667969	-98.781097
10815.051270	-98.781837
10820.434570	-99.601608
10825.817871	-99.322304
10831.201172	-98.534599
10836.584473	-98.722900
10841.967773	-99.054688
10847.351074	-98.765160
10852.734375	-99.104622
10858.117676	-99.174751
10863.500977	-99.001892
10868.884277	-99.132370
10874.267578	-98.779358
10879.650879	-98.576691
10885.034180	-99.082954
10890.417480	-99.157181
10895.800781	-99.256332
10901.184082	-99.173599
10906.567383	-98.673729
10911.950684	-98.985878
10917.333984	-98.800697
10922.717285	-98.748894
10928.100586	-97.985100
10933.483887	-97.989891
10938.867188	-98.666672
10944.250488	-98.840225
10949.633789	-99.263451
10955.017090	-98.955070
10960.400391	-98.739532
10965.783691	-98.887489
10971.166992	-99.070351
10976.550293	-98.651970
10981.933594	-98.709961
10987.316895	-99.025330
10992.700195	-98.932617
10998.083496	-99.349014
11003.466797	-99.160446
11008.850098	-99.467148
11014.233398	-99.406021
11019.616699	-98.787605
11025.000000	-98.827797
11030.383301	-99.280861
11035.766602	-99.204597
11041.149902	-98.808098
11046.533203	-98.463562
11051.916504	-98.151489
11057.299805	-98.664932
11062.683105	-98.663803
11068.066406	-98.577492
11073.449707	-98.923859
11078.833008	-98.363625
11084.216309	-98.476547
11089.599609	-99.056862
11094.982910	-98.820229
11100.366211	-98.575592
11105.749512	-98.388878
11111.132812	-95.292419
11116.516113	-95.532417
11121.899414	-98.443314
11127.282715	-98.566238
11132.666016	-98.379913
11138.049316	-98.510735
11143.432617	-98.584290
11148.815918	-99.042091
11154.199219	-99.008774
11159.582520	-98.618454
11164.965820	-99.161285
11170.349121	-99.216949
11175.732422	-98.921341
11181.115723	-99.172897
11186.499023	-99.089905
11191.882324	-99.174034
11197.265625	-98.693672
11202.648926	-98.728348
11208.032227	-98.778107
11213.415527	-98.676826
11218.798828	-98.727005
11224.182129	-98.715630
11229.565430	-98.870544
11234.948730	-98.678040
11240.332031	-98.487259
11245.715332	-98.575096
11251.098633	-98.570534
11256.481934	-99.055305
11261.865234	-98.927032
11267.248535	-98.742302
11272.631836	-98.831184
11278.015137	-98.947121
11283.398438	-99.010544
11288.781738	-98.823570
11294.165039	-98.489586
11299.548340	-97.977463
11304.931641	-98.688812
11310.314941	-98.515862
11315.698242	-98.575775
11321.081543	-98.497719
11326.464844	-98.844154
11331.848145	-98.256783
11337.231445	-98.507896
11342.614746	-98.865448
11347.998047	-98.801926
11353.381348	-98.736961
11358.764648	-98.557487
11364.147949	-99.276146
11369.531250	-99.394127
11374.914551	-99.043755
11380.297852	-98.562149
11385.681152	-99.001778
11391.064453	-99.437347
11396.447754	-98.896622
11401.831055	-98.644081
11407.214355	-98.415215
11412.597656	-98.865631
11417.980957	-99.175392
11423.364258	-99.101616
11428.747559	-99.383057
11434.130859	-99.385620
11439.514160	-98.827080
11444.897461	-99.125969
11450.280762	-99.050224
11455.664062	-98.705299
11461.047363	-98.573250
11466.430664	-99.012589
11471.813965	-98.965897
11477.197266	-98.215927
11482.580566	-98.591095
11487.963867	-98.730209
11493.347168	-98.827759
11498.730469	-98.940460
11504.113770	-99.121094
11509.497070	-99.237045
11514.880371	-99.060715
11520.263672	-98.683830
11525.646973	-98.932510
11531.030273	-98.942764
11536.413574	-99.047409
11541.796875	-98.961815
11547.180176	-98.564491
11552.563477	-99.000008
11557.946777	-98.911263
11563.330078	-98.824036
11568.713379	-99.283241
11574.096680	-99.410675
11579.479980	-99.237320
11584.863281	-98.646637
11590.246582	-98.323166
11595.629883	-98.687843
11601.013184	-98.831444
11606.396484	-98.544052
11611.779785	-98.469528
11617.163086	-98.628349
11622.546387	-98.726318
11627.929688	-98.449379
11633.312988	-98.389969
11638.696289	-98.928337
11644.079590	-98.911606
11649.462891	-99.010010
11654.846191	-99.101089
11660.229492	-98.475121
11665.612793	-98.347984
11670.996094	-98.575607
11676.379395	-98.851654
11681.762695	-99.000397
11687.145996	-98.849731
11692.529297	-98.906082
11697.912598	-98.947716
11703.295898	-99.043571
11708.679199	-98.584564
11714.062500	-98.834610
11719.445801	-99.531792
11724.829102	-98.895065
11730.212402	-98.544853
11735.595703	-99.152725
11740.979004	-98.579277
11746.362305	-98.781479
11751.745605	-98.852219
11757.128906	-98.588829
11762.512207	-98.779579
11767.895508	-99.172211
11773.278809	-98.782013
11778.662109	-98.429642
11784.045410	-98.658890
11789.428711	-98.581558
11794.812012	-99.073769
11800.195312	-98.916534
11805.578613	-98.808441
11810.961914	-99.036942
11816.345215	-98.950050
11821.728516	-99.017982
11827.111816	-98.828926
11832.495117	-98.906189
11837.878418	-98.447861
11843.261719	-97.622002
11848.645020	-98.072884
11854.028320	-98.865944
11859.411621	-99.448059
11864.794922	-98.895264
11870.178223	-98.338432
11875.561523	-98.631142
11880.944824	-98.815903
11886.328125	-98.560349
11891.711426	-98.334564
11897.094727	-98.327438
11902.478027	-98.308105
11907.861328	-98.462540
11913.244629	-98.681099
11918.627930	-98.900192
11924.011230	-98.702934
11929.394531	-98.409264
11934.777832	-98.803215
11940.161133	-98.947342
11945.544434	-98.690666
11950.927734	-98.378731
11956.311035	-98.405296
11961.694336	-98.532394
11967.077637	-98.784698
11972.460938	-98.663506
11977.844238	-98.695099
11983.227539	-98.649025
11988.610840	-98.702278
11993.994141	-98.866966
11999.377441	-98.844467
12004.760742	-98.952522
12010.144043	-99.099579
12015.527344	-99.181602
12020.910645	-98.562447
12026.293945	-97.759506
12031.677246	-97.792717
12037.060547	-98.195961
12042.443848	-98.552750
12047.827148	-98.504196
12053.210449	-98.541458
12058.593750	-98.582344
12063.977051	-98.591095
12069.360352	-98.526703
12074.743652	-98.746696
12080.126953	-98.961311
12085.510254	-98.345078
12090.893555	-98.686058
12096.276855	-98.895073
12101.660156	-98.228584
12107.043457	-98.145561
12112.426758	-98.371681
12117.810059	-98.853172
12123.193359	-99.195908
12128.576660	-98.597168
12133.959961	-98.259056
12139.343262	-98.311157
12144.726562	-98.530174
12150.109863	-98.681068
12155.493164	-98.695114
12160.876465	-98.493599
12166.259766	-98.917709
12171.643066	-98.939751
12177.026367	-98.837540
12182.409668	-98.239876
12187.792969	-98.046425
12193.176270	-98.805481
12198.559570	-98.909340
12203.942871	-98.437904
12209.326172	-97.207092
12214.709473	-97.602760
12220.092773	-98.297867
12225.476074	-98.276588
12230.859375	-98.252876
12236.242676	-98.670395
12241.625977	-98.957085
12247.009277	-98.827507
12252.392578	-98.497696
12257.775879	-98.307617
12263.159180	-98.344215
12268.542480	-98.838112
12273.925781	-98.830643
12279.309082	-98.762909
12284.692383	-98.985847
12290.075684	-98.304390
12295.458984	-98.159889
12300.842285	-98.386383
12306.225586	-98.134987
12311.608887	-98.046066
12316.992188	-98.147469
12322.375488	-97.950996
12327.758789	-98.142006
12333.142090	-98.833344
12338.525391	-98.855759
12343.908691	-98.720566
12349.291992	-98.808899
12354.675293	-98.384109
12360.058594	-98.328674
12365.441895	-98.163666
12370.825195	-98.769577
12376.208496	-98.788467
12381.591797	-98.604149
12386.975098	-98.566025
12392.358398	-97.391541
12397.741699	-97.928703
12403.125000	-98.422935
12408.508301	-98.492340
12413.891602	-98.316414
12419.274902	-98.509285
12424.658203	-98.423134
12430.041504	-98.310165
12435.424805	-98.770973
12440.808105	-98.619652
12446.191406	-98.345009
12451.574707	-98.527321
12456.958008	-97.986435
12462.341309	-98.674385
12467.724609	-98.653030
12473.107910	-98.593155
12478.491211	-98.669220
12483.874512	-98.605766
12489.257812	-98.726723
12494.641113	-98.726807
12500.024414	-98.392426
12505.407715	-98.393524
12510.791016	-98.728737
12516.174316	-98.964584
12521.557617	-98.455856
12526.940918	-98.572281
12532.324219	-99.075661
12537.707520	-98.828438
12543.090820	-98.391258
12548.474121	-98.522797
12553.857422	-98.731636
12559.240723	-98.938515
12564.624023	-99.111717
12570.007324	-98.526878
12575.390625	-97.915031
12580.773926	-98.316383
12586.157227	-98.644386
12591.540527	-99.182060
12596.923828	-99.076141
12602.307129	-99.272957
12607.690430	-98.993614
12613.073730	-98.649651
12618.457031	-99.006744
12623.840332	-98.597313
12629.223633	-98.758499
12634.606934	-99.147827
12639.990234	-99.006256
12645.373535	-98.492287
12650.756836	-98.401695
12656.140137	-99.336830
12661.523438	-98.827026
12666.906738	-99.003487
12672.290039	-98.856552
12677.673340	-98.940620
12683.056641	-99.209244
12688.439941	-98.524948
12693.823242	-98.856621
12699.206543	-98.885078
12704.589844	-98.851166
12709.973145	-98.361893
12715.356445	-98.223770
12720.739746	-98.531799
12726.123047	-98.763527
12731.506348	-99.352859
12736.889648	-99.485977
12742.272949	-99.673874
12747.656250	-99.251740
12753.039551	-98.905807
12758.422852	-99.013565
12763.806152	-98.917595
12769.189453	-98.593079
12774.572754	-98.716560
12779.956055	-98.732948
12785.339355	-99.187759
12790.722656	-99.419495
12796.105957	-98.984131
12801.489258	-99.030624
12806.872559	-98.835121
12812.255859	-98.993309
12817.639160	-99.062576
12823.022461	-99.299759
12828.405762	-98.741539
12833.789062	-98.380257
12839.172363	-98.845741
12844.555664	-98.783295
12849.938965	-98.558479
12855.322266	-98.967224
12860.705566	-98.694405
12866.088867	-98.618660
12871.472168	-98.262779
12876.855469	-98.583580
12882.238770	-98.695633
12887.622070	-98.528954
12893.005371	-98.634766
12898.388672	-99.105827
12903.771973	-98.652138
12909.155273	-98.775681
12914.538574	-99.000580
12919.921875	-99.171280
12925.305176	-99.220322
12930.688477	-98.860718
12936.071777	-98.661446
12941.455078	-98.182907
12946.838379	-98.354225
12952.221680	-98.844727
12957.604980	-98.880051
12962.988281	-98.665138
12968.371582	-98.542213
12973.754883	-98.476868
12979.138184	-98.003105
12984.521484	-98.205551
12989.904785	-98.319519
12995.288086	-98.129150
13000.671387	-98.745445
13006.054688	-98.573265
13011.437988	-98.867104
13016.821289	-98.619171
13022.204590	-99.402657
13027.587891	-99.271027
13032.971191	-99.146065
13038.354492	-98.940292
13043.737793	-98.776779
13049.121094	-96.614769
13054.504395	-94.861076
13059.887695	-98.311813
13065.270996	-98.531212
13070.654297	-98.107185
13076.037598	-98.132607
13081.420898	-98.496826
13086.804199	-98.618828
13092.187500	-98.866104
13097.570801	-99.394806
13102.954102	-99.366745
13108.337402	-99.242516
13113.720703	-99.495087
13119.104004	-99.395500
13124.487305	-97.904808
13129.870605	-98.334335
13135.253906	-99.115341
13140.637207	-98.807053
13146.020508	-98.902481
13151.403809	-98.852867
13156.787109	-98.985039
13162.170410	-98.279694
13167.553711	-98.920174
13172.937012	-98.214081
13178.320312	-98.175209
13183.703613	-98.150490
13189.086914	-98.528931
13194.470215	-97.945770
13199.853516	-96.014923
13205.236816	-97.645264
13210.620117	-98.612350
13216.003418	-99.107788
13221.386719	-97.534187
13226.770020	-97.627144
13232.153320	-96.226212
13237.536621	-94.832977
13242.919922	-97.088356
13248.303223	-97.759911
13253.686523	-97.597878
13259.069824	-97.405754
13264.453125	-96.998154
13269.836426	-96.426842
13275.219727	-96.691101
13280.603027	-97.889931
13285.986328	-98.132698
13291.369629	-97.846535
13296.752930	-98.071129
13302.136230	-98.186348
13307.519531	-96.795113
13312.902832	-96.473480
13318.286133	-96.624954
13323.669434	-97.318954
13329.052734	-96.997459
13334.436035	-96.909691
13339.819336	-97.726814
13345.202637	-96.283249
13350.585938	-97.592140
13355.969238	-97.635246
13361.352539	-98.220055
13366.735840	-98.104767
13372.119141	-98.309128
13377.502441	-97.657257
13382.885742	-96.345177
13388.269043	-97.625977
13393.652344	-98.098381
13399.035645	-98.005798
13404.418945	-98.447830
13409.802246	-98.448608
13415.185547	-95.728874
13420.568848	-94.095345
13425.952148	-97.336983
13431.335449	-97.679436
13436.718750	-97.289291
13442.102051	-95.853928
13447.485352	-97.245041
13452.868652	-96.093925
13458.251953	-96.171341
13463.635254	-97.933853
13469.018555	-98.019035
13474.401855	-98.383812
13479.785156	-97.766701
13485.168457	-97.539139
13490.551758	-96.360352
13495.935059	-96.551689
13501.318359	-97.735428
13506.701660	-98.212082
13512.084961	-98.028198
13517.468262	-97.840340
13522.851562	-97.715523
13528.234863	-95.104790
13533.618164	-96.373726
13539.001465	-97.158760
13544.384766	-97.759583
13549.768066	-98.010727
13555.151367	-97.942291
13560.534668	-97.329758
13565.917969	-96.919113
13571.301270	-97.106041
13576.684570	-93.757988
13582.067871	-93.866653
13587.451172	-94.154427
13592.834473	-94.113617
13598.217773	-92.942955
13603.601074	-91.554283
13608.984375	-92.882751
13614.367676	-92.733604
13619.750977	-92.116035
13625.134277	-89.235794
13630.517578	-90.493835
13635.900879	-89.033424
13641.284180	-89.245888
13646.667480	-94.007019
13652.050781	-94.482147
13657.434082	-95.640579
13662.817383	-95.889374
13668.200684	-95.476273
13673.583984	-90.349075
13678.967285	-92.703728
13684.350586	-98.645569
13689.733887	-98.700821
13695.117188	-98.376778
13700.500488	-98.079620
13705.883789	-98.581490
13711.267090	-98.987503
13716.650391	-99.336807
13722.033691	-99.383255
13727.416992	-99.434387
13732.800293	-99.194855
13738.183594	-98.930656
13743.566895	-98.670479
13748.950195	-98.205200
13754.333496	-98.796883
13759.716797	-99.054459
13765.100098	-97.318550
13770.483398	-98.592506
13775.866699	-98.709846
13781.250000	-97.601097
13786.633301	-97.386765
13792.016602	-97.687820
13797.399902	-98.229439
13802.783203	-98.213196
13808.166504	-95.173294
13813.549805	-94.655586
13818.933105	-98.206772
13824.316406	-98.333656
13829.699707	-98.761452
13835.083008	-99.365685
13840.466309	-99.317101
13845.849609	-99.693710
13851.232910	-96.987251
13856.616211	-89.694305
13861.999512	-92.437065
13867.382812	-99.199326
13872.766113	-99.548569
13878.149414	-99.407707
13883.532715	-99.424553
13888.916016	-99.469971
13894.299316	-99.356934
13899.682617	-99.631989
13905.065918	-99.691475
13910.449219	-99.554413
13915.832520	-99.502632
13921.215820	-99.967934
13926.599121	-99.565819
13931.982422	-98.810616
13937.365723	-99.424538
13942.749023	-100.010277
13948.132324	-99.782211
13953.515625	-99.411407
13958.898926	-99.613983
13964.282227	-99.713142
13969.665527	-99.819916
13975.048828	-99.866409
13980.432129	-99.306236
13985.815430	-99.741035
13991.198730	-99.719429
13996.582031	-99.624557
14001.965332	-99.374603
14007.348633	-99.613518
14012.731934	-99.383957
14018.115234	-99.612625
14023.498535	-99.314445
14028.881836	-99.769577
14034.265137	-99.680199
14039.648438	-98.451202
14045.031738	-99.152275
14050.415039	-99.664375
14055.798340	-100.010902
14061.181641	-100.312424
14066.564941	-100.316910
14071.948242	-100.095711
14077.331543	-100.035553
14082.714844	-100.097755
14088.098145	-99.460854
14093.481445	-99.442574
14098.864746	-99.771019
14104.248047	-99.703560
14109.631348	-99.941620
14115.014648	-99.964836
14120.397949	-99.205452
14125.781250	-99.783615
14131.164551	-100.131889
14136.547852	-99.661949
14141.931152	-99.445198
14147.314453	-99.828796
14152.697754	-99.425201
14158.081055	-99.458710
14163.464355	-99.632439
14168.847656	-100.059853
14174.230957	-99.798775
14179.614258	-99.573181
14184.997559	-99.461678
14190.380859	-99.146095
14195.764160	-99.890068
14201.147461	-99.765129
14206.530762	-99.184196
14211.914062	-99.748413
14217.297363	-100.026581
14222.680664	-99.304092
14228.063965	-99.808899
14233.447266	-99.945969
14238.830566	-99.725403
14244.213867	-99.827972
14249.597168	-99.459663
14254.980469	-99.885674
14260.363770	-99.684402
14265.747070	-99.794006
14271.130371	-99.762497
14276.513672	-100.257019
14281.896973	-100.329895
14287.280273	-99.842255
14292.663574	-99.866768
14298.046875	-99.797340
14303.430176	-99.471703
14308.813477	-99.282082
14314.196777	-99.692825
14319.580078	-99.449425
14324.963379	-99.612129
14330.346680	-99.680962
14335.729980	-100.056053
14341.113281	-100.058380
14346.496582	-99.983925
14351.879883	-100.125549
14357.263184	-99.789810
14362.646484	-99.443123
14368.029785	-99.780762
14373.413086	-99.923332
14378.796387	-99.370392
14384.179688	-99.791405
14389.562988	-99.997452
14394.946289	-99.526268
14400.329590	-98.825989
14405.712891	-98.411858
14411.096191	-99.634605
14416.479492	-99.563782
14421.862793	-99.662506
14427.246094	-99.961098
14432.629395	-99.827522
14438.012695	-99.952812
14443.395996	-99.762947
14448.779297	-99.689171
14454.162598	-99.919762
14459.545898	-99.580864
14464.929199	-99.366615
14470.312500	-99.679161
14475.695801	-99.422806
14481.079102	-99.777740
14486.462402	-99.697914
14491.845703	-99.599503
14497.229004	-99.347191
14502.612305	-99.792557
14507.995605	-99.521591
14513.378906	-98.881599
14518.762207	-99.417290
14524.145508	-100.004013
14529.528809	-99.831970
14534.912109	-99.928352
14540.295410	-99.532822
14545.678711	-99.066620
14551.062012	-99.309746
14556.445312	-99.574928
14561.828613	-99.818130
14567.211914	-99.347801
14572.595215	-99.209465
14577.978516	-99.693542
14583.361816	-99.529877
14588.745117	-99.248108
14594.128418	-99.407196
14599.511719	-99.575760
14604.895020	-99.803108
14610.278320	-99.882355
14615.661621	-100.179420
14621.044922	-99.745102
14626.428223	-99.461380
14631.811523	-99.717697
14637.194824	-99.643028
14642.578125	-99.070663
14647.961426	-99.450371
14653.344727	-99.607384
14658.728027	-99.596375
14664.111328	-99.641396
14669.494629	-99.730530
14674.877930	-98.066238
14680.261230	-92.498505
14685.644531	-94.934464
14691.027832	-99.788628
14696.411133	-99.298645
14701.794434	-99.390770
14707.177734	-100.060020
14712.561035	-99.824905
14717.944336	-99.617416
14723.327637	-99.370155
14728.710938	-99.760307
14734.094238	-99.646202
14739.477539	-100.111618
14744.860840	-99.866890
14750.244141	-99.632988
14755.627441	-99.733162
14761.010742	-99.918694
14766.394043	-99.192024
14771.777344	-97.645058
14777.160645	-98.722672
14782.543945	-99.716522
14787.927246	-99.266983
14793.310547	-99.617531
14798.693848	-99.761147
14804.077148	-99.695038
14809.460449	-99.801659
14814.843750	-99.193512
14820.227051	-99.093033
14825.610352	-99.371040
14830.993652	-99.013023
14836.376953	-99.820724
14841.760254	-99.754288
14847.143555	-99.628555
14852.526855	-99.712318
14857.910156	-99.585548
14863.293457	-99.287659
14868.676758	-99.764816
14874.060059	-99.834846
14879.443359	-99.309135
14884.826660	-99.706238
14890.209961	-100.245827
14895.593262	-99.469612
14900.976562	-99.525108
14906.359863	-99.674934
14911.743164	-99.466339
14917.126465	-99.668587
14922.509766	-99.658279
14927.893066	-99.778954
14933.276367	-99.503677
14938.659668	-99.759789
14944.042969	-99.556549
14949.426270	-99.289795
14954.809570	-99.835899
14960.192871	-99.922417
14965.576172	-99.533005
14970.959473	-99.331848
14976.342773	-99.682655
14981.726074	-99.796188
14987.109375	-99.629951
14992.492676	-99.998238
14997.875977	-99.456520
15003.259277	-99.602394
15008.642578	-99.574516
15014.025879	-99.369980
15019.409180	-99.480911
15024.792480	-99.283333
15030.175781	-99.444649
15035.559082	-99.515137
15040.942383	-99.372353
15046.325684	-99.358627
15051.708984	-99.658661
15057.092285	-99.378189
15062.475586	-98.623055
15067.858887	-98.706505
15073.242188	-99.691162
15078.625488	-99.857880
15084.008789	-99.691994
15089.392090	-99.516632
15094.775391	-99.455719
15100.158691	-99.532257
15105.541992	-98.934044
15110.925293	-99.086403
15116.308594	-99.586090
15121.691895	-99.628654
15127.075195	-99.543068
15132.458496	-98.811852
15137.841797	-97.706367
15143.225098	-99.123886
15148.608398	-99.740875
15153.991699	-99.813332
15159.375000	-99.588326
15164.758301	-99.769806
15170.141602	-99.589226
15175.524902	-99.762627
15180.908203	-99.566055
15186.291504	-99.933632
15191.674805	-99.661110
15197.058105	-98.981659
15202.441406	-99.202271
15207.824707	-99.521690
15213.208008	-99.392319
15218.591309	-99.063469
15223.974609	-99.166687
15229.357910	-99.003883
15234.741211	-99.481369
15240.124512	-99.393669
15245.507812	-99.428337
15250.891113	-99.443642
15256.274414	-99.768600
15261.657715	-100.072838
15267.041016	-99.326385
15272.424316	-99.129326
15277.807617	-99.503960
15283.190918	-99.906403
15288.574219	-99.441086
15293.957520	-99.430969
15299.340820	-99.215736
15304.724121	-99.179413
15310.107422	-99.672401
15315.490723	-99.329628
15320.874023	-98.743294
15326.257324	-98.909409
15331.640625	-99.193069
15337.023926	-99.407211
15342.407227	-99.438080
15347.790527	-99.791100
15353.173828	-99.681953
15358.557129	-99.851395
15363.940430	-99.893723
15369.323730	-99.934105
15374.707031	-100.307579
15380.090332	-100.044228
15385.473633	-99.800453
15390.856934	-99.348717
15396.240234	-99.361366
15401.623535	-99.465744
15407.006836	-99.623894
15412.390137	-99.555046
15417.773438	-99.802887
15423.156738	-99.789726
15428.540039	-100.034050
15433.923340	-100.207069
15439.306641	-99.696991
15444.689941	-99.383369
15450.073242	-99.584450
15455.456543	-99.772842
15460.839844	-99.906166
15466.223145	-100.186752
15471.606445	-99.573639
15476.989746	-99.324890
15482.373047	-99.902390
15487.756348	-99.941277
15493.139648	-99.897186
15498.522949	-99.340271
15503.906250	-99.326431
15509.289551	-99.531677
15514.672852	-99.717674
15520.056152	-99.522690
15525.439453	-99.373772
15530.822754	-99.542526
15536.206055	-99.353714
15541.589355	-99.370583
15546.972656	-99.394249
15552.355957	-99.860916
15557.739258	-99.966789
15563.122559	-99.984360
15568.505859	-99.658417
15573.889160	-99.343307
15579.272461	-99.541603
15584.655762	-99.689194
15590.039062	-100.166183
15595.422363	-99.955978
15600.805664	-99.987900
15606.188965	-99.966774
15611.572266	-99.657501
15616.955566	-99.497223
15622.338867	-99.487595
15627.722168	-99.791740
15633.105469	-99.800644
15638.488770	-99.792824
15643.872070	-99.573334
15649.255371	-98.943161
15654.638672	-96.870834
15660.021973	-96.524071
15665.405273	-99.436310
15670.788574	-99.597595
15676.171875	-99.617691
15681.555176	-98.936325
15686.938477	-97.626541
15692.321777	-99.193710
15697.705078	-99.735924
15703.088379	-99.578522
15708.471680	-99.153336
15713.854980	-99.375458
15719.238281	-99.371544
15724.621582	-99.254883
15730.004883	-99.636635
15735.388184	-99.516930
15740.771484	-99.210831
15746.154785	-98.948647
15751.538086	-99.115158
15756.921387	-99.632469
15762.304688	-99.776108
15767.687988	-99.787437
15773.071289	-100.006660
15778.454590	-99.599617
15783.837891	-99.307861
15789.221191	-99.199066
15794.604492	-98.976143
15799.987793	-100.188240
15805.371094	-99.386993
15810.754395	-99.057480
15816.137695	-99.128044
15821.520996	-98.713150
15826.904297	-99.034523
15832.287598	-99.106163
15837.670898	-99.163780
15843.054199	-99.047379
15848.437500	-99.246651
15853.820801	-98.924316
15859.204102	-99.160469
15864.587402	-98.839317
15869.970703	-98.354805
15875.354004	-98.706474
15880.737305	-99.098953
15886.120605	-98.956192
15891.503906	-98.818581
15896.887207	-98.698975
15902.270508	-99.257202
15907.653809	-98.832405
15913.037109	-99.021957
15918.420410	-98.994179
15923.803711	-98.798279
15929.187012	-98.843834
15934.570312	-99.140068
15939.953613	-98.744354
15945.336914	-99.135292
15950.720215	-98.723763
15956.103516	-98.475594
15961.486816	-98.855400
15966.870117	-98.591118
15972.253418	-98.530273
15977.636719	-98.846313
15983.020020	-98.616814
15988.403320	-98.951591
15993.786621	-99.170090
15999.169922	-98.883018
16004.553223	-98.698784
16009.936523	-98.816750
16015.319824	-99.206551
16020.703125	-99.032753
16026.086426	-98.868744
16031.469727	-98.781776
16036.853027	-99.206818
16042.236328	-99.267433
16047.619629	-99.436028
16053.002930	-98.833298
16058.386230	-98.922897
16063.769531	-99.002014
16069.152832	-98.942299
16074.536133	-99.211975
16079.919434	-99.770340
16085.302734	-99.358307
16090.686035	-99.092720
16096.069336	-99.317108
16101.452637	-99.342796
16106.835938	-99.450699
16112.219238	-99.604950
16117.602539	-99.538223
16122.985840	-98.874451
16128.369141	-99.161377
16133.752441	-99.496735
16139.135742	-100.156639
16144.519043	-99.641716
16149.902344	-99.566391
16155.285645	-99.743217
16160.668945	-99.851486
16166.052246	-99.306358
16171.435547	-99.110847
16176.818848	-99.524452
16182.202148	-99.846817
16187.585449	-99.961441
16192.968750	-99.745911
16198.352051	-99.856964
16203.735352	-99.891678
16209.118652	-99.899620
16214.501953	-99.821686
16219.885254	-99.649940
16225.268555	-99.872841
16230.651855	-100.150421
16236.035156	-99.581985
16241.418457	-99.606194
16246.801758	-99.273262
16252.185059	-99.891205
16257.568359	-100.028694
16262.951660	-99.200462
16268.334961	-99.187447
16273.718262	-99.730492
16279.101562	-99.410736
16284.484863	-99.080894
16289.868164	-99.911156
16295.251465	-99.996025
16300.634766	-99.816772
16306.018066	-99.929649
16311.401367	-99.820358
16316.784668	-100.313126
16322.167969	-99.852257
16327.551270	-99.659576
16332.934570	-99.382324
16338.317871	-99.387909
16343.701172	-99.547935
16349.084473	-99.993996
16354.467773	-99.848015
16359.851074	-99.621651
16365.234375	-99.972038
16370.617676	-99.382057
16376.000977	-99.378181
16381.384277	-99.545792
16386.767578	-99.602654
16392.150879	-99.579033
16397.534180	-99.702576
16402.917480	-99.708801
16408.300781	-99.669525
16413.684082	-99.380676
16419.067383	-99.513870
16424.450684	-99.717209
16429.833984	-99.741508
16435.217285	-99.521927
16440.600586	-99.545128
16445.983887	-99.435860
16451.367188	-99.780281
16456.750488	-99.789635
16462.133789	-99.887619
16467.517090	-99.545273
16472.900391	-99.608757
16478.283691	-99.748161
16483.666992	-99.481613
16489.050293	-99.681938
16494.433594	-99.643059
16499.816895	-99.653542
16505.200195	-99.911049
16510.583496	-100.019081
16515.966797	-99.726204
16521.350098	-99.591087
16526.733398	-99.339691
16532.116699	-99.681488
16537.500000	-99.749947
16542.883301	-99.213760
16548.266602	-99.035858
16553.649902	-99.429276
16559.033203	-99.352974
16564.416504	-98.749741
16569.799805	-98.343857
16575.183105	-98.998627
16580.566406	-99.256012
16585.949707	-98.691223
16591.333008	-99.230499
16596.716309	-99.050056
16602.099609	-97.472610
16607.482910	-99.307686
16612.866211	-99.946205
16618.249512	-99.151138
16623.632812	-99.221268
16629.016113	-99.563644
16634.399414	-99.606873
16639.782715	-99.274979
16645.166016	-99.390717
16650.549316	-99.609970
16655.932617	-99.750130
16661.315918	-99.599457
16666.699219	-99.415443
16672.082520	-99.764915
16677.465820	-99.665962
16682.849121	-99.696419
16688.232422	-99.465797
16693.615723	-99.612030
16698.999023	-99.843971
16704.382324	-99.417816
16709.765625	-99.375519
16715.148926	-99.413620
16720.532227	-99.295609
16725.915527	-99.548630
16731.298828	-99.333160
16736.682129	-99.315529
16742.065430	-99.499107
16747.448730	-99.328323
16752.832031	-99.586975
16758.215332	-100.113174
16763.598633	-99.642296
16768.981934	-99.287666
16774.365234	-99.399910
16779.748535	-99.173386
16785.131836	-96.903862
16790.515137	-98.440636
16795.898438	-99.413315
16801.281738	-99.791374
16806.665039	-99.458923
16812.048340	-99.584526
16817.431641	-99.353676
16822.814941	-99.454758
16828.198242	-99.723160
16833.581543	-99.266624
16838.964844	-99.453667
16844.348145	-99.734497
16849.731445	-99.459961
16855.114746	-99.273186
16860.498047	-99.132332
16865.881348	-99.211609
16871.264648	-99.346764
16876.647949	-100.149506
16882.031250	-99.746155
16887.414551	-99.361641
16892.797852	-99.270782
16898.181152	-99.760750
16903.564453	-100.086693
16908.947754	-99.673538
16914.331055	-98.394333
16919.714355	-96.836533
16925.097656	-99.461189
16930.480957	-99.712082
16935.864258	-99.376900
16941.247559	-99.188522
16946.630859	-99.816139
16952.014160	-99.272110
16957.397461	-98.740540
16962.780762	-99.313507
16968.164062	-97.647102
16973.547363	-97.336021
16978.930664	-95.274223
16984.313965	-98.927643
16989.697266	-99.434708
16995.080566	-99.713470
17000.463867	-99.383034
17005.847168	-99.121918
17011.230469	-99.186752
17016.613770	-99.428772
17021.997070	-99.395126
17027.380371	-99.125366
17032.763672	-99.329300
17038.146973	-99.643158
17043.530273	-99.310219
17048.913574	-99.759804
17054.296875	-99.908005
17059.680176	-99.896164
17065.063477	-99.336067
17070.446777	-99.722984
17075.830078	-99.885719
17081.213379	-99.373337
17086.596680	-99.342873
17091.979980	-99.470459
17097.363281	-99.651611
17102.746582	-100.016968
17108.129883	-99.898682
17113.513184	-99.705811
17118.896484	-99.555618
17124.279785	-99.633324
17129.663086	-99.447418
17135.046387	-99.535736
17140.429688	-99.134178
17145.812988	-99.016068
17151.196289	-97.425407
17156.579590	-99.616432
17161.962891	-99.822464
17167.346191	-99.528412
17172.729492	-99.480484
17178.112793	-99.275398
17183.496094	-99.595482
17188.879395	-99.441635
17194.262695	-99.489220
17199.645996	-99.689789
17205.029297	-99.807442
17210.412598	-99.834259
17215.795898	-99.907707
17221.179199	-99.925797
17226.562500	-100.140228
17231.945801	-100.225288
17237.329102	-100.037285
17242.712402	-99.819740
17248.095703	-99.317833
17253.479004	-99.509697
17258.862305	-99.723740
17264.245605	-100.096519
17269.628906	-100.175026
17275.012207	-99.919838
17280.395508	-99.877586
17285.778809	-99.323929
17291.162109	-99.674889
17296.545410	-100.217255
17301.928711	-99.630615
17307.312012	-99.441696
17312.695312	-99.314758
17318.078613	-99.218491
17323.461914	-98.907532
17328.845215	-95.988281
17334.228516	-91.398430
17339.611816	-97.149956
17344.995117	-100.271538
17350.378418	-100.379555
17355.761719	-99.924660
17361.145020	-99.750053
17366.528320	-99.564583
17371.911621	-99.332787
17377.294922	-99.590187
17382.678223	-99.558609
17388.061523	-99.660339
17393.444824	-100.091179
17398.828125	-100.161339
17404.211426	-99.912750
17409.594727	-99.873413
17414.978027	-99.764908
17420.361328	-99.998009
17425.744629	-100.108116
17431.127930	-99.831314
17436.511230	-99.673500
17441.894531	-99.875198
17447.277832	-99.723480
17452.661133	-99.807854
17458.044434	-99.859344
17463.427734	-99.911697
17468.811035	-99.640549
17474.194336	-99.594818
17479.577637	-99.834656
17484.960938	-99.616180
17490.344238	-99.636246
17495.727539	-99.382797
17501.110840	-98.830269
17506.494141	-98.163208
17511.877441	-96.679665
17517.260742	-94.007347
17522.644043	-98.536125
17528.027344	-99.780106
17533.410645	-99.658928
17538.793945	-99.284866
17544.177246	-99.360817
17549.560547	-99.356789
17554.943848	-99.766373
17560.327148	-100.120811
17565.710449	-99.840683
17571.093750	-99.902840
17576.477051	-99.929413
17581.860352	-99.814941
17587.243652	-99.957161
17592.626953	-99.780968
17598.010254	-99.606194
17603.393555	-100.148308
17608.776855	-100.263489
17614.160156	-99.604980
17619.543457	-99.790543
17624.926758	-100.009903
17630.310059	-99.987320
17635.693359	-99.687370
17641.076660	-99.914040
17646.459961	-99.433876
17651.843262	-99.558723
17657.226562	-100.013435
17662.609863	-99.995651
17667.993164	-99.593452
17673.376465	-99.267006
17678.759766	-99.691818
17684.143066	-99.885277
17689.526367	-97.495529
17694.909668	-91.744118
17700.292969	-88.199440
17705.676270	-95.140312
17711.059570	-99.333763
17716.442871	-99.403664
17721.826172	-99.185654
17727.209473	-99.316002
17732.592773	-99.649910
17737.976074	-99.501518
17743.359375	-99.524734
17748.742676	-99.989197
17754.125977	-100.043327
17759.509277	-99.739883
17764.892578	-99.466713
17770.275879	-99.592857
17775.659180	-99.769043
17781.042480	-99.540955
17786.425781	-99.351631
17791.809082	-99.532936
17797.192383	-99.663239
17802.575684	-99.521225
17807.958984	-99.793762
17813.342285	-99.669212
17818.725586	-99.692154
17824.108887	-99.717987
17829.492188	-99.470802
17834.875488	-99.592506
17840.258789	-99.701035
17845.642090	-99.594986
17851.025391	-99.492523
17856.408691	-99.613182
17861.791992	-99.653267
17867.175293	-99.650528
17872.558594	-99.563889
17877.941895	-98.949043
17883.325195	-98.183640
17888.708496	-99.072708
17894.091797	-99.937630
17899.475098	-99.944107
17904.858398	-99.900002
17910.241699	-99.648163
17915.625000	-99.028999
17921.008301	-98.696266
17926.391602	-99.309402
17931.774902	-99.798683
17937.158203	-99.811981
17942.541504	-99.341095
17947.924805	-99.841133
17953.308105	-99.894485
17958.691406	-99.660645
17964.074707	-99.541939
17969.458008	-99.610100
17974.841309	-99.632935
17980.224609	-99.673111
17985.607910	-99.655701
17990.991211	-99.750854
17996.374512	-100.359482
18001.757812	-99.958252
18007.141113	-99.931259
18012.524414	-99.395470
18017.907715	-99.601746
18023.291016	-99.340965
18028.674316	-98.986847
18034.057617	-99.485603
18039.440918	-99.837898
18044.824219	-99.532494
18050.207520	-99.373138
18055.590820	-98.878822
18060.974121	-85.770164
18066.357422	-80.166443
18071.740723	-88.861778
18077.124023	-99.019165
18082.507324	-99.491287
18087.890625	-99.182907
18093.273926	-99.252449
18098.657227	-98.771667
18104.040527	-98.261467
18109.423828	-99.313805
18114.807129	-99.311172
18120.190430	-99.109398
18125.573730	-99.242706
18130.957031	-99.378326
18136.340332	-99.260857
18141.723633	-98.980469
18147.106934	-99.119179
18152.490234	-99.443703
18157.873535	-99.109779
18163.256836	-99.338943
18168.640137	-99.242500
18174.023438	-99.751068
18179.406738	-99.523468
18184.790039	-99.573189
18190.173340	-99.250473
18195.556641	-99.138245
18200.939941	-99.151039
18206.323242	-99.546410
18211.706543	-98.348312
18217.089844	-98.808731
18222.473145	-98.943512
18227.856445	-99.113258
18233.239746	-99.482269
18238.623047	-99.451500
18244.006348	-92.501152
18249.389648	-87.118866
18254.772949	-93.029526
18260.156250	-98.366653
18265.539551	-98.490005
18270.922852	-98.470039
18276.306152	-98.783371
18281.689453	-98.903801
18287.072754	-98.632812
18292.456055	-98.921524
18297.839355	-98.893234
18303.222656	-98.892456
18308.605957	-99.012749
18313.989258	-98.565697
18319.372559	-98.479401
18324.755859	-98.525749
18330.139160	-98.662117
18335.522461	-98.584175
18340.905762	-99.043251
18346.289062	-98.762131
18351.672363	-98.923019
18357.055664	-98.617928
18362.438965	-98.240318
18367.822266	-98.661415
18373.205566	-98.575089
18378.588867	-98.505875
18383.972168	-98.756676
18389.355469	-98.390594
18394.738770	-98.231018
18400.122070	-98.073456
18405.505371	-98.201813
18410.888672	-98.425613
18416.271973	-98.577866
18421.655273	-98.490921
18427.038574	-90.499336
18432.421875	-85.403709
18437.805176	-89.648186
18443.188477	-95.120728
18448.571777	-98.534157
18453.955078	-98.291229
18459.338379	-99.108994
18464.721680	-98.661079
18470.104980	-98.560562
18475.488281	-98.482262
18480.871582	-98.553978
18486.254883	-98.509285
18491.638184	-98.731239
18497.021484	-98.741852
18502.404785	-98.519524
18507.788086	-98.505501
18513.171387	-98.449692
18518.554688	-98.502419
18523.937988	-98.633331
18529.321289	-98.467697
18534.704590	-98.592941
18540.087891	-98.800461
18545.471191	-98.618271
18550.854492	-98.627907
18556.237793	-98.909729
18561.621094	-99.091087
18567.004395	-98.700844
18572.387695	-98.783081
18577.770996	-99.012146
18583.154297	-98.853249
18588.537598	-98.840607
18593.920898	-98.916779
18599.304199	-98.811722
18604.687500	-98.987953
18610.070801	-96.826782
18615.454102	-94.118279
18620.837402	-96.628830
18626.220703	-98.422005
18631.604004	-99.013512
18636.987305	-99.109093
18642.370605	-99.121933
18647.753906	-99.111603
18653.137207	-98.678566
18658.520508	-98.939102
18663.903809	-98.920128
18669.287109	-98.950478
18674.670410	-99.017555
18680.053711	-98.488403
18685.437012	-98.582382
18690.820312	-99.125961
18696.203613	-99.027344
18701.586914	-98.454887
18706.970215	-98.487976
18712.353516	-98.492966
18717.736816	-98.600708
18723.120117	-98.489624
18728.503418	-98.456596
18733.886719	-98.140297
18739.270020	-98.556725
18744.653320	-98.685966
18750.036621	-98.873360
18755.419922	-99.045563
18760.803223	-98.654282
18766.186523	-98.760124
18771.569824	-99.151711
18776.953125	-98.673737
18782.336426	-98.547562
18787.719727	-98.507347
18793.103027	-95.124588
18798.486328	-91.766449
18803.869629	-96.129303
18809.252930	-97.626465
18814.636230	-98.059395
18820.019531	-98.134102
18825.402832	-98.361794
18830.786133	-98.712700
18836.169434	-98.985291
18841.552734	-98.812874
18846.936035	-98.444145
18852.319336	-98.219994
18857.702637	-98.699295
18863.085938	-98.803490
18868.469238	-98.568542
18873.852539	-98.451515
18879.235840	-98.095734
18884.619141	-98.501633
18890.002441	-98.668159
18895.385742	-98.865799
18900.769043	-98.352737
18906.152344	-98.335297
18911.535645	-98.193550
18916.918945	-98.392036
18922.302246	-98.728302
18927.685547	-98.730179
18933.068848	-98.449814
18938.452148	-98.305466
18943.835449	-98.074844
18949.218750	-98.399223
18954.602051	-98.522728
18959.985352	-98.344833
18965.368652	-98.546432
18970.751953	-98.575653
18976.135254	-96.079819
18981.518555	-93.631233
18986.901855	-97.568588
18992.285156	-97.813103
18997.668457	-98.655106
19003.051758	-98.641640
19008.435059	-98.372124
19013.818359	-98.566956
19019.201660	-98.929359
19024.584961	-98.766403
19029.968262	-98.747780
19035.351562	-99.208794
19040.734863	-98.895470
19046.118164	-98.667572
19051.501465	-98.574593
19056.884766	-98.704849
19062.268066	-99.301903
19067.651367	-99.131859
19073.034668	-98.759064
19078.417969	-98.755150
19083.801270	-98.607063
19089.184570	-98.630119
19094.567871	-98.941124
19099.951172	-98.705070
19105.334473	-98.210991
19110.717773	-98.489204
19116.101074	-99.031357
19121.484375	-98.770264
19126.867676	-98.630455
19132.250977	-99.197197
19137.634277	-99.466812
19143.017578	-99.126144
19148.400879	-98.765251
19153.784180	-98.972084
19159.167480	-94.814270
19164.550781	-91.970367
19169.934082	-96.507530
19175.317383	-95.358154
19180.700684	-97.421188
19186.083984	-97.383064
19191.467285	-98.596359
19196.850586	-99.078835
19202.233887	-98.761154
19207.617188	-98.519463
19213.000488	-98.629089
19218.383789	-98.553658
19223.767090	-98.485855
19229.150391	-99.408325
19234.533691	-99.500732
19239.916992	-98.985878
19245.300293	-99.162209
19250.683594	-99.040787
19256.066895	-98.476990
19261.450195	-98.401543
19266.833496	-98.355103
19272.216797	-98.758812
19277.600098	-99.437195
19282.983398	-98.856773
19288.366699	-98.480370
19293.750000	-98.921661
19299.133301	-98.563744
19304.516602	-98.761032
19309.899902	-98.639404
19315.283203	-99.199448
19320.666504	-98.709793
19326.049805	-98.607109
19331.433105	-98.795288
19336.816406	-99.148911
19342.199707	-98.296150
19347.583008	-97.248779
19352.966309	-98.578911
19358.349609	-98.840179
19363.732910	-98.787605
19369.116211	-99.439743
19374.499512	-99.251755
19379.882812	-99.217636
19385.266113	-99.416206
19390.649414	-98.888123
19396.032715	-98.727585
19401.416016	-99.128639
19406.799316	-98.968773
19412.182617	-98.771156
19417.565918	-99.160431
19422.949219	-99.004860
19428.332520	-99.024002
19433.715820	-99.360199
19439.099121	-99.184418
19444.482422	-99.334061
19449.865723	-99.264023
19455.249023	-99.161377
19460.632324	-99.252243
19466.015625	-99.440475
19471.398926	-99.090660
19476.782227	-98.804428
19482.165527	-99.021805
19487.548828	-99.060303
19492.932129	-98.516220
19498.315430	-98.569611
19503.698730	-99.039726
19509.082031	-99.810783
19514.465332	-99.659897
19519.848633	-99.323715
19525.231934	-98.804245
19530.615234	-97.954910
19535.998535	-98.927628
19541.381836	-99.158165
19546.765137	-99.280830
19552.148438	-99.219055
19557.531738	-99.111641
19562.915039	-98.772430
19568.298340	-99.659332
19573.681641	-99.288170
19579.064941	-99.155205
19584.448242	-99.153725
19589.831543	-98.963028
19595.214844	-98.925163
19600.598145	-98.898033
19605.981445	-99.064842
19611.364746	-99.220856
19616.748047	-99.234917
19622.131348	-99.470108
19627.514648	-99.466545
19632.897949	-99.594040
19638.281250	-99.464180
19643.664551	-99.226204
19649.047852	-99.195503
19654.431152	-99.594139
19659.814453	-99.612526
19665.197754	-98.861984
19670.581055	-99.290451
19675.964355	-99.467445
19681.347656	-99.228470
19686.730957	-99.264282
19692.114258	-99.028999
19697.497559	-98.877068
19702.880859	-98.876038
19708.264160	-98.455795
19713.647461	-97.753731
19719.030762	-98.453178
19724.414062	-98.753288
19729.797363	-98.996666
19735.180664	-99.122948
19740.563965	-99.297180
19745.947266	-99.560020
19751.330566	-99.433144
19756.713867	-99.520752
19762.097168	-99.505020
19767.480469	-99.200050
19772.863770	-99.283730
19778.247070	-99.175041
19783.630371	-99.488541
19789.013672	-99.444733
19794.396973	-98.981361
19799.780273	-99.106255
19805.163574	-98.853119
19810.546875	-98.708839
19815.930176	-98.516632
19821.313477	-99.020241
19826.696777	-99.282616
19832.080078	-99.510033
19837.463379	-99.493942
19842.846680	-99.138924
19848.229980	-98.908905
19853.613281	-99.142319
19858.996582	-99.052513
19864.379883	-99.319458
19869.763184	-98.882759
19875.146484	-99.289185
19880.529785	-99.059303
19885.913086	-99.673103
19891.296387	-99.240181
19896.679688	-98.789658
19902.062988	-99.003220
19907.446289	-99.483253
19912.829590	-99.511635
19918.212891	-99.310570
19923.596191	-99.150940
19928.979492	-99.208046
19934.362793	-99.353752
19939.746094	-99.255623
19945.129395	-99.229172
19950.512695	-99.090919
19955.895996	-99.357483
19961.279297	-99.240990
19966.662598	-99.153717
19972.045898	-99.400421
19977.429199	-99.845734
19982.812500	-99.727509
19988.195801	-99.610107
19993.579102	-99.622581
19998.962402	-99.509727
20004.345703	-98.734245
20009.729004	-98.887077
20015.112305	-99.394737
20020.495605	-99.548111
20025.878906	-99.043953
20031.262207	-99.076332
20036.645508	-99.085442
20042.028809	-99.262573
20047.412109	-99.502327
20052.795410	-99.191124
20058.178711	-99.273758
20063.562012	-99.355278
20068.945312	-99.508934
20074.328613	-98.676079
20079.711914	-98.592079
20085.095215	-99.092163
20090.478516	-99.209641
20095.861816	-99.022430
20101.245117	-99.494675
20106.628418	-99.567261
20112.011719	-99.576424
20117.395020	-99.349670
20122.778320	-98.689140
20128.161621	-98.894096
20133.544922	-99.396866
20138.928223	-99.009369
20144.311523	-99.193848
20149.694824	-99.240257
20155.078125	-99.231819
20160.461426	-99.391273
20165.844727	-99.254387
20171.228027	-99.456909
20176.611328	-99.340103
20181.994629	-99.485321
20187.377930	-99.176453
20192.761230	-99.603462
20198.144531	-99.744087
20203.527832	-99.362236
20208.911133	-99.439560
20214.294434	-99.763924
20219.677734	-99.759254
20225.061035	-99.160995
20230.444336	-99.211617
20235.827637	-99.028824
20241.210938	-99.229866
20246.594238	-99.552017
20251.977539	-99.848495
20257.360840	-99.482918
20262.744141	-99.159660
20268.127441	-99.627296
20273.510742	-99.650856
20278.894043	-99.517189
20284.277344	-99.767426
20289.660645	-100.151741
20295.043945	-100.036308
20300.427246	-99.975677
20305.810547	-100.171104
20311.193848	-100.075516
20316.577148	-99.639091
20321.960449	-99.956696
20327.343750	-99.671593
20332.727051	-99.096924
20338.110352	-99.445694
20343.493652	-99.877838
20348.876953	-99.776199
20354.260254	-99.859291
20359.643555	-99.871033
20365.026855	-100.267433
20370.410156	-100.537651
20375.793457	-100.549149
20381.176758	-100.371857
20386.560059	-100.715302
20391.943359	-100.441933
20397.326660	-100.114159
20402.709961	-100.112411
20408.093262	-100.327980
20413.476562	-100.511604
20418.859863	-100.097374
20424.243164	-100.585052
20429.626465	-100.964867
20435.009766	-100.907310
20440.393066	-100.461914
20445.776367	-100.250526
20451.159668	-100.385040
20456.542969	-100.659004
20461.926270	-100.527664
20467.309570	-100.986534
20472.692871	-100.536591
20478.076172	-101.199020
20483.459473	-101.452377
20488.842773	-100.641045
20494.226074	-100.763840
20499.609375	-100.987442
20504.992676	-101.251976
20510.375977	-101.198578
20515.759277	-101.711586
20521.142578	-101.878593
20526.525879	-101.501572
20531.909180	-101.612686
20537.292480	-101.851753
20542.675781	-102.171036
20548.059082	-102.207344
20553.442383	-101.765152
20558.825684	-101.622581
20564.208984	-102.180389
20569.592285	-102.352776
20574.975586	-102.249817
20580.358887	-102.777908
20585.742188	-102.193794
20591.125488	-102.718430
20596.508789	-102.896355
20601.892090	-102.419983
20607.275391	-102.734520
20612.658691	-102.770157
20618.041992	-102.980263
20623.425293	-103.640152
20628.808594	-103.571526
20634.191895	-103.078217
20639.575195	-103.208420
20644.958496	-103.328468
20650.341797	-103.318954
20655.725098	-103.404793
20661.108398	-104.299347
20666.491699	-103.756683
20671.875000	-103.728424
20677.258301	-103.841225
20682.641602	-104.432640
20688.024902	-104.595490
20693.408203	-104.373718
20698.791504	-104.571548
20704.174805	-104.935143
20709.558105	-105.024780
20714.941406	-105.008461
20720.324707	-104.640556
20725.708008	-105.051865
20731.091309	-105.143654
20736.474609	-105.105637
20741.857910	-105.123070
20747.241211	-105.353271
20752.624512	-105.526855
20758.007812	-105.532944
20763.391113	-105.716248
20768.774414	-105.789032
20774.157715	-105.680733
20779.541016	-106.441956
20784.924316	-106.638672
20790.307617	-106.837601
20795.690918	-106.888908
20801.074219	-106.797379
20806.457520	-106.536018
20811.840820	-106.414734
20817.224121	-107.244904
20822.607422	-106.700981
20827.990723	-107.232155
20833.374023	-107.392349
20838.757324	-107.673424
20844.140625	-107.969933
20849.523926	-108.036568
20854.907227	-108.276428
20860.290527	-108.501450
20865.673828	-108.387993
20871.057129	-108.485504
20876.440430	-108.703613
20881.823730	-108.993393
20887.207031	-109.155952
20892.590332	-109.185577
20897.973633	-109.557076
20903.356934	-109.141937
20908.740234	-109.562607
20914.123535	-109.949806
20919.506836	-110.310982
20924.890137	-109.832207
20930.273438	-110.619904
20935.656738	-110.914856
20941.040039	-111.420425
20946.423340	-111.801598
20951.806641	-111.504333
20957.189941	-112.059570
20962.573242	-112.010529
20967.956543	-112.261406
20973.339844	-112.712128
20978.723145	-112.392075
20984.106445	-112.940689
20989.489746	-113.130684
20994.873047	-113.543884
21000.256348	-113.242645
21005.639648	-113.383247
21011.022949	-113.605331
21016.406250	-114.161415
21021.789551	-114.216537
21027.172852	-114.648483
21032.556152	-114.838928
21037.939453	-114.545403
21043.322754	-115.048347
21048.706055	-115.267509
21054.089355	-115.777138
21059.472656	-115.519012
21064.855957	-115.948135
21070.239258	-116.530525
21075.622559	-116.867065
21081.005859	-117.400826
21086.389160	-117.025276
21091.772461	-117.169350
21097.155762	-118.062866
21102.539062	-118.020393
21107.922363	-118.197632
21113.305664	-118.499290
21118.688965	-118.868523
21124.072266	-119.414314
21129.455566	-119.307213
21134.838867	-119.678566
21140.222168	-120.093056
21145.605469	-120.320679
21150.988770	-120.316208
21156.372070	-120.679573
21161.755371	-121.115364
21167.138672	-121.777496
21172.521973	-122.295494
21177.905273	-122.787941
21183.288574	-122.410767
21188.671875	-122.873306
21194.055176	-122.391022
21199.438477	-123.267807
21204.821777	-123.294060
21210.205078	-123.918327
21215.588379	-123.944069
21220.971680	-124.667206
21226.354980	-124.557091
21231.738281	-124.902473
21237.121582	-125.161339
21242.504883	-125.517822
21247.888184	-125.759010
21253.271484	-125.860115
21258.654785	-126.580589
21264.038086	-126.472656
21269.421387	-126.779488
21274.804688	-127.067764
21280.187988	-127.333130
21285.571289	-127.404869
21290.954590	-127.474365
21296.337891	-128.046097
21301.721191	-128.349915
21307.104492	-128.316849
21312.487793	-128.271744
21317.871094	-128.969604
21323.254395	-128.721527
21328.637695	-129.474869
21334.020996	-128.818954
21339.404297	-129.326035
21344.787598	-129.614029
21350.170898	-129.412659
21355.554199	-129.920410
21360.937500	-129.749451
21366.320801	-129.956406
21371.704102	-129.894180
21377.087402	-130.325516
21382.470703	-130.074356
21387.854004	-130.250900
21393.237305	-130.305313
21398.620605	-130.563644
21404.003906	-130.546875
21409.387207	-130.359879
21414.770508	-130.632355
21420.153809	-130.633148
21425.537109	-130.711349
21430.920410	-130.674606
21436.303711	-130.671173
21441.687012	-130.840790
21447.070312	-130.719360
21452.453613	-130.851974
21457.836914	-130.818573
21463.220215	-130.787064
21468.603516	-130.796661
21473.986816	-130.943878
21479.370117	-130.893784
21484.753418	-130.876755
21490.136719	-130.911133
21495.520020	-130.895432
21500.903320	-130.912613
21506.286621	-130.915924
21511.669922	-130.910614
21517.053223	-130.928711
21522.436523	-130.964249
21527.819824	-130.939117
21533.203125	-130.952866
21538.586426	-130.947784
21543.969727	-130.939774
21549.353027	-130.959732
21554.736328	-130.948593
21560.119629	-130.983353
21565.502930	-130.947174
21570.886230	-130.934677
21576.269531	-130.990372
21581.652832	-130.942184
21587.036133	-130.971786
21592.419434	-130.964737
21597.802734	-130.953964
21603.186035	-130.973740
21608.569336	-130.956955
21613.952637	-130.972076
21619.335938	-130.962906
21624.719238	-130.970123
21630.102539	-130.969650
21635.485840	-130.956085
21640.869141	-130.984741
21646.252441	-130.957596
21651.635742	-130.966644
21657.019043	-130.974045
21662.402344	-130.964493
21667.785645	-130.970184
21673.168945	-130.967834
21678.552246	-130.969238
21683.935547	-130.971222
21689.318848	-130.967743
21694.702148	-130.970520
21700.085449	-130.970108
21705.468750	-130.968979
21710.852051	-130.971268
21716.235352	-130.970688
21721.618652	-130.970871
21727.001953	-130.970627
21732.385254	-130.971069
21737.768555	-130.970428
21743.151855	-130.971283
21748.535156	-130.970642
21753.918457	-130.971863
21759.301758	-130.972366
21764.685059	-130.971100
21770.068359	-130.971512
21775.451660	-130.972031
21780.834961	-130.972305
21786.218262	-130.972122
21791.601562	-130.972122
21796.984863	-130.972137
21802.368164	-130.972656
21807.751465	-130.972458
21813.134766	-130.972488
21818.518066	-130.972717
21823.901367	-130.973129
21829.284668	-130.972626
21834.667969	-130.973007
21840.051270	-130.973038
21845.434570	-130.973236
21850.817871	-130.973236
21856.201172	-130.973358
21861.584473	-130.973328
21866.967773	-130.973663
21872.351074	-130.973602
21877.734375	-130.973465
21883.117676	-130.973801
21888.500977	-130.973724
21893.884277	-130.973816
21899.267578	-130.973831
21904.650879	-130.973465
21910.034180	-130.973663
21915.417480	-130.973999
21920.800781	-130.973938
21926.184082	-130.974106
21931.567383	-130.973862
21936.950684	-130.974625
21942.333984	-130.974503
21947.717285	-130.974411
21953.100586	-130.974396
21958.483887	-130.974380
21963.867188	-130.974426
21969.250488	-130.974899
21974.633789	-130.973984
21980.017090	-130.974228
21985.400391	-130.974762
21990.783691	-130.974533
21996.166992	-130.973557
22001.550293	-130.974213
22006.933594	-130.974426
22012.316895	-130.974777
22017.700195	-130.974335
22023.083496	-130.974854
22028.466797	-130.974594
22033.850098	-130.974701
22039.233398	-130.974701
22044.616699	-130.974640
