Frequency (Hz)	Level (dB)
5.383301	-82.207390
10.766602	-81.270607
16.149902	-72.704834
21.533203	-56.111862
26.916504	-50.767513
32.299805	-50.926506
37.683105	-52.328819
43.066406	-51.587006
48.449707	-41.530277
53.833008	-40.835018
59.216309	-45.476692
64.599609	-43.984142
69.982910	-43.459957
75.366211	-44.473797
80.749512	-45.574181
86.132812	-45.751865
91.516113	-45.763641
96.899414	-46.074680
102.282715	-45.631569
107.666016	-45.046833
113.049316	-45.206127
118.432617	-46.217976
123.815918	-47.863289
129.199219	-48.574749
134.582520	-48.247047
139.965820	-48.132305
145.349121	-47.016495
150.732422	-48.650284
156.115723	-48.933956
161.499023	-48.351040
166.882324	-49.112774
172.265625	-50.506950
177.648926	-51.941952
183.032227	-52.535412
188.415527	-53.166145
193.798828	-55.152073
199.182129	-56.041409
204.565430	-56.485073
209.948730	-56.758282
215.332031	-56.722836
220.715332	-55.752625
226.098633	-54.269257
231.481934	-53.518562
236.865234	-53.431694
242.248535	-53.836617
247.631836	-54.937172
253.015137	-55.543427
258.398438	-55.880558
263.781738	-56.592903
269.165039	-56.842052
274.548340	-57.613625
279.931641	-59.471786
285.314941	-60.107822
290.698242	-59.350155
296.081543	-58.624184
301.464844	-58.009117
306.848145	-57.713017
312.231445	-56.899288
317.614746	-56.565357
322.998047	-55.849709
328.381348	-55.589890
333.764648	-54.932018
339.147949	-54.067841
344.531250	-54.658360
349.914551	-55.077389
355.297852	-55.536243
360.681152	-56.243446
366.064453	-55.753796
371.447754	-55.626049
376.831055	-55.702656
382.214355	-56.200825
387.597656	-56.239563
392.980957	-56.347294
398.364258	-56.173557
403.747559	-56.793663
409.130859	-57.360909
414.514160	-57.062672
419.897461	-56.336750
425.280762	-56.435715
430.664062	-56.234577
436.047363	-56.489079
441.430664	-56.966331
446.813965	-57.421055
452.197266	-57.971439
457.580566	-58.056004
462.963867	-58.287285
468.347168	-59.004467
473.730469	-59.794945
479.113770	-59.347401
484.497070	-58.545414
489.880371	-58.542496
495.263672	-59.369064
500.646973	-58.980560
506.030273	-58.465599
511.413574	-57.953541
516.796875	-57.636612
522.180176	-57.887356
527.563477	-57.664566
532.946777	-56.586300
538.330078	-55.732334
543.713379	-54.784939
549.096680	-54.594406
554.479980	-54.052765
559.863281	-54.045712
565.246582	-54.302979
570.629883	-54.215004
576.013184	-54.171295
581.396484	-54.841412
586.779785	-55.039524
592.163086	-55.410191
597.546387	-55.294418
602.929688	-54.790630
608.312988	-54.406654
613.696289	-54.404266
619.079590	-55.077053
624.462891	-55.843632
629.846191	-56.423805
635.229492	-56.233829
640.612793	-56.760162
645.996094	-56.987282
651.379395	-57.186916
656.762695	-57.327766
662.145996	-57.904816
667.529297	-58.540966
672.912598	-59.666245
678.295898	-61.397209
683.679199	-62.384796
689.062500	-63.687927
694.445801	-64.300613
699.829102	-64.417732
705.212402	-64.119980
710.595703	-63.680893
715.979004	-63.017624
721.362305	-62.314972
726.745605	-61.550137
732.128906	-61.000851
737.512207	-60.186878
742.895508	-59.658504
748.278809	-59.217598
753.662109	-58.917805
759.045410	-58.226341
764.428711	-58.046024
769.812012	-57.338078
775.195312	-56.431450
780.578613	-56.118610
785.961914	-56.552982
791.345215	-57.310207
796.728516	-58.463749
802.111816	-59.542953
807.495117	-60.520790
812.878418	-60.811283
818.261719	-60.585518
823.645020	-60.295414
829.028320	-59.697903
834.411621	-59.466030
839.794922	-60.020340
845.178223	-59.815117
850.561523	-60.345318
855.944824	-61.058006
861.328125	-61.751495
866.711426	-61.877136
872.094727	-61.571884
877.478027	-62.087391
882.861328	-62.010830
888.244629	-62.677532
893.627930	-63.265636
899.011230	-63.409996
904.394531	-63.022686
909.777832	-63.060471
915.161133	-62.890606
920.544434	-62.962543
925.927734	-62.931480
931.311035	-63.183800
936.694336	-63.230499
942.077637	-63.202824
947.460938	-62.816803
952.844238	-62.910297
958.227539	-63.198162
963.610840	-63.830326
968.994141	-64.257843
974.377441	-64.485649
979.760742	-64.582626
985.144043	-64.554405
990.527344	-64.999207
995.910645	-65.357880
1001.293945	-65.427605
1006.677246	-65.379494
1012.060547	-65.553711
1017.443848	-66.107880
1022.827148	-66.308502
1028.210449	-65.936386
1033.593750	-65.620422
1038.977051	-65.551170
1044.360352	-65.127167
1049.743652	-65.395592
1055.126953	-65.475754
1060.510254	-65.734306
1065.893555	-66.402306
1071.276855	-66.054581
1076.660156	-66.121620
1082.043457	-66.705833
1087.426758	-66.804840
1092.810059	-66.821442
1098.193359	-66.646599
1103.576660	-66.842537
1108.959961	-66.466019
1114.343262	-66.395760
1119.726562	-65.970055
1125.109863	-66.257011
1130.493164	-66.125992
1135.876465	-65.985710
1141.259766	-66.197456
1146.643066	-66.217148
1152.026367	-65.804054
1157.409668	-65.168602
1162.792969	-64.768608
1168.176270	-64.569756
1173.559570	-63.697201
1178.942871	-63.406811
1184.326172	-63.416862
1189.709473	-63.281830
1195.092773	-63.153618
1200.476074	-63.587971
1205.859375	-63.785660
1211.242676	-63.817677
1216.625977	-64.399353
1222.009277	-65.770622
1227.392578	-66.106583
1232.775879	-66.803276
1238.159180	-66.958214
1243.542480	-67.628273
1248.925781	-67.516747
1254.309082	-67.441551
1259.692383	-67.585922
1265.075684	-67.392097
1270.458984	-67.060822
1275.842285	-67.605103
1281.225586	-67.869675
1286.608887	-67.860146
1291.992188	-68.280838
1297.375488	-68.540039
1302.758789	-69.248833
1308.142090	-69.393433
1313.525391	-69.278587
1318.908691	-69.722824
1324.291992	-69.743362
1329.675293	-69.888649
1335.058594	-70.079376
1340.441895	-69.730164
1345.825195	-69.413742
1351.208496	-69.441948
1356.591797	-69.515594
1361.975098	-69.596664
1367.358398	-68.926781
1372.741699	-68.904320
1378.125000	-68.472206
1383.508301	-67.810440
1388.891602	-67.824074
1394.274902	-67.556885
1399.658203	-67.261551
1405.041504	-67.854492
1410.424805	-68.036903
1415.808105	-68.036827
1421.191406	-68.019508
1426.574707	-68.866768
1431.958008	-69.072266
1437.341309	-68.523994
1442.724609	-67.963318
1448.107910	-67.803001
1453.491211	-67.877136
1458.874512	-67.358292
1464.257812	-67.092758
1469.641113	-67.298210
1475.024414	-67.162720
1480.407715	-66.978676
1485.791016	-67.049835
1491.174316	-66.842232
1496.557617	-67.016449
1501.940918	-68.180313
1507.324219	-69.354698
1512.707520	-69.683395
1518.090820	-69.836540
1523.474121	-68.870010
1528.857422	-68.458710
1534.240723	-67.792686
1539.624023	-67.600739
1545.007324	-67.712563
1550.390625	-67.945801
1555.773926	-67.961723
1561.157227	-68.107849
1566.540527	-68.082527
1571.923828	-68.142586
1577.307129	-67.973740
1582.690430	-68.039246
1588.073730	-68.247711
1593.457031	-68.438759
1598.840332	-68.801964
1604.223633	-68.701378
1609.606934	-68.086166
1614.990234	-68.161888
1620.373535	-68.548523
1625.756836	-69.140717
1631.140137	-68.722694
1636.523438	-68.464577
1641.906738	-68.814156
1647.290039	-68.547585
1652.673340	-68.262550
1658.056641	-68.101524
1663.439941	-67.373741
1668.823242	-67.222450
1674.206543	-67.470940
1679.589844	-67.417702
1684.973145	-67.684822
1690.356445	-68.344231
1695.739746	-69.569916
1701.123047	-69.993896
1706.506348	-70.667351
1711.889648	-70.851181
1717.272949	-71.537888
1722.656250	-71.694817
1728.039551	-71.079018
1733.422852	-71.044640
1738.806152	-71.072968
1744.189453	-71.687050
1749.572754	-72.114372
1754.956055	-71.813751
1760.339355	-71.116714
1765.722656	-70.736168
1771.105957	-70.214577
1776.489258	-69.801369
1781.872559	-69.266747
1787.255859	-68.846977
1792.639160	-69.576195
1798.022461	-69.637703
1803.405762	-70.431450
1808.789062	-70.942635
1814.172363	-70.245461
1819.555664	-69.924385
1824.938965	-70.003082
1830.322266	-69.999588
1835.705566	-69.313103
1841.088867	-68.410416
1846.472168	-68.596161
1851.855469	-68.881668
1857.238770	-67.939819
1862.622070	-67.153404
1868.005371	-67.155540
1873.388672	-66.980164
1878.771973	-66.956612
1884.155273	-66.690498
1889.538574	-67.182777
1894.921875	-66.288994
1900.305176	-66.078133
1905.688477	-66.267708
1911.071777	-65.725349
1916.455078	-65.887917
1921.838379	-65.587181
1927.221680	-65.564735
1932.604980	-65.516731
1937.988281	-65.745773
1943.371582	-66.027588
1948.754883	-66.395424
1954.138184	-66.127556
1959.521484	-65.852226
1964.904785	-65.656441
1970.288086	-66.373566
1975.671387	-66.519409
1981.054688	-66.619942
1986.437988	-66.581314
1991.821289	-66.286453
1997.204590	-65.792206
2002.587891	-65.816948
2007.971191	-66.178413
2013.354492	-66.324600
2018.737793	-67.036804
2024.121094	-67.435318
2029.504395	-67.275810
2034.887695	-66.488159
2040.270996	-66.259071
2045.654297	-65.896759
2051.037598	-65.301041
2056.420898	-65.022911
2061.804199	-64.828995
2067.187500	-64.760513
2072.570801	-64.560745
2077.954102	-65.207382
2083.337402	-66.359856
2088.720703	-67.125511
2094.104004	-67.203972
2099.487305	-66.891937
2104.870605	-66.735718
2110.253906	-65.855278
2115.637207	-64.892403
2121.020508	-64.061028
2126.403809	-63.059864
2131.787109	-63.023544
2137.170410	-62.857971
2142.553711	-63.311390
2147.937012	-63.486588
2153.320312	-63.451126
2158.703613	-63.894421
2164.086914	-63.908520
2169.470215	-64.059402
2174.853516	-64.068756
2180.236816	-64.015114
2185.620117	-63.590878
2191.003418	-62.907669
2196.386719	-62.779701
2201.770020	-63.108234
2207.153320	-63.354332
2212.536621	-62.762951
2217.919922	-62.320786
2223.303223	-62.340683
2228.686523	-62.338253
2234.069824	-62.131252
2239.453125	-62.197983
2244.836426	-62.707382
2250.219727	-63.783554
2255.603027	-65.128960
2260.986328	-65.953331
2266.369629	-66.313751
2271.752930	-66.918159
2277.136230	-67.279488
2282.519531	-67.326454
2287.902832	-67.306480
2293.286133	-66.927521
2298.669434	-67.148102
2304.052734	-67.620224
2309.436035	-67.881729
2314.819336	-67.964584
2320.202637	-68.199265
2325.585938	-68.604683
2330.969238	-68.809265
2336.352539	-68.539711
2341.735840	-68.554131
2347.119141	-68.651382
2352.502441	-68.603043
2357.885742	-68.766029
2363.269043	-69.107063
2368.652344	-69.194199
2374.035645	-69.395065
2379.418945	-70.027718
2384.802246	-70.464653
2390.185547	-71.365883
2395.568848	-71.363258
2400.952148	-71.112480
2406.335449	-71.612129
2411.718750	-71.397217
2417.102051	-70.857910
2422.485352	-70.602646
2427.868652	-70.598808
2433.251953	-70.538689
2438.635254	-70.406502
2444.018555	-70.724480
2449.401855	-70.635124
2454.785156	-71.262367
2460.168457	-71.791458
2465.551758	-72.413063
2470.935059	-72.764099
2476.318359	-72.692184
2481.701660	-73.021049
2487.084961	-72.753021
2492.468262	-72.452965
2497.851562	-72.324570
2503.234863	-72.311043
2508.618164	-72.144081
2514.001465	-72.377884
2519.384766	-73.585266
2524.768066	-73.590729
2530.151367	-72.806183
2535.534668	-72.539131
2540.917969	-72.141548
2546.301270	-71.509712
2551.684570	-71.699921
2557.067871	-71.258842
2562.451172	-71.109795
2567.834473	-70.414772
2573.217773	-71.062096
2578.601074	-71.885788
2583.984375	-72.291946
2589.367676	-73.028053
2594.750977	-74.634079
2600.134277	-75.114883
2605.517578	-76.320114
2610.900879	-76.498947
2616.284180	-76.479424
2621.667480	-76.351433
2627.050781	-75.662361
2632.434082	-75.691330
2637.817383	-75.097252
2643.200684	-75.087654
2648.583984	-74.249298
2653.967285	-73.976326
2659.350586	-73.303085
2664.733887	-72.613335
2670.117188	-71.856659
2675.500488	-71.662285
2680.883789	-71.405777
2686.267090	-71.261703
2691.650391	-71.166634
2697.033691	-71.489250
2702.416992	-71.599396
2707.800293	-72.067337
2713.183594	-72.407318
2718.566895	-73.315186
2723.950195	-73.698181
2729.333496	-73.800491
2734.716797	-74.452850
2740.100098	-74.396828
2745.483398	-74.874352
2750.866699	-75.989029
2756.250000	-76.119919
2761.633301	-75.802292
2767.016602	-75.176064
2772.399902	-74.793770
2777.783203	-74.069519
2783.166504	-74.175476
2788.549805	-74.791191
2793.933105	-75.057251
2799.316406	-75.232010
2804.699707	-75.641754
2810.083008	-75.537910
2815.466309	-75.454895
2820.849609	-75.377251
2826.232910	-75.420670
2831.616211	-75.645340
2836.999512	-75.123985
2842.382812	-75.267250
2847.766113	-74.951935
2853.149414	-75.079391
2858.532715	-75.687828
2863.916016	-75.682243
2869.299316	-74.981140
2874.682617	-74.877075
2880.065918	-74.952644
2885.449219	-75.459770
2890.832520	-75.779152
2896.215820	-76.357697
2901.599121	-76.384415
2906.982422	-76.885727
2912.365723	-76.546906
2917.749023	-76.265152
2923.132324	-75.458427
2928.515625	-75.097870
2933.898926	-75.148949
2939.282227	-74.488098
2944.665527	-73.961731
2950.048828	-73.652748
2955.432129	-74.097641
2960.815430	-74.145058
2966.198730	-74.089066
2971.582031	-74.038879
2976.965332	-74.514450
2982.348633	-74.631767
2987.731934	-74.524406
2993.115234	-74.575264
2998.498535	-74.837090
3003.881836	-75.856277
3009.265137	-75.394836
3014.648438	-75.387840
3020.031738	-75.231636
3025.415039	-75.563545
3030.798340	-75.765800
3036.181641	-75.807579
3041.564941	-75.503563
3046.948242	-74.968903
3052.331543	-74.915436
3057.714844	-73.887962
3063.098145	-73.686691
3068.481445	-74.012596
3073.864746	-74.215279
3079.248047	-74.431412
3084.631348	-75.064651
3090.014648	-75.222092
3095.397949	-75.136414
3100.781250	-75.362816
3106.164551	-75.164642
3111.547852	-74.725441
3116.931152	-74.419113
3122.314453	-73.806564
3127.697754	-73.873154
3133.081055	-73.832199
3138.464355	-73.918167
3143.847656	-73.838791
3149.230957	-73.771942
3154.614258	-74.013008
3159.997559	-74.140251
3165.380859	-74.330688
3170.764160	-74.115509
3176.147461	-73.806305
3181.530762	-73.776779
3186.914062	-73.626686
3192.297363	-73.907349
3197.680664	-74.995110
3203.063965	-74.851517
3208.447266	-74.413559
3213.830566	-74.287415
3219.213867	-74.297981
3224.597168	-74.430595
3229.980469	-74.770142
3235.363770	-74.418694
3240.747070	-74.314751
3246.130371	-73.727249
3251.513672	-73.615036
3256.896973	-73.715988
3262.280273	-73.862015
3267.663574	-74.259598
3273.046875	-74.265862
3278.430176	-74.153755
3283.813477	-74.424629
3289.196777	-74.760307
3294.580078	-75.877281
3299.963379	-76.146019
3305.346680	-76.338135
3310.729980	-76.775261
3316.113281	-76.044907
3321.496582	-75.935341
3326.879883	-76.364243
3332.263184	-76.059395
3337.646484	-76.479561
3343.029785	-76.424347
3348.413086	-75.461166
3353.796387	-75.150909
3359.179688	-75.467453
3364.562988	-76.045433
3369.946289	-76.130157
3375.329590	-76.470764
3380.712891	-75.922165
3386.096191	-75.642349
3391.479492	-75.381927
3396.862793	-75.324722
3402.246094	-75.202126
3407.629395	-75.635277
3413.012695	-76.224487
3418.395996	-76.684326
3423.779297	-76.860916
3429.162598	-77.733871
3434.545898	-77.492485
3439.929199	-77.422035
3445.312500	-77.385277
3450.695801	-77.714859
3456.079102	-78.202377
3461.462402	-78.252754
3466.845703	-79.187073
3472.229004	-79.843422
3477.612305	-79.739876
3482.995605	-78.942169
3488.378906	-78.657684
3493.762207	-78.844788
3499.145508	-79.229660
3504.528809	-79.456505
3509.912109	-79.055794
3515.295410	-78.814178
3520.678711	-79.048622
3526.062012	-79.587929
3531.445312	-79.789970
3536.828613	-79.661240
3542.211914	-79.613365
3547.595215	-79.630211
3552.978516	-79.128899
3558.361816	-78.605644
3563.745117	-78.758286
3569.128418	-78.931229
3574.511719	-78.725143
3579.895020	-78.150230
3585.278320	-77.841324
3590.661621	-77.761131
3596.044922	-77.683640
3601.428223	-78.483665
3606.811523	-79.323143
3612.194824	-79.946442
3617.578125	-80.774605
3622.961426	-81.388351
3628.344727	-81.340866
3633.728027	-80.720337
3639.111328	-79.963768
3644.494629	-78.510132
3649.877930	-77.245926
3655.261230	-75.793915
3660.644531	-75.817986
3666.027832	-76.045441
3671.411133	-75.681320
3676.794434	-76.253265
3682.177734	-76.510201
3687.561035	-77.102882
3692.944336	-78.278305
3698.327637	-78.733963
3703.710938	-78.891800
3709.094238	-78.859650
3714.477539	-79.804741
3719.860840	-79.938873
3725.244141	-80.887215
3730.627441	-81.985985
3736.010742	-82.320740
3741.394043	-82.707344
3746.777344	-83.076889
3752.160645	-82.873238
3757.543945	-82.664383
3762.927246	-82.271210
3768.310547	-82.756470
3773.693848	-82.968155
3779.077148	-82.620880
3784.460449	-82.506165
3789.843750	-82.541466
3795.227051	-82.953583
3800.610352	-82.946167
3805.993652	-83.350601
3811.376953	-84.101906
3816.760254	-83.807716
3822.143555	-83.524391
3827.526855	-83.767143
3832.910156	-83.453499
3838.293457	-83.060669
3843.676758	-82.816742
3849.060059	-83.033813
3854.443359	-83.076042
3859.826660	-83.164268
3865.209961	-83.662590
3870.593262	-83.568977
3875.976562	-83.584770
3881.359863	-83.445915
3886.743164	-83.707504
3892.126465	-83.613525
3897.509766	-83.606537
3902.893066	-84.757446
3908.276367	-84.385971
3913.659668	-84.093391
3919.042969	-83.438438
3924.426270	-83.198593
3929.809570	-83.105461
3935.192871	-83.064308
3940.576172	-83.202751
3945.959473	-83.476471
3951.342773	-83.431946
3956.726074	-83.415001
3962.109375	-83.369438
3967.492676	-83.657089
3972.875977	-83.747116
3978.259277	-83.756798
3983.642578	-83.437492
3989.025879	-83.933990
3994.409180	-85.033508
3999.792480	-84.733032
4005.175781	-84.718445
4010.559082	-85.378822
4015.942383	-85.978569
4021.325684	-85.676163
4026.708984	-85.210732
4032.092285	-85.192650
4037.475586	-85.019577
4042.858887	-85.459091
4048.242188	-85.739929
4053.625488	-85.888039
4059.008789	-85.440407
4064.392090	-85.746124
4069.775391	-85.712425
4075.158691	-85.331841
4080.541992	-85.817245
4085.925293	-86.147415
4091.308594	-86.619957
4096.691895	-86.586121
4102.075195	-86.489380
4107.458496	-85.708214
4112.841797	-85.444992
4118.225098	-85.537903
4123.608398	-85.312042
4128.991699	-84.382523
4134.375000	-83.731026
4139.758301	-83.109154
4145.141602	-83.338997
4150.524902	-83.823441
4155.908203	-84.012749
4161.291504	-83.822823
4166.674805	-84.331573
4172.058105	-84.328285
4177.441406	-83.538544
4182.824707	-83.484383
4188.208008	-83.691452
4193.591309	-84.411705
4198.974609	-83.921448
4204.357910	-83.672791
4209.741211	-83.664558
4215.124512	-83.184967
4220.507812	-83.913620
4225.891113	-84.565025
4231.274414	-85.173042
4236.657715	-85.453377
4242.041016	-85.625595
4247.424316	-85.401886
4252.807617	-85.880371
4258.190918	-85.802010
4263.574219	-85.585175
4268.957520	-85.970612
4274.340820	-85.411873
4279.724121	-84.802361
4285.107422	-84.291695
4290.490723	-84.010483
4295.874023	-83.913040
4301.257324	-83.985466
4306.640625	-83.943115
4312.023926	-84.242722
4317.407227	-84.720512
4322.790527	-85.322525
4328.173828	-85.280891
4333.557129	-85.392807
4338.940430	-85.633354
4344.323730	-85.538750
4349.707031	-85.068352
4355.090332	-85.040062
4360.473633	-84.510574
4365.856934	-84.666710
4371.240234	-84.737000
4376.623535	-84.825966
4382.006836	-84.978317
4387.390137	-85.370178
4392.773438	-85.656013
4398.156738	-85.328423
4403.540039	-85.389198
4408.923340	-85.238045
4414.306641	-85.462120
4419.689941	-86.154968
4425.073242	-86.993698
4430.456543	-87.605484
4435.839844	-87.553757
4441.223145	-87.367065
4446.606445	-87.088860
4451.989746	-86.753609
4457.373047	-86.003395
4462.756348	-85.756676
4468.139648	-85.608337
4473.522949	-84.650719
4478.906250	-84.740814
4484.289551	-84.757019
4489.672852	-85.184738
4495.056152	-85.281769
4500.439453	-85.634651
4505.822754	-85.768150
4511.206055	-86.014931
4516.589355	-85.992683
4521.972656	-85.996452
4527.355957	-86.483292
4532.739258	-86.650635
4538.122559	-86.450531
4543.505859	-86.066551
4548.889160	-85.740471
4554.272461	-85.705032
4559.655762	-85.622902
4565.039062	-86.048431
4570.422363	-85.847321
4575.805664	-86.097916
4581.188965	-85.934715
4586.572266	-85.133049
4591.955566	-84.719452
4597.338867	-83.934914
4602.722168	-84.255974
4608.105469	-83.568474
4613.488770	-83.377937
4618.872070	-83.447052
4624.255371	-83.592606
4629.638672	-83.604927
4635.021973	-83.519623
4640.405273	-83.142090
4645.788574	-82.767998
4651.171875	-82.742119
4656.555176	-82.268570
4661.938477	-82.734497
4667.321777	-83.036453
4672.705078	-82.602837
4678.088379	-83.110352
4683.471680	-83.341370
4688.854980	-83.670387
4694.238281	-83.823067
4699.621582	-83.552780
4705.004883	-83.373627
4710.388184	-82.864342
4715.771484	-82.201813
4721.154785	-81.818863
4726.538086	-81.468758
4731.921387	-81.804688
4737.304688	-81.680534
4742.687988	-81.482956
4748.071289	-81.492363
4753.454590	-82.138878
4758.837891	-82.263168
4764.221191	-81.493576
4769.604492	-81.464493
4774.987793	-81.098228
4780.371094	-80.936348
4785.754395	-80.983101
4791.137695	-80.379593
4796.520996	-79.815453
4801.904297	-80.099838
4807.287598	-79.860558
4812.670898	-80.600006
4818.054199	-80.705208
4823.437500	-80.894073
4828.820801	-81.305367
4834.204102	-80.409035
4839.587402	-80.692215
4844.970703	-81.167099
4850.354004	-81.180809
4855.737305	-82.162834
4861.120605	-82.714340
4866.503906	-82.561531
4871.887207	-82.394035
4877.270508	-83.051102
4882.653809	-83.571297
4888.037109	-83.844864
4893.420410	-84.076080
4898.803711	-83.453812
4904.187012	-84.188751
4909.570312	-84.754128
4914.953613	-85.242218
4920.336914	-85.200378
4925.720215	-85.217537
4931.103516	-85.318024
4936.486816	-85.352333
4941.870117	-85.194031
4947.253418	-84.806396
4952.636719	-84.412704
4958.020020	-84.206535
4963.403320	-84.009399
4968.786621	-83.805435
4974.169922	-83.971542
4979.553223	-83.451538
4984.936523	-83.138863
4990.319824	-83.589592
4995.703125	-83.662186
5001.086426	-83.703850
5006.469727	-84.010468
5011.853027	-83.113907
5017.236328	-82.954742
5022.619629	-83.329185
5028.002930	-83.441185
5033.386230	-83.258926
5038.769531	-83.278175
5044.152832	-83.455261
5049.536133	-83.578629
5054.919434	-84.186348
5060.302734	-84.448586
5065.686035	-84.547562
5071.069336	-84.913933
5076.452637	-84.909286
5081.835938	-85.574272
5087.219238	-85.971970
5092.602539	-85.612534
5097.985840	-85.387100
5103.369141	-85.532440
5108.752441	-86.154083
5114.135742	-86.016914
5119.519043	-86.291046
5124.902344	-86.680161
5130.285645	-86.261978
5135.668945	-86.611603
5141.052246	-86.583717
5146.435547	-86.798096
5151.818848	-87.328659
5157.202148	-87.921700
5162.585449	-87.562813
5167.968750	-86.977249
5173.352051	-87.874329
5178.735352	-88.081223
5184.118652	-88.183037
5189.501953	-87.583832
5194.885254	-87.035454
5200.268555	-86.326584
5205.651855	-85.932396
5211.035156	-85.162247
5216.418457	-84.605927
5221.801758	-84.822258
5227.185059	-84.870232
5232.568359	-84.920921
5237.951660	-84.720474
5243.334961	-84.634254
5248.718262	-84.789314
5254.101562	-84.379417
5259.484863	-84.584923
5264.868164	-84.896858
5270.251465	-85.523468
5275.634766	-85.838264
5281.018066	-85.555038
5286.401367	-85.651428
5291.784668	-85.053635
5297.167969	-85.087822
5302.551270	-85.154305
5307.934570	-85.226242
5313.317871	-84.854424
5318.701172	-84.880249
5324.084473	-84.425392
5329.467773	-84.743935
5334.851074	-84.622414
5340.234375	-84.565384
5345.617676	-84.859009
5351.000977	-84.839714
5356.384277	-84.970993
5361.767578	-84.961502
5367.150879	-84.901680
5372.534180	-85.199890
5377.917480	-85.482994
5383.300781	-85.652634
5388.684082	-85.889389
5394.067383	-86.004608
5399.450684	-86.040550
5404.833984	-86.294998
5410.217285	-85.545860
5415.600586	-85.620323
5420.983887	-85.422127
5426.367188	-85.663620
5431.750488	-85.142174
5437.133789	-85.099991
5442.517090	-85.431831
5447.900391	-85.222839
5453.283691	-84.740440
5458.666992	-84.972084
5464.050293	-84.747017
5469.433594	-85.090759
5474.816895	-85.739403
5480.200195	-85.243057
5485.583496	-85.260269
5490.966797	-85.300919
5496.350098	-85.476761
5501.733398	-85.536293
5507.116699	-85.758820
5512.500000	-86.298569
5517.883301	-85.376427
5523.266602	-84.971848
5528.649902	-84.975349
5534.033203	-85.068405
5539.416504	-84.286789
5544.799805	-83.998138
5550.183105	-84.383499
5555.566406	-84.060013
5560.949707	-83.369751
5566.333008	-82.983986
5571.716309	-82.521248
5577.099609	-81.846275
5582.482910	-82.481682
5587.866211	-82.354721
5593.249512	-82.389214
5598.632812	-82.406158
5604.016113	-83.106346
5609.399414	-83.229324
5614.782715	-82.956421
5620.166016	-83.452965
5625.549316	-83.247192
5630.932617	-83.230988
5636.315918	-83.387527
5641.699219	-83.439285
5647.082520	-84.298729
5652.465820	-84.585129
5657.849121	-85.197243
5663.232422	-85.446541
5668.615723	-85.837456
5673.999023	-86.157051
5679.382324	-86.580986
5684.765625	-86.103752
5690.148926	-86.115242
5695.532227	-86.437508
5700.915527	-86.833931
5706.298828	-86.806915
5711.682129	-86.164841
5717.065430	-85.840210
5722.448730	-86.139267
5727.832031	-86.463165
5733.215332	-86.828178
5738.598633	-86.722443
5743.981934	-86.201080
5749.365234	-86.769600
5754.748535	-86.959160
5760.131836	-87.208290
5765.515137	-87.194252
5770.898438	-87.146454
5776.281738	-87.075706
5781.665039	-87.307129
5787.048340	-87.672943
5792.431641	-87.430107
5797.814941	-87.518723
5803.198242	-87.700531
5808.581543	-88.389252
5813.964844	-88.322792
5819.348145	-88.949211
5824.731445	-89.023598
5830.114746	-88.483101
5835.498047	-88.650810
5840.881348	-89.285072
5846.264648	-88.909439
5851.647949	-88.567780
5857.031250	-88.176727
5862.414551	-88.250000
5867.797852	-88.746666
5873.181152	-88.524551
5878.564453	-87.871880
5883.947754	-88.132042
5889.331055	-88.582695
5894.714355	-87.908257
5900.097656	-87.793098
5905.480957	-87.660065
5910.864258	-87.474144
5916.247559	-87.381668
5921.630859	-86.943909
5927.014160	-86.734100
5932.397461	-86.960815
5937.780762	-87.543320
5943.164062	-88.014503
5948.547363	-88.168022
5953.930664	-89.012924
5959.313965	-89.757973
5964.697266	-90.084290
5970.080566	-90.097534
5975.463867	-89.850883
5980.847168	-89.331062
5986.230469	-89.175850
5991.613770	-89.053833
5996.997070	-88.767448
6002.380371	-88.537766
6007.763672	-88.442009
6013.146973	-88.499039
6018.530273	-88.891556
6023.913574	-89.164833
6029.296875	-89.937767
6034.680176	-89.837349
6040.063477	-89.575104
6045.446777	-89.866524
6050.830078	-89.610657
6056.213379	-89.868607
6061.596680	-90.025177
6066.979980	-90.336082
6072.363281	-90.193062
6077.746582	-89.709496
6083.129883	-89.790794
6088.513184	-89.758797
6093.896484	-89.855469
6099.279785	-89.682091
6104.663086	-89.347694
6110.046387	-89.013954
6115.429688	-89.531990
6120.812988	-89.492180
6126.196289	-89.679893
6131.579590	-89.963669
6136.962891	-89.880714
6142.346191	-90.155426
6147.729492	-89.887573
6153.112793	-89.392708
6158.496094	-89.803856
6163.879395	-89.693230
6169.262695	-89.875290
6174.645996	-90.064735
6180.029297	-90.010735
6185.412598	-90.180397
6190.795898	-89.764511
6196.179199	-90.123146
6201.562500	-90.178741
6206.945801	-90.423004
6212.329102	-90.554047
6217.712402	-91.058388
6223.095703	-90.896645
6228.479004	-90.966530
6233.862305	-91.451004
6239.245605	-91.909790
6244.628906	-92.095772
6250.012207	-91.850006
6255.395508	-91.820572
6260.778809	-91.033585
6266.162109	-90.214111
6271.545410	-90.249985
6276.928711	-90.385048
6282.312012	-89.697433
6287.695312	-89.622597
6293.078613	-90.070404
6298.461914	-90.237984
6303.845215	-90.599030
6309.228516	-90.685226
6314.611816	-90.492065
6319.995117	-90.546326
6325.378418	-90.872269
6330.761719	-91.061501
6336.145020	-91.103477
6341.528320	-91.268486
6346.911621	-91.343956
6352.294922	-91.885735
6357.678223	-92.195663
6363.061523	-92.072876
6368.444824	-91.915695
6373.828125	-91.954407
6379.211426	-92.493164
6384.594727	-92.424942
6389.978027	-92.104599
6395.361328	-92.053398
6400.744629	-92.719391
6406.127930	-92.578316
6411.511230	-92.203117
6416.894531	-92.080612
6422.277832	-91.995049
6427.661133	-91.973053
6433.044434	-91.847595
6438.427734	-91.751541
6443.811035	-91.993584
6449.194336	-92.025688
6454.577637	-92.128403
6459.960938	-92.427132
6465.344238	-92.489937
6470.727539	-92.299057
6476.110840	-92.020187
6481.494141	-91.748009
6486.877441	-91.105225
6492.260742	-91.304779
6497.644043	-91.669540
6503.027344	-91.833885
6508.410645	-91.502861
6513.793945	-91.123528
6519.177246	-90.914963
6524.560547	-91.426712
6529.943848	-91.664665
6535.327148	-91.573326
6540.710449	-91.460167
6546.093750	-91.899918
6551.477051	-91.622765
6556.860352	-91.620682
6562.243652	-92.220428
6567.626953	-92.235268
6573.010254	-92.032494
6578.393555	-91.842438
6583.776855	-91.934853
6589.160156	-91.677200
6594.543457	-91.856178
6599.926758	-91.338104
6605.310059	-90.484268
6610.693359	-90.538208
6616.076660	-90.386742
6621.459961	-90.611366
6626.843262	-90.303726
6632.226562	-90.382095
6637.609863	-90.638702
6642.993164	-90.752823
6648.376465	-90.369919
6653.759766	-90.174698
6659.143066	-90.412979
6664.526367	-90.650681
6669.909668	-90.654747
6675.292969	-90.871262
6680.676270	-91.034218
6686.059570	-91.388206
6691.442871	-91.585678
6696.826172	-91.690613
6702.209473	-92.687210
6707.592773	-93.136154
6712.976074	-92.806015
6718.359375	-93.056091
6723.742676	-92.998726
6729.125977	-92.713760
6734.509277	-93.086166
6739.892578	-93.122856
6745.275879	-92.379143
6750.659180	-92.335907
6756.042480	-92.650658
6761.425781	-92.105019
6766.809082	-92.175301
6772.192383	-91.757042
6777.575684	-91.613235
6782.958984	-91.371201
6788.342285	-91.373413
6793.725586	-91.514641
6799.108887	-91.076920
6804.492188	-91.568207
6809.875488	-91.517479
6815.258789	-92.017426
6820.642090	-91.270576
6826.025391	-91.735535
6831.408691	-92.112587
6836.791992	-92.168976
6842.175293	-92.600937
6847.558594	-93.229874
6852.941895	-93.504257
6858.325195	-93.623482
6863.708496	-93.410271
6869.091797	-93.788139
6874.475098	-93.494598
6879.858398	-93.031357
6885.241699	-92.656540
6890.625000	-92.396500
6896.008301	-91.843811
6901.391602	-91.672768
6906.774902	-91.663048
6912.158203	-91.561081
6917.541504	-91.395721
6922.924805	-91.468864
6928.308105	-91.564659
6933.691406	-91.567215
6939.074707	-91.462067
6944.458008	-90.993927
6949.841309	-90.928230
6955.224609	-91.323212
6960.607910	-91.392921
6965.991211	-91.063499
6971.374512	-90.754395
6976.757812	-90.564011
6982.141113	-90.462875
6987.524414	-90.554527
6992.907715	-91.038567
6998.291016	-91.734962
7003.674316	-92.142189
7009.057617	-92.222214
7014.440918	-91.958885
7019.824219	-92.220398
7025.207520	-92.370338
7030.590820	-92.865906
7035.974121	-93.579025
7041.357422	-92.805275
7046.740723	-92.694740
7052.124023	-92.604614
7057.507324	-92.282021
7062.890625	-92.418541
7068.273926	-92.963196
7073.657227	-92.133530
7079.040527	-91.908203
7084.423828	-92.749100
7089.807129	-92.797218
7095.190430	-91.906700
7100.573730	-92.416626
7105.957031	-92.674187
7111.340332	-92.988724
7116.723633	-92.222450
7122.106934	-91.642189
7127.490234	-91.939781
7132.873535	-91.130646
7138.256836	-90.955276
7143.640137	-90.942772
7149.023438	-91.173218
7154.406738	-91.213737
7159.790039	-90.870255
7165.173340	-90.028526
7170.556641	-90.214302
7175.939941	-90.501221
7181.323242	-90.669846
7186.706543	-90.375000
7192.089844	-90.046501
7197.473145	-90.189041
7202.856445	-90.117088
7208.239746	-89.764977
7213.623047	-89.853500
7219.006348	-90.323410
7224.389648	-90.446098
7229.772949	-90.052460
7235.156250	-89.385971
7240.539551	-89.354805
7245.922852	-89.951378
7251.306152	-89.624153
7256.689453	-90.120209
7262.072754	-90.694962
7267.456055	-90.988098
7272.839355	-90.983315
7278.222656	-90.987915
7283.605957	-91.076256
7288.989258	-91.649040
7294.372559	-91.533043
7299.755859	-91.630066
7305.139160	-92.000092
7310.522461	-92.314972
7315.905762	-92.850090
7321.289062	-92.736031
7326.672363	-92.211693
7332.055664	-92.116119
7337.438965	-91.712006
7342.822266	-90.873825
7348.205566	-90.449615
7353.588867	-90.481728
7358.972168	-90.567062
7364.355469	-91.013878
7369.738770	-90.859978
7375.122070	-91.130661
7380.505371	-91.361565
7385.888672	-91.045586
7391.271973	-90.951805
7396.655273	-91.307182
7402.038574	-91.072792
7407.421875	-91.539276
7412.805176	-91.925003
7418.188477	-91.404366
7423.571777	-91.444435
7428.955078	-92.038666
7434.338379	-91.777832
7439.721680	-91.684792
7445.104980	-91.977921
7450.488281	-92.452103
7455.871582	-91.879471
7461.254883	-91.919495
7466.638184	-92.204010
7472.021484	-92.452820
7477.404785	-92.665878
7482.788086	-92.205406
7488.171387	-91.983200
7493.554688	-92.471123
7498.937988	-92.477455
7504.321289	-92.830574
7509.704590	-92.825218
7515.087891	-92.490990
7520.471191	-91.954231
7525.854492	-91.760849
7531.237793	-91.572388
7536.621094	-91.137825
7542.004395	-91.257217
7547.387695	-91.139565
7552.770996	-90.484001
7558.154297	-90.346306
7563.537598	-90.140091
7568.920898	-89.629951
7574.304199	-89.202660
7579.687500	-89.654305
7585.070801	-89.340836
7590.454102	-89.314445
7595.837402	-89.683685
7601.220703	-89.901039
7606.604004	-90.363731
7611.987305	-90.273247
7617.370605	-89.843834
7622.753906	-89.801796
7628.137207	-89.981590
7633.520508	-89.689133
7638.903809	-89.794792
7644.287109	-90.354332
7649.670410	-90.336029
7655.053711	-89.701218
7660.437012	-89.889061
7665.820312	-90.023804
7671.203613	-90.563011
7676.586914	-90.311089
7681.970215	-90.204758
7687.353516	-89.842461
7692.736816	-90.227493
7698.120117	-90.517792
7703.503418	-90.286461
7708.886719	-89.915222
7714.270020	-89.699936
7719.653320	-89.495422
7725.036621	-89.615547
7730.419922	-89.520729
7735.803223	-89.696846
7741.186523	-89.330070
7746.569824	-89.884575
7751.953125	-90.811974
7757.336426	-90.504585
7762.719727	-90.029884
7768.103027	-89.760094
7773.486328	-89.552177
7778.869629	-89.945976
7784.252930	-89.989281
7789.636230	-90.248581
7795.019531	-90.845840
7800.402832	-90.460777
7805.786133	-90.586838
7811.169434	-91.145805
7816.552734	-91.069748
7821.936035	-91.034981
7827.319336	-91.052849
7832.702637	-90.688248
7838.085938	-90.499290
7843.469238	-90.215408
7848.852539	-90.397469
7854.235840	-90.376198
7859.619141	-90.248184
7865.002441	-90.770172
7870.385742	-90.582756
7875.769043	-90.268860
7881.152344	-90.310432
7886.535645	-90.547462
7891.918945	-90.292412
7897.302246	-90.074837
7902.685547	-91.103615
7908.068848	-91.094154
7913.452148	-91.056221
7918.835449	-90.739464
7924.218750	-90.584534
7929.602051	-91.368904
7934.985352	-90.888985
7940.368652	-90.629128
7945.751953	-90.174408
7951.135254	-90.090889
7956.518555	-89.874405
7961.901855	-89.898407
7967.285156	-89.404831
7972.668457	-89.345741
7978.051758	-89.666992
7983.435059	-89.479736
7988.818359	-89.456787
7994.201660	-89.362495
7999.584961	-89.323074
8004.968262	-89.799698
8010.351562	-89.884506
8015.734863	-90.162041
8021.118164	-90.385490
8026.501465	-91.012413
8031.884766	-90.612793
8037.268066	-90.183868
8042.651367	-90.144882
8048.034668	-89.952950
8053.417969	-89.469154
8058.801270	-89.500977
8064.184570	-90.089195
8069.567871	-89.987251
8074.951172	-89.466751
8080.334473	-89.290421
8085.717773	-88.869392
8091.101074	-88.929535
8096.484375	-89.770126
8101.867676	-90.203720
8107.250977	-90.115753
8112.634277	-89.496391
8118.017578	-89.416855
8123.400879	-89.724487
8128.784180	-90.305725
8134.167480	-90.005096
8139.550781	-90.431656
8144.934082	-90.645554
8150.317383	-90.557732
8155.700684	-90.119186
8161.083984	-89.595039
8166.467285	-89.150063
8171.850586	-89.253799
8177.233887	-89.056152
8182.617188	-89.248283
8188.000488	-89.056450
8193.383789	-88.923386
8198.767090	-88.346069
8204.150391	-88.692749
8209.533691	-88.755157
8214.916992	-88.834633
8220.300293	-88.803505
8225.683594	-88.823547
8231.066895	-88.900322
8236.450195	-88.602081
8241.833496	-88.192230
8247.216797	-88.014397
8252.600098	-88.591415
8257.983398	-88.296471
8263.366699	-88.846008
8268.750000	-89.421234
8274.133301	-88.699196
8279.516602	-88.395241
8284.899902	-88.910843
8290.283203	-89.216805
8295.666504	-88.835526
8301.049805	-88.634171
8306.433105	-88.328346
8311.816406	-88.436935
8317.199707	-88.395920
8322.583008	-87.822136
8327.966309	-87.904060
8333.349609	-88.093552
8338.732910	-87.821449
8344.116211	-88.254730
8349.499512	-88.741814
8354.882812	-88.563538
8360.266113	-89.414650
8365.649414	-89.963837
8371.032715	-90.050667
8376.416016	-90.485168
8381.799316	-90.683289
8387.182617	-90.064819
8392.565918	-90.538734
8397.949219	-90.558365
8403.332520	-90.885559
8408.715820	-90.883057
8414.099121	-90.083809
8419.482422	-89.896233
8424.865723	-90.237526
8430.249023	-90.458801
8435.632324	-90.363197
8441.015625	-90.409286
8446.398926	-90.200867
8451.782227	-90.413345
8457.165527	-89.691116
8462.548828	-90.191277
8467.932129	-90.979019
8473.315430	-90.474396
8478.698730	-90.518333
8484.082031	-90.241226
8489.465332	-90.194229
8494.848633	-90.235046
8500.231934	-90.455040
8505.615234	-90.784142
8510.998535	-91.067581
8516.381836	-90.974030
8521.765137	-90.762054
8527.148438	-90.843269
8532.531738	-90.759636
8537.915039	-90.925987
8543.298340	-90.831779
8548.681641	-90.520714
8554.064941	-91.137779
8559.448242	-91.539925
8564.831543	-91.178291
8570.214844	-90.834976
8575.598145	-91.432098
8580.981445	-91.615196
8586.364746	-91.278381
8591.748047	-91.978104
8597.131348	-91.823296
8602.514648	-91.109062
8607.897949	-90.583252
8613.281250	-90.918312
8618.664551	-90.914078
8624.047852	-90.959534
8629.431152	-90.896957
8634.814453	-91.148956
8640.197754	-91.066559
8645.581055	-91.895370
8650.964355	-92.129211
8656.347656	-92.434784
8661.730957	-92.215271
8667.114258	-91.956482
8672.497559	-92.726151
8677.880859	-93.130104
8683.264160	-93.493591
8688.647461	-93.573830
8694.030762	-93.480301
8699.414062	-93.036758
8704.797363	-93.099205
8710.180664	-93.406273
8715.563965	-93.145500
8720.947266	-93.256294
8726.330566	-93.076012
8731.713867	-93.127258
8737.097168	-93.137711
8742.480469	-92.783661
8747.863770	-92.806633
8753.247070	-92.725815
8758.630371	-92.498550
8764.013672	-92.190567
8769.396973	-92.540459
8774.780273	-93.012756
8780.163574	-92.756004
8785.546875	-92.447166
8790.930176	-92.872482
8796.313477	-92.433250
8801.696777	-92.134270
8807.080078	-92.588936
8812.463379	-92.467865
8817.846680	-92.564819
8823.229980	-92.518166
8828.613281	-92.010254
8833.996582	-91.944481
8839.379883	-92.084702
8844.763184	-91.545654
8850.146484	-91.797966
8855.529785	-92.151985
8860.913086	-92.596008
8866.296387	-92.883545
8871.679688	-92.817291
8877.062988	-92.014969
8882.446289	-92.009506
8887.829590	-91.884583
8893.212891	-91.911873
8898.596191	-91.734833
8903.979492	-91.369629
8909.362793	-90.855286
8914.746094	-90.973541
8920.129395	-90.533951
8925.512695	-90.230652
8930.895996	-89.961121
8936.279297	-89.784027
8941.662598	-89.461662
8947.045898	-89.694618
8952.429199	-90.398506
8957.812500	-90.468338
8963.195801	-90.513306
8968.579102	-91.009789
8973.962402	-91.260910
8979.345703	-91.233772
8984.729004	-90.732788
8990.112305	-90.646751
8995.495605	-90.866364
9000.878906	-90.814163
9006.262207	-91.021126
9011.645508	-91.243752
9017.028809	-91.740723
9022.412109	-91.842140
9027.795410	-91.964943
9033.178711	-92.121681
9038.562012	-92.390091
9043.945312	-92.386261
9049.328613	-92.534256
9054.711914	-92.978111
9060.095215	-92.984299
9065.478516	-93.118416
9070.861816	-93.117760
9076.245117	-93.265594
9081.628418	-92.903336
9087.011719	-93.358673
9092.395020	-93.193863
9097.778320	-93.162254
9103.161621	-92.704010
9108.544922	-91.993706
9113.928223	-91.859596
9119.311523	-91.475410
9124.694824	-91.604080
9130.078125	-91.978249
9135.461426	-91.616364
9140.844727	-91.425255
9146.228027	-90.998535
9151.611328	-90.872025
9156.994629	-91.041687
9162.377930	-90.794533
9167.761230	-90.111893
9173.144531	-90.390640
9178.527832	-90.581215
9183.911133	-90.823036
9189.294434	-90.426361
9194.677734	-90.785515
9200.061035	-90.969849
9205.444336	-90.816986
9210.827637	-90.657089
9216.210938	-90.394211
9221.594238	-90.652534
9226.977539	-90.522987
9232.360840	-90.850304
9237.744141	-90.968956
9243.127441	-90.823601
9248.510742	-90.934822
9253.894043	-91.420044
9259.277344	-91.134048
9264.660645	-91.437378
9270.043945	-91.231621
9275.427246	-91.000420
9280.810547	-90.922852
9286.193848	-91.040810
9291.577148	-90.417336
9296.960449	-90.644226
9302.343750	-90.912041
9307.727051	-90.797119
9313.110352	-90.816643
9318.493652	-90.711182
9323.876953	-90.936241
9329.260254	-91.122353
9334.643555	-91.079712
9340.026855	-90.433159
9345.410156	-90.123672
9350.793457	-89.420319
9356.176758	-89.812111
9361.560059	-90.164406
9366.943359	-90.436615
9372.326660	-90.811531
9377.709961	-90.907280
9383.093262	-91.645142
9388.476562	-91.805931
9393.859863	-91.591888
9399.243164	-91.925583
9404.626465	-92.073135
9410.009766	-92.767120
9415.393066	-92.169540
9420.776367	-92.071281
9426.159668	-92.627396
9431.542969	-92.326569
9436.926270	-92.384209
9442.309570	-92.036263
9447.692871	-91.451073
9453.076172	-91.793610
9458.459473	-92.511581
9463.842773	-92.275467
9469.226074	-91.851143
9474.609375	-91.811386
9479.992676	-91.964043
9485.375977	-91.324722
9490.759277	-90.691330
9496.142578	-90.565453
9501.525879	-90.597702
9506.909180	-90.311821
9512.292480	-90.360428
9517.675781	-90.302559
9523.059082	-89.881653
9528.442383	-90.228233
9533.825684	-90.484917
9539.208984	-90.553688
9544.592285	-90.380310
9549.975586	-90.373726
9555.358887	-90.692635
9560.742188	-91.488396
9566.125488	-91.771774
9571.508789	-92.275909
9576.892090	-92.452766
9582.275391	-92.304459
9587.658691	-92.585335
9593.041992	-92.660049
9598.425293	-92.761436
9603.808594	-92.787651
9609.191895	-92.295151
9614.575195	-92.489494
9619.958496	-91.924896
9625.341797	-92.251419
9630.725098	-92.042755
9636.108398	-92.588104
9641.491699	-92.963226
9646.875000	-92.738327
9652.258301	-92.579483
9657.641602	-92.556366
9663.024902	-92.260025
9668.408203	-92.388702
9673.791504	-92.276054
9679.174805	-92.807404
9684.558105	-92.618660
9689.941406	-92.026390
9695.324707	-92.056961
9700.708008	-92.014442
9706.091309	-91.273903
9711.474609	-91.271477
9716.857910	-91.548340
9722.241211	-91.557060
9727.624512	-91.620895
9733.007812	-91.184639
9738.391113	-91.499367
9743.774414	-91.996323
9749.157715	-92.128670
9754.541016	-91.882858
9759.924316	-91.922043
9765.307617	-92.136024
9770.690918	-92.285286
9776.074219	-91.816360
9781.457520	-91.049988
9786.840820	-91.266205
9792.224121	-91.868591
9797.607422	-91.968369
9802.990723	-91.776031
9808.374023	-91.507317
9813.757324	-90.901604
9819.140625	-91.744896
9824.523926	-92.443291
9829.907227	-92.691719
9835.290527	-92.579720
9840.673828	-92.248489
9846.057129	-91.990616
9851.440430	-91.215523
9856.823730	-91.390808
9862.207031	-91.735214
9867.590332	-91.714203
9872.973633	-92.206696
9878.356934	-92.636971
9883.740234	-92.304108
9889.123535	-92.213005
9894.506836	-92.159370
9899.890137	-91.750641
9905.273438	-91.854927
9910.656738	-91.703583
9916.040039	-91.759804
9921.423340	-92.135582
9926.806641	-91.867195
9932.189941	-91.335915
9937.573242	-91.703072
9942.956543	-91.620773
9948.339844	-91.582687
9953.723145	-91.390923
9959.106445	-91.574608
9964.489746	-92.477783
9969.873047	-92.419060
9975.256348	-92.814880
9980.639648	-93.086411
9986.022949	-92.117119
9991.406250	-92.328094
9996.789551	-92.770210
10002.172852	-92.256058
10007.556152	-92.554184
10012.939453	-92.817039
10018.322754	-93.135956
10023.706055	-92.831879
10029.089355	-92.566063
10034.472656	-92.883018
10039.855957	-93.177361
10045.239258	-93.870338
10050.622559	-93.688675
10056.005859	-93.390495
10061.389160	-93.716896
10066.772461	-93.498421
10072.155762	-93.447090
10077.539062	-93.647377
10082.922363	-94.099274
10088.305664	-94.362663
10093.688965	-94.462410
10099.072266	-94.495354
10104.455566	-93.768181
10109.838867	-93.979004
10115.222168	-93.759331
10120.605469	-94.053726
10125.988770	-93.836304
10131.372070	-93.348801
10136.755371	-93.483971
10142.138672	-93.676704
10147.521973	-92.928848
10152.905273	-92.710419
10158.288574	-93.133392
10163.671875	-92.768700
10169.055176	-93.251434
10174.438477	-93.225960
10179.821777	-93.280373
10185.205078	-93.698090
10190.588379	-93.236778
10195.971680	-93.287407
10201.354980	-93.122955
10206.738281	-93.011887
10212.121582	-93.233330
10217.504883	-93.057137
10222.888184	-93.464096
10228.271484	-93.296219
10233.654785	-93.350533
10239.038086	-94.019943
10244.421387	-94.222801
10249.804688	-93.894424
10255.187988	-93.789627
10260.571289	-93.958183
10265.954590	-93.591507
10271.337891	-92.902847
10276.721191	-93.050186
10282.104492	-93.917068
10287.487793	-93.916039
10292.871094	-93.497787
10298.254395	-92.981728
10303.637695	-93.678825
10309.020996	-94.007545
10314.404297	-93.638634
10319.787598	-93.206795
10325.170898	-93.225166
10330.554199	-93.629654
10335.937500	-94.153236
10341.320801	-94.026321
10346.704102	-94.368126
10352.087402	-94.520493
10357.470703	-94.592567
10362.854004	-94.710892
10368.237305	-94.136856
10373.620605	-93.724167
10379.003906	-93.423378
10384.387207	-93.608772
10389.770508	-93.212128
10395.153809	-92.482239
10400.537109	-92.908569
10405.920410	-93.456535
10411.303711	-94.235107
10416.687012	-94.197861
10422.070312	-93.554268
10427.453613	-93.833351
10432.836914	-93.480804
10438.220215	-93.169014
10443.603516	-93.522690
10448.986816	-94.093864
10454.370117	-93.958572
10459.753418	-94.134010
10465.136719	-94.388794
10470.520020	-94.688354
10475.903320	-94.745682
10481.286621	-94.626755
10486.669922	-94.445824
10492.053223	-94.447395
10497.436523	-94.178574
10502.819824	-94.392677
10508.203125	-94.134659
10513.586426	-93.215569
10518.969727	-92.799660
10524.353027	-93.323334
10529.736328	-93.429779
10535.119629	-93.273201
10540.502930	-93.183548
10545.886230	-94.052689
10551.269531	-93.532440
10556.652832	-94.066711
10562.036133	-94.317909
10567.419434	-94.223831
10572.802734	-93.978622
10578.186035	-93.766098
10583.569336	-94.092346
10588.952637	-93.858078
10594.335938	-93.948196
10599.719238	-94.185265
10605.102539	-94.505577
10610.485840	-94.484337
10615.869141	-94.579910
10621.252441	-94.822830
10626.635742	-94.728226
10632.019043	-94.662750
10637.402344	-95.444130
10642.785645	-95.640526
10648.168945	-95.476997
10653.552246	-95.498207
10658.935547	-96.062775
10664.318848	-96.015205
10669.702148	-95.133797
10675.085449	-94.977905
10680.468750	-94.842857
10685.852051	-95.300560
10691.235352	-95.067307
10696.618652	-95.288643
10702.001953	-94.921394
10707.385254	-95.352577
10712.768555	-95.211319
10718.151855	-94.907936
10723.535156	-94.073486
10728.918457	-94.501244
10734.301758	-94.935402
10739.685059	-94.657356
10745.068359	-94.903412
10750.451660	-94.766006
10755.834961	-93.748131
10761.218262	-93.388649
10766.601562	-93.917831
10771.984863	-93.847473
10777.368164	-93.100792
10782.751465	-92.770523
10788.134766	-93.702316
10793.518066	-94.461159
10798.901367	-94.402161
10804.284668	-94.894684
10809.667969	-94.269852
10815.051270	-94.504784
10820.434570	-94.609924
10825.817871	-94.734810
10831.201172	-95.040459
10836.584473	-95.026749
10841.967773	-94.933167
10847.351074	-94.642349
10852.734375	-94.867470
10858.117676	-94.757919
10863.500977	-95.089340
10868.884277	-94.770020
10874.267578	-94.907372
10879.650879	-94.877747
10885.034180	-94.903130
10890.417480	-95.167694
10895.800781	-95.456299
10901.184082	-95.653450
10906.567383	-95.490456
10911.950684	-95.750839
10917.333984	-95.568634
10922.717285	-95.602837
10928.100586	-95.316483
10933.483887	-95.421295
10938.867188	-95.077522
10944.250488	-94.486244
10949.633789	-94.872353
10955.017090	-95.012566
10960.400391	-94.672050
10965.783691	-94.263603
10971.166992	-94.003777
10976.550293	-94.692177
10981.933594	-94.736488
10987.316895	-94.570343
10992.700195	-95.142174
10998.083496	-95.111534
11003.466797	-94.885025
11008.850098	-94.944916
11014.233398	-95.108353
11019.616699	-95.524185
11025.000000	-95.002075
11030.383301	-94.740784
11035.766602	-94.995399
11041.149902	-95.140770
11046.533203	-95.072372
11051.916504	-95.187897
11057.299805	-95.277817
11062.683105	-94.832504
11068.066406	-94.901993
11073.449707	-94.717751
11078.833008	-94.753731
11084.216309	-95.369003
11089.599609	-95.813675
11094.982910	-95.653061
11100.366211	-95.593903
11105.749512	-95.506271
11111.132812	-95.507996
11116.516113	-95.829803
11121.899414	-95.689499
11127.282715	-95.431877
11132.666016	-95.401321
11138.049316	-95.373749
11143.432617	-95.495972
11148.815918	-95.298546
11154.199219	-94.614967
11159.582520	-94.728317
11164.965820	-94.944611
11170.349121	-94.947044
11175.732422	-95.004974
11181.115723	-94.842628
11186.499023	-94.584869
11191.882324	-94.975670
11197.265625	-94.501930
11202.648926	-95.259415
11208.032227	-95.331078
11213.415527	-95.297157
11218.798828	-94.915504
11224.182129	-94.520653
11229.565430	-95.243942
11234.948730	-95.540161
11240.332031	-95.469284
11245.715332	-95.417358
11251.098633	-94.681137
11256.481934	-94.748756
11261.865234	-95.124886
11267.248535	-95.030899
11272.631836	-94.749405
11278.015137	-95.242889
11283.398438	-95.255463
11288.781738	-94.978439
11294.165039	-95.170784
11299.548340	-95.280548
11304.931641	-95.204834
11310.314941	-95.596878
11315.698242	-95.077103
11321.081543	-94.981842
11326.464844	-94.856346
11331.848145	-95.214027
11337.231445	-95.116417
11342.614746	-94.885811
11347.998047	-95.085831
11353.381348	-95.651436
11358.764648	-95.010414
11364.147949	-94.565659
11369.531250	-94.787628
11374.914551	-95.134567
11380.297852	-95.471466
11385.681152	-95.443008
11391.064453	-95.559685
11396.447754	-95.538902
11401.831055	-95.570389
11407.214355	-95.642502
11412.597656	-95.365410
11417.980957	-95.322281
11423.364258	-95.819756
11428.747559	-95.621834
11434.130859	-95.473190
11439.514160	-95.219963
11444.897461	-94.750221
11450.280762	-95.117256
11455.664062	-94.873528
11461.047363	-94.363342
11466.430664	-94.422691
11471.813965	-94.427277
11477.197266	-94.104065
11482.580566	-94.421051
11487.963867	-94.783905
11493.347168	-95.028954
11498.730469	-94.458740
11504.113770	-95.000687
11509.497070	-95.202820
11514.880371	-95.076828
11520.263672	-95.030258
11525.646973	-95.263031
11531.030273	-95.142456
11536.413574	-95.728401
11541.796875	-95.579803
11547.180176	-95.022797
11552.563477	-94.922134
11557.946777	-95.237869
11563.330078	-95.339851
11568.713379	-95.545784
11574.096680	-95.621307
11579.479980	-95.702217
11584.863281	-96.372459
11590.246582	-96.105667
11595.629883	-95.834801
11601.013184	-95.515083
11606.396484	-96.245438
11611.779785	-96.613228
11617.163086	-95.924622
11622.546387	-95.510147
11627.929688	-95.758919
11633.312988	-95.774864
11638.696289	-96.096176
11644.079590	-95.554001
11649.462891	-95.447227
11654.846191	-95.418114
11660.229492	-95.060562
11665.612793	-95.186012
11670.996094	-95.143585
11676.379395	-95.168045
11681.762695	-95.421715
11687.145996	-95.749229
11692.529297	-95.640961
11697.912598	-94.843681
11703.295898	-94.890465
11708.679199	-94.845413
11714.062500	-94.637123
11719.445801	-94.992729
11724.829102	-94.252007
11730.212402	-94.117020
11735.595703	-94.832458
11740.979004	-95.076904
11746.362305	-95.140488
11751.745605	-94.876503
11757.128906	-95.149872
11762.512207	-94.849014
11767.895508	-94.982368
11773.278809	-94.901382
11778.662109	-95.338959
11784.045410	-95.286316
11789.428711	-95.279671
11794.812012	-95.277687
11800.195312	-95.243462
11805.578613	-95.320412
11810.961914	-95.004166
11816.345215	-94.749954
11821.728516	-94.981796
11827.111816	-95.364899
11832.495117	-95.590393
11837.878418	-95.630020
11843.261719	-95.644562
11848.645020	-95.763748
11854.028320	-96.190628
11859.411621	-95.382477
11864.794922	-95.467575
11870.178223	-95.484634
11875.561523	-95.280624
11880.944824	-95.748024
11886.328125	-95.769836
11891.711426	-95.034210
11897.094727	-94.726791
11902.478027	-95.303017
11907.861328	-95.777809
11913.244629	-95.566956
11918.627930	-95.707726
11924.011230	-96.137909
11929.394531	-95.626396
11934.777832	-95.497841
11940.161133	-96.238289
11945.544434	-96.261086
11950.927734	-95.754112
11956.311035	-95.465836
11961.694336	-94.904572
11967.077637	-95.271683
11972.460938	-94.930634
11977.844238	-95.401474
11983.227539	-95.786011
11988.610840	-95.380898
11993.994141	-95.428116
11999.377441	-95.824921
12004.760742	-95.202141
12010.144043	-95.029518
12015.527344	-95.254822
12020.910645	-95.283134
12026.293945	-95.190872
12031.677246	-95.080933
12037.060547	-94.855431
12042.443848	-95.015823
12047.827148	-95.091537
12053.210449	-94.904411
12058.593750	-95.035309
12063.977051	-94.389153
12069.360352	-94.902802
12074.743652	-95.390846
12080.126953	-95.469009
12085.510254	-95.501442
12090.893555	-95.138443
12096.276855	-94.866257
12101.660156	-95.173920
12107.043457	-95.268654
12112.426758	-94.881866
12117.810059	-95.574654
12123.193359	-95.676308
12128.576660	-95.732338
12133.959961	-95.327858
12139.343262	-95.770958
12144.726562	-95.724182
12150.109863	-95.682861
12155.493164	-96.100174
12160.876465	-96.290649
12166.259766	-96.030144
12171.643066	-96.113876
12177.026367	-96.148888
12182.409668	-95.847412
12187.792969	-95.715401
12193.176270	-95.978447
12198.559570	-96.208641
12203.942871	-95.989677
12209.326172	-95.579514
12214.709473	-95.545006
12220.092773	-95.744904
12225.476074	-96.059311
12230.859375	-95.796921
12236.242676	-95.280350
12241.625977	-95.868286
12247.009277	-95.818901
12252.392578	-96.031937
12257.775879	-96.542130
12263.159180	-96.331360
12268.542480	-96.020706
12273.925781	-96.234886
12279.309082	-96.036964
12284.692383	-96.126106
12290.075684	-95.947426
12295.458984	-96.186134
12300.842285	-96.089439
12306.225586	-96.129250
12311.608887	-96.213821
12316.992188	-96.093719
12322.375488	-96.406464
12327.758789	-96.632324
12333.142090	-96.318855
12338.525391	-95.692642
12343.908691	-95.768013
12349.291992	-95.774521
12354.675293	-95.784409
12360.058594	-96.074547
12365.441895	-96.131439
12370.825195	-95.840813
12376.208496	-95.786804
12381.591797	-96.242287
12386.975098	-96.138702
12392.358398	-96.264664
12397.741699	-95.781776
12403.125000	-96.241226
12408.508301	-96.052284
12413.891602	-95.654076
12419.274902	-95.647026
12424.658203	-95.688683
12430.041504	-96.404633
12435.424805	-95.686775
12440.808105	-95.902710
12446.191406	-96.192802
12451.574707	-96.269753
12456.958008	-95.699989
12462.341309	-95.257484
12467.724609	-95.661072
12473.107910	-95.797951
12478.491211	-96.082489
12483.874512	-95.900391
12489.257812	-95.549721
12494.641113	-95.796204
12500.024414	-96.395416
12505.407715	-96.389580
12510.791016	-96.406227
12516.174316	-96.705383
12521.557617	-97.035522
12526.940918	-96.576561
12532.324219	-96.580643
12537.707520	-97.015900
12543.090820	-97.022789
12548.474121	-97.377174
12553.857422	-97.483887
12559.240723	-97.580521
12564.624023	-97.604088
12570.007324	-97.228554
12575.390625	-96.771942
12580.773926	-97.046257
12586.157227	-97.615166
12591.540527	-97.141319
12596.923828	-96.374199
12602.307129	-96.355774
12607.690430	-96.474159
12613.073730	-96.370949
12618.457031	-96.630257
12623.840332	-96.797150
12629.223633	-96.206398
12634.606934	-96.331009
12639.990234	-96.674286
12645.373535	-96.475571
12650.756836	-96.107063
12656.140137	-96.528656
12661.523438	-96.784149
12666.906738	-96.802490
12672.290039	-95.772057
12677.673340	-95.801277
12683.056641	-96.361206
12688.439941	-96.789032
12693.823242	-96.810623
12699.206543	-96.572105
12704.589844	-96.578094
12709.973145	-96.737625
12715.356445	-96.871925
12720.739746	-96.422707
12726.123047	-96.742432
12731.506348	-96.537239
12736.889648	-96.809555
12742.272949	-96.708481
12747.656250	-96.416359
12753.039551	-95.971581
12758.422852	-96.471413
12763.806152	-96.522163
12769.189453	-96.812798
12774.572754	-96.741554
12779.956055	-96.050514
12785.339355	-96.505058
12790.722656	-97.119080
12796.105957	-97.225304
12801.489258	-96.826401
12806.872559	-97.202583
12812.255859	-97.332939
12817.639160	-96.964577
12823.022461	-96.840294
12828.405762	-97.486252
12833.789062	-97.072739
12839.172363	-97.460861
12844.555664	-96.977196
12849.938965	-96.640495
12855.322266	-96.894997
12860.705566	-96.926636
12866.088867	-97.122482
12871.472168	-97.120010
12876.855469	-96.964226
12882.238770	-96.630852
12887.622070	-96.769051
12893.005371	-97.291435
12898.388672	-97.421234
12903.771973	-96.863922
12909.155273	-96.837318
12914.538574	-97.189629
12919.921875	-97.236679
12925.305176	-96.919830
12930.688477	-96.393547
12936.071777	-96.193878
12941.455078	-96.490662
12946.838379	-95.877388
12952.221680	-95.128143
12957.604980	-95.983627
12962.988281	-96.073898
12968.371582	-94.855049
12973.754883	-95.211006
12979.138184	-96.221504
12984.521484	-95.855309
12989.904785	-96.178253
12995.288086	-96.078865
13000.671387	-95.535454
13006.054688	-95.770393
13011.437988	-96.843414
13016.821289	-96.890350
13022.204590	-96.316246
13027.587891	-96.291908
13032.971191	-95.860641
13038.354492	-96.319420
13043.737793	-97.063507
13049.121094	-97.032860
13054.504395	-97.095772
13059.887695	-97.193230
13065.270996	-96.814919
13070.654297	-96.542351
13076.037598	-96.547539
13081.420898	-96.376305
13086.804199	-96.703690
13092.187500	-96.786072
13097.570801	-96.443390
13102.954102	-96.559341
13108.337402	-96.335129
13113.720703	-95.971970
13119.104004	-96.258835
13124.487305	-96.240807
13129.870605	-96.560570
13135.253906	-96.551224
13140.637207	-95.734016
13146.020508	-94.952477
13151.403809	-94.250244
13156.787109	-94.617363
13162.170410	-95.235672
13167.553711	-94.889038
13172.937012	-93.041183
13178.320312	-90.530533
13183.703613	-89.139900
13189.086914	-86.635345
13194.470215	-88.731094
13199.853516	-90.576706
13205.236816	-91.864204
13210.620117	-91.684723
13216.003418	-88.846596
13221.386719	-85.778694
13226.770020	-85.934784
13232.153320	-90.786926
13237.536621	-92.101685
13242.919922	-92.190392
13248.303223	-93.456490
13253.686523	-92.161736
13259.069824	-91.182312
13264.453125	-94.774155
13269.836426	-95.625404
13275.219727	-95.984352
13280.603027	-95.745415
13285.986328	-94.810692
13291.369629	-95.574913
13296.752930	-96.275841
13302.136230	-96.213882
13307.519531	-96.125542
13312.902832	-95.352592
13318.286133	-94.075005
13323.669434	-93.118134
13329.052734	-95.328491
13334.436035	-95.209343
13339.819336	-95.310165
13345.202637	-95.768257
13350.585938	-95.791191
13355.969238	-95.654457
13361.352539	-95.503929
13366.735840	-94.481560
13372.119141	-92.846222
13377.502441	-94.879623
13382.885742	-95.828491
13388.269043	-94.608894
13393.652344	-94.573463
13399.035645	-94.777695
13404.418945	-94.837273
13409.802246	-93.769119
13415.185547	-94.251770
13420.568848	-95.699249
13425.952148	-96.170677
13431.335449	-93.121185
13436.718750	-87.594742
13442.102051	-88.866142
13447.485352	-88.705376
13452.868652	-90.152824
13458.251953	-91.576546
13463.635254	-92.090538
13469.018555	-90.110680
13474.401855	-86.493759
13479.785156	-85.347565
13485.168457	-90.713211
13490.551758	-92.986717
13495.935059	-92.398605
13501.318359	-93.177727
13506.701660	-89.334213
13512.084961	-87.955597
13517.468262	-93.401260
13522.851562	-95.201004
13528.234863	-94.874062
13533.618164	-92.862076
13539.001465	-93.164909
13544.384766	-95.357704
13549.768066	-96.043190
13555.151367	-95.366814
13560.534668	-94.902527
13565.917969	-95.166183
13571.301270	-93.612297
13576.684570	-94.708603
13582.067871	-94.269135
13587.451172	-93.799332
13592.834473	-93.232368
13598.217773	-92.736214
13603.601074	-93.224014
13608.984375	-92.683319
13614.367676	-89.774818
13619.750977	-87.586037
13625.134277	-92.114227
13630.517578	-91.934174
13635.900879	-92.356003
13641.284180	-92.807274
13646.667480	-91.257408
13652.050781	-87.265961
13657.434082	-86.075043
13662.817383	-90.456467
13668.200684	-93.470299
13673.583984	-93.444489
13678.967285	-88.541275
13684.350586	-88.049072
13689.733887	-88.907249
13695.117188	-85.680954
13700.500488	-82.927917
13705.883789	-85.616425
13711.267090	-89.163155
13716.650391	-90.265007
13722.033691	-89.848267
13727.416992	-88.759209
13732.800293	-87.380936
13738.183594	-88.656693
13743.566895	-91.888397
13748.950195	-92.957710
13754.333496	-93.660225
13759.716797	-90.680717
13765.100098	-88.456558
13770.483398	-92.912849
13775.866699	-94.641708
13781.250000	-93.087120
13786.633301	-88.716835
13792.016602	-90.771103
13797.399902	-95.972260
13802.783203	-96.102654
13808.166504	-96.503815
13813.549805	-97.170029
13818.933105	-97.140106
13824.316406	-97.045166
13829.699707	-97.498634
13835.083008	-97.538841
13840.466309	-97.593384
13845.849609	-97.555000
13851.232910	-96.848488
13856.616211	-96.713852
13861.999512	-96.811920
13867.382812	-96.544731
13872.766113	-97.070900
13878.149414	-96.747238
13883.532715	-97.456009
13888.916016	-97.088760
13894.299316	-95.812035
13899.682617	-92.727272
13905.065918	-93.742264
13910.449219	-97.234474
13915.832520	-97.197723
13921.215820	-90.352020
13926.599121	-88.338638
13931.982422	-94.126472
13937.365723	-93.838112
13942.749023	-95.872879
13948.132324	-97.594994
13953.515625	-97.211212
13958.898926	-97.249680
13964.282227	-97.174995
13969.665527	-97.515099
13975.048828	-97.143440
13980.432129	-96.308006
13985.815430	-94.784004
13991.198730	-94.710083
13996.582031	-97.130638
14001.965332	-97.488724
14007.348633	-97.368805
14012.731934	-97.339371
14018.115234	-97.712753
14023.498535	-97.766296
14028.881836	-97.816750
14034.265137	-98.097923
14039.648438	-97.215363
14045.031738	-97.087112
14050.415039	-97.366669
14055.798340	-97.561752
14061.181641	-97.892479
14066.564941	-97.141785
14071.948242	-95.825302
14077.331543	-97.685410
14082.714844	-97.700371
14088.098145	-98.149254
14093.481445	-98.489807
14098.864746	-97.719261
14104.248047	-97.567139
14109.631348	-96.622375
14115.014648	-96.522430
14120.397949	-98.873001
14125.781250	-98.823677
14131.164551	-98.768280
14136.547852	-98.593826
14141.931152	-97.042488
14147.314453	-96.196228
14152.697754	-98.451836
14158.081055	-98.403015
14163.464355	-97.990028
14168.847656	-96.498581
14174.230957	-96.774529
14179.614258	-96.617302
14184.997559	-97.859863
14190.380859	-98.634430
14195.764160	-98.728065
14201.147461	-98.826736
14206.530762	-98.165047
14211.914062	-97.861237
14217.297363	-98.387794
14222.680664	-98.209122
14228.063965	-98.409836
14233.447266	-98.613419
14238.830566	-98.494568
14244.213867	-98.516441
14249.597168	-98.238754
14254.980469	-98.006241
14260.363770	-97.934471
14265.747070	-97.842804
14271.130371	-98.366547
14276.513672	-98.411491
14281.896973	-98.470718
14287.280273	-98.762260
14292.663574	-98.233917
14298.046875	-98.311394
14303.430176	-98.144836
14308.813477	-98.485054
14314.196777	-97.928757
14319.580078	-98.164017
14324.963379	-98.079254
14330.346680	-98.155388
14335.729980	-98.408173
14341.113281	-98.309464
14346.496582	-98.269188
14351.879883	-98.319992
14357.263184	-98.275459
14362.646484	-98.012260
14368.029785	-98.330627
14373.413086	-98.527229
14378.796387	-98.725815
14384.179688	-98.457047
14389.562988	-98.049637
14394.946289	-98.240257
14400.329590	-98.471649
14405.712891	-98.069366
14411.096191	-98.289536
14416.479492	-99.018494
14421.862793	-98.474701
14427.246094	-98.643478
14432.629395	-98.270103
14438.012695	-98.176567
14443.395996	-98.428169
14448.779297	-98.910507
14454.162598	-98.424965
14459.545898	-98.337219
14464.929199	-98.261200
14470.312500	-97.739578
14475.695801	-97.815514
14481.079102	-98.240021
14486.462402	-98.057564
14491.845703	-97.833481
14497.229004	-96.890121
14502.612305	-97.857803
14507.995605	-98.421371
14513.378906	-98.175728
14518.762207	-97.266747
14524.145508	-97.168602
14529.528809	-98.154755
14534.912109	-97.923996
14540.295410	-97.396103
14545.678711	-97.559807
14551.062012	-98.395493
14556.445312	-98.405548
14561.828613	-98.587662
14567.211914	-98.456779
14572.595215	-98.080200
14577.978516	-98.012901
14583.361816	-98.814117
14588.745117	-98.925774
14594.128418	-98.861526
14599.511719	-98.328575
14604.895020	-98.234444
14610.278320	-98.489975
14615.661621	-98.813316
14621.044922	-98.733513
14626.428223	-98.225281
14631.811523	-98.674614
14637.194824	-99.167038
14642.578125	-99.186867
14647.961426	-98.873917
14653.344727	-97.266937
14658.728027	-97.243492
14664.111328	-97.975830
14669.494629	-98.431473
14674.877930	-96.325104
14680.261230	-92.234497
14685.644531	-96.399590
14691.027832	-98.493927
14696.411133	-98.948555
14701.794434	-98.303017
14707.177734	-98.686111
14712.561035	-98.909241
14717.944336	-99.014305
14723.327637	-98.547028
14728.710938	-97.758095
14734.094238	-98.255196
14739.477539	-98.323753
14744.860840	-98.438065
14750.244141	-98.300285
14755.627441	-98.586296
14761.010742	-98.732544
14766.394043	-98.161438
14771.777344	-98.551994
14777.160645	-98.432091
14782.543945	-98.376457
14787.927246	-98.442902
14793.310547	-98.639694
14798.693848	-98.351219
14804.077148	-98.573990
14809.460449	-98.445107
14814.843750	-98.452911
14820.227051	-98.870888
14825.610352	-99.069016
14830.993652	-98.911743
14836.376953	-98.194977
14841.760254	-98.921455
14847.143555	-99.053207
14852.526855	-98.270279
14857.910156	-98.083076
14863.293457	-98.197273
14868.676758	-98.426430
14874.060059	-98.477119
14879.443359	-98.372620
14884.826660	-98.376373
14890.209961	-98.124672
14895.593262	-98.034256
14900.976562	-98.124313
14906.359863	-98.421555
14911.743164	-98.414192
14917.126465	-98.452202
14922.509766	-98.436394
14927.893066	-98.139778
14933.276367	-98.771263
14938.659668	-98.672058
14944.042969	-98.540771
14949.426270	-98.230453
14954.809570	-98.121475
14960.192871	-98.352928
14965.576172	-98.442825
14970.959473	-98.689003
14976.342773	-98.490593
14981.726074	-98.687218
14987.109375	-98.863869
14992.492676	-98.725739
14997.875977	-98.042252
15003.259277	-97.996635
15008.642578	-98.697182
15014.025879	-98.491379
15019.409180	-98.565086
15024.792480	-98.679802
15030.175781	-98.774422
15035.559082	-98.475746
15040.942383	-98.532402
15046.325684	-98.541496
15051.708984	-98.806671
15057.092285	-98.570229
15062.475586	-99.011230
15067.858887	-98.745659
15073.242188	-98.796280
15078.625488	-99.001953
15084.008789	-99.082382
15089.392090	-98.859825
15094.775391	-98.774300
15100.158691	-98.578369
15105.541992	-99.021317
15110.925293	-99.152939
15116.308594	-99.032341
15121.691895	-98.569107
15127.075195	-98.534866
15132.458496	-98.598404
15137.841797	-98.568108
15143.225098	-97.925873
15148.608398	-98.086929
15153.991699	-98.761482
15159.375000	-98.848434
15164.758301	-98.711517
15170.141602	-98.980743
15175.524902	-99.210831
15180.908203	-98.647385
15186.291504	-98.865028
15191.674805	-98.903152
15197.058105	-98.860374
15202.441406	-98.870506
15207.824707	-99.126778
15213.208008	-98.670280
15218.591309	-98.757835
15223.974609	-98.546562
15229.357910	-99.095100
15234.741211	-99.286522
15240.124512	-98.933365
15245.507812	-98.976059
15250.891113	-98.930252
15256.274414	-98.986176
15261.657715	-99.269386
15267.041016	-98.760620
15272.424316	-98.917610
15277.807617	-98.870209
15283.190918	-98.918945
15288.574219	-98.990059
15293.957520	-98.981842
15299.340820	-98.593475
15304.724121	-98.945068
15310.107422	-98.608719
15315.490723	-98.461670
15320.874023	-98.406525
15326.257324	-98.586510
15331.640625	-99.217255
15337.023926	-99.475334
15342.407227	-98.928963
15347.790527	-98.784042
15353.173828	-98.852859
15358.557129	-98.723183
15363.940430	-98.523521
15369.323730	-98.987419
15374.707031	-98.874657
15380.090332	-98.361725
15385.473633	-98.003029
15390.856934	-98.522087
15396.240234	-98.971024
15401.623535	-99.192245
15407.006836	-99.096107
15412.390137	-98.915398
15417.773438	-98.779633
15423.156738	-98.681549
15428.540039	-98.956474
15433.923340	-98.759178
15439.306641	-98.339043
15444.689941	-98.937141
15450.073242	-98.972549
15455.456543	-98.737984
15460.839844	-98.621910
15466.223145	-98.478737
15471.606445	-99.074646
15476.989746	-98.726357
15482.373047	-98.927170
15487.756348	-98.515617
15493.139648	-98.213753
15498.522949	-98.224632
15503.906250	-98.798431
15509.289551	-98.935982
15514.672852	-99.218300
15520.056152	-98.596832
15525.439453	-98.681297
15530.822754	-98.677925
15536.206055	-98.822807
15541.589355	-98.841454
15546.972656	-98.647820
15552.355957	-98.937691
15557.739258	-99.083313
15563.122559	-98.813766
15568.505859	-98.451607
15573.889160	-99.079750
15579.272461	-99.829178
15584.655762	-99.765770
15590.039062	-99.029686
15595.422363	-98.993034
15600.805664	-98.839378
15606.188965	-98.927917
15611.572266	-99.143051
15616.955566	-99.008789
15622.338867	-99.291702
15627.722168	-99.284599
15633.105469	-98.439590
15638.488770	-98.929413
15643.872070	-99.145866
15649.255371	-98.737411
15654.638672	-95.536354
15660.021973	-95.311203
15665.405273	-99.378624
15670.788574	-99.476860
15676.171875	-99.126915
15681.555176	-99.201729
15686.938477	-98.878479
15692.321777	-98.943932
15697.705078	-99.024109
15703.088379	-98.701851
15708.471680	-98.520195
15713.854980	-98.578590
15719.238281	-98.928520
15724.621582	-99.224174
15730.004883	-99.215790
15735.388184	-99.002747
15740.771484	-99.145187
15746.154785	-98.778008
15751.538086	-98.416817
15756.921387	-99.196480
15762.304688	-99.182129
15767.687988	-99.308479
15773.071289	-99.002342
15778.454590	-98.851089
15783.837891	-98.773849
15789.221191	-99.131950
15794.604492	-99.181839
15799.987793	-98.940811
15805.371094	-99.025574
15810.754395	-99.180016
15816.137695	-98.991104
15821.520996	-99.200493
15826.904297	-98.917404
15832.287598	-98.921906
15837.670898	-99.790436
15843.054199	-99.471657
15848.437500	-99.461823
15853.820801	-99.532928
15859.204102	-99.179749
15864.587402	-99.025261
15869.970703	-99.306221
15875.354004	-99.413147
15880.737305	-98.971352
15886.120605	-99.121284
15891.503906	-99.084404
15896.887207	-99.054115
15902.270508	-99.062592
15907.653809	-98.912827
15913.037109	-99.269203
15918.420410	-99.671112
15923.803711	-99.356819
15929.187012	-98.745628
15934.570312	-98.975082
15939.953613	-99.067245
15945.336914	-98.842224
15950.720215	-98.603806
15956.103516	-98.759628
15961.486816	-98.833405
15966.870117	-99.418671
15972.253418	-99.125290
15977.636719	-99.138306
15983.020020	-99.756424
15988.403320	-99.342934
15993.786621	-99.076729
15999.169922	-99.244690
16004.553223	-99.495110
16009.936523	-99.417763
16015.319824	-99.418579
16020.703125	-99.510704
16026.086426	-99.208694
16031.469727	-98.975563
16036.853027	-99.223152
16042.236328	-99.082024
16047.619629	-98.885666
16053.002930	-99.298325
16058.386230	-99.395279
16063.769531	-99.024818
16069.152832	-99.152885
16074.536133	-99.253716
16079.919434	-99.342041
16085.302734	-98.728104
16090.686035	-98.433304
16096.069336	-98.823410
16101.452637	-98.659554
16106.835938	-99.118507
16112.219238	-99.150299
16117.602539	-97.813377
16122.985840	-98.696442
16128.369141	-99.056290
16133.752441	-99.517189
16139.135742	-99.471458
16144.519043	-98.920380
16149.902344	-99.371758
16155.285645	-99.278732
16160.668945	-98.767235
16166.052246	-99.112579
16171.435547	-98.873329
16176.818848	-98.939148
16182.202148	-99.230370
16187.585449	-99.000046
16192.968750	-99.259453
16198.352051	-99.076073
16203.735352	-98.971863
16209.118652	-98.836159
16214.501953	-99.115105
16219.885254	-99.512962
16225.268555	-99.746407
16230.651855	-99.479614
16236.035156	-99.132103
16241.418457	-99.030746
16246.801758	-98.792397
16252.185059	-98.694382
16257.568359	-98.672012
16262.951660	-98.954338
16268.334961	-99.401535
16273.718262	-99.347160
16279.101562	-98.635681
16284.484863	-98.494423
16289.868164	-99.075478
16295.251465	-99.131157
16300.634766	-99.010880
16306.018066	-99.288673
16311.401367	-99.544434
16316.784668	-98.720642
16322.167969	-98.960991
16327.551270	-99.179352
16332.934570	-99.085800
16338.317871	-98.606827
16343.701172	-98.390289
16349.084473	-98.951149
16354.467773	-98.953888
16359.851074	-96.644783
16365.234375	-96.745224
16370.617676	-98.835304
16376.000977	-99.439064
16381.384277	-98.866722
16386.767578	-98.924988
16392.150879	-99.012848
16397.534180	-98.673347
16402.917480	-99.361389
16408.300781	-99.073730
16413.684082	-98.745476
16419.067383	-99.211983
16424.450684	-98.901878
16429.833984	-98.710350
16435.217285	-98.880203
16440.600586	-98.976379
16445.983887	-98.795868
16451.367188	-98.982689
16456.750488	-98.776070
16462.133789	-98.749680
16467.517090	-99.090691
16472.900391	-99.011948
16478.283691	-99.417557
16483.666992	-99.138924
16489.050293	-98.933983
16494.433594	-98.687103
16499.816895	-98.651154
16505.200195	-98.886299
16510.583496	-98.693756
16515.966797	-99.454575
16521.350098	-99.043015
16526.733398	-98.661057
16532.116699	-98.419930
16537.500000	-98.802498
16542.883301	-99.029739
16548.266602	-98.698769
16553.649902	-98.775749
16559.033203	-98.866447
16564.416504	-98.370346
16569.799805	-98.509155
16575.183105	-98.923347
16580.566406	-98.717300
16585.949707	-98.933746
16591.333008	-99.427063
16596.716309	-98.697334
16602.099609	-98.146751
16607.482910	-98.227028
16612.866211	-99.152008
16618.249512	-99.120895
16623.632812	-98.655121
16629.016113	-98.807411
16634.399414	-98.810707
16639.782715	-98.530121
16645.166016	-99.092033
16650.549316	-99.272186
16655.932617	-98.825447
16661.315918	-99.188301
16666.699219	-99.402618
16672.082520	-99.474022
16677.465820	-99.103607
16682.849121	-98.925461
16688.232422	-98.970711
16693.615723	-98.948997
16698.999023	-99.136185
16704.382324	-98.949799
16709.765625	-99.023354
16715.148926	-99.290031
16720.532227	-99.110909
16725.915527	-98.543358
16731.298828	-98.650482
16736.682129	-98.688232
16742.065430	-98.677818
16747.448730	-98.809975
16752.832031	-98.843330
16758.215332	-99.072014
16763.598633	-98.753624
16768.981934	-99.143059
16774.365234	-99.297806
16779.748535	-99.254021
16785.131836	-99.225754
16790.515137	-99.339287
16795.898438	-98.940865
16801.281738	-98.994728
16806.665039	-98.861183
16812.048340	-98.479019
16817.431641	-98.855316
16822.814941	-99.265053
16828.198242	-98.827492
16833.581543	-98.896584
16838.964844	-98.554413
16844.348145	-98.233047
16849.731445	-97.778244
16855.114746	-99.049667
16860.498047	-98.585236
16865.881348	-98.921867
16871.264648	-99.490021
16876.647949	-99.186676
16882.031250	-99.014191
16887.414551	-99.116982
16892.797852	-99.362579
16898.181152	-99.391190
16903.564453	-99.403191
16908.947754	-99.234230
16914.331055	-98.719627
16919.714355	-97.822739
16925.097656	-99.366150
16930.480957	-99.060066
16935.864258	-99.102959
16941.247559	-99.151947
16946.630859	-99.445267
16952.014160	-99.117561
16957.397461	-99.171532
16962.780762	-98.901604
16968.164062	-98.553635
16973.547363	-96.110306
16978.930664	-96.477585
16984.313965	-98.852585
16989.697266	-98.998077
16995.080566	-99.213448
17000.463867	-98.839882
17005.847168	-98.992798
17011.230469	-99.510666
17016.613770	-99.595367
17021.997070	-99.550735
17027.380371	-99.147308
17032.763672	-99.056435
17038.146973	-98.573456
17043.530273	-98.606651
17048.913574	-99.015762
17054.296875	-99.208366
17059.680176	-98.487129
17065.063477	-98.536789
17070.446777	-98.578804
17075.830078	-98.337357
17081.213379	-97.558594
17086.596680	-95.723625
17091.979980	-92.227547
17097.363281	-94.963257
17102.746582	-99.090378
17108.129883	-99.186340
17113.513184	-99.305786
17118.896484	-99.137741
17124.279785	-98.900497
17129.663086	-99.131897
17135.046387	-99.498428
17140.429688	-99.595543
17145.812988	-99.149681
17151.196289	-99.350952
17156.579590	-99.473869
17161.962891	-99.483009
17167.346191	-99.148933
17172.729492	-99.238770
17178.112793	-99.167572
17183.496094	-99.064430
17188.879395	-99.341240
17194.262695	-99.602051
17199.645996	-99.532570
17205.029297	-98.875603
17210.412598	-99.296417
17215.795898	-99.289352
17221.179199	-99.516838
17226.562500	-99.245094
17231.945801	-99.181969
17237.329102	-99.515694
17242.712402	-99.197777
17248.095703	-99.266617
17253.479004	-99.072708
17258.862305	-99.408012
17264.245605	-99.777100
17269.628906	-99.591812
17275.012207	-99.551476
17280.395508	-99.226013
17285.778809	-99.443565
17291.162109	-99.065033
17296.545410	-99.502266
17301.928711	-99.280083
17307.312012	-98.665916
17312.695312	-98.779358
17318.078613	-98.941887
17323.461914	-98.979973
17328.845215	-98.584785
17334.228516	-96.847511
17339.611816	-98.571228
17344.995117	-99.486633
17350.378418	-99.595161
17355.761719	-99.189308
17361.145020	-99.259285
17366.528320	-99.442284
17371.911621	-99.105873
17377.294922	-99.623322
17382.678223	-99.889755
17388.061523	-99.365608
17393.444824	-99.101288
17398.828125	-99.300148
17404.211426	-99.204163
17409.594727	-98.935593
17414.978027	-99.351532
17420.361328	-98.783836
17425.744629	-98.435646
17431.127930	-99.122932
17436.511230	-99.272957
17441.894531	-99.420776
17447.277832	-99.363739
17452.661133	-99.277107
17458.044434	-99.099480
17463.427734	-99.047966
17468.811035	-98.593391
17474.194336	-99.398476
17479.577637	-99.112709
17484.960938	-99.400482
17490.344238	-99.422508
17495.727539	-99.177338
17501.110840	-99.267067
17506.494141	-99.066025
17511.877441	-99.246307
17517.260742	-99.245796
17522.644043	-99.388748
17528.027344	-99.218315
17533.410645	-99.212715
17538.793945	-99.586113
17544.177246	-99.300270
17549.560547	-97.470306
17554.943848	-93.973717
17560.327148	-92.469208
17565.710449	-92.293518
17571.093750	-89.399239
17576.477051	-85.422417
17581.860352	-87.624916
17587.243652	-98.032417
17592.626953	-99.116768
17598.010254	-99.008728
17603.393555	-99.527367
17608.776855	-99.704399
17614.160156	-99.097778
17619.543457	-98.978691
17624.926758	-99.043381
17630.310059	-99.239525
17635.693359	-99.294495
17641.076660	-99.458809
17646.459961	-99.247635
17651.843262	-99.338272
17657.226562	-99.211807
17662.609863	-99.656662
17667.993164	-99.469246
17673.376465	-99.283775
17678.759766	-99.167122
17684.143066	-99.096786
17689.526367	-99.149040
17694.909668	-99.121994
17700.292969	-99.310677
17705.676270	-99.083214
17711.059570	-99.321495
17716.442871	-99.718887
17721.826172	-99.086014
17727.209473	-99.285866
17732.592773	-99.431152
17737.976074	-99.420036
17743.359375	-99.207085
17748.742676	-98.718277
17754.125977	-98.298538
17759.509277	-98.471146
17764.892578	-99.068916
17770.275879	-98.903366
17775.659180	-99.177681
17781.042480	-99.477798
17786.425781	-99.722473
17791.809082	-99.323662
17797.192383	-99.475914
17802.575684	-99.528206
17807.958984	-99.500420
17813.342285	-98.397766
17818.725586	-97.644943
17824.108887	-97.603302
17829.492188	-99.045593
17834.875488	-99.431175
17840.258789	-99.501472
17845.642090	-99.111015
17851.025391	-99.498215
17856.408691	-99.670135
17861.791992	-98.961845
17867.175293	-98.533287
17872.558594	-98.705795
17877.941895	-99.623131
17883.325195	-99.355949
17888.708496	-99.240700
17894.091797	-99.587288
17899.475098	-99.318695
17904.858398	-99.021172
17910.241699	-99.207962
17915.625000	-99.111969
17921.008301	-99.367508
17926.391602	-98.681816
17931.774902	-99.426521
17937.158203	-99.472527
17942.541504	-99.145180
17947.924805	-99.403847
17953.308105	-99.649940
17958.691406	-99.223587
17964.074707	-99.391823
17969.458008	-99.446976
17974.841309	-99.103844
17980.224609	-98.894562
17985.607910	-98.926712
17990.991211	-99.514885
17996.374512	-99.612541
18001.757812	-99.470520
18007.141113	-99.236458
18012.524414	-99.036392
18017.907715	-98.683571
18023.291016	-98.683693
18028.674316	-98.803917
18034.057617	-98.929520
18039.440918	-99.031281
18044.824219	-99.010818
18050.207520	-98.699272
18055.590820	-98.073090
18060.974121	-86.843025
18066.357422	-82.269623
18071.740723	-91.231201
18077.124023	-99.032066
18082.507324	-99.152145
18087.890625	-99.268364
18093.273926	-99.236771
18098.657227	-98.960091
18104.040527	-98.745583
18109.423828	-98.228149
18114.807129	-96.722954
18120.190430	-98.834846
18125.573730	-98.799873
18130.957031	-98.964455
18136.340332	-98.780609
18141.723633	-98.346695
18147.106934	-98.649628
18152.490234	-98.402657
18157.873535	-98.963066
18163.256836	-98.862923
18168.640137	-98.760704
18174.023438	-98.686584
18179.406738	-98.983215
18184.790039	-98.953125
18190.173340	-99.036476
18195.556641	-98.863190
18200.939941	-99.001488
18206.323242	-98.342316
18211.706543	-98.502487
18217.089844	-98.693062
18222.473145	-99.121132
18227.856445	-99.153931
18233.239746	-99.159096
18238.623047	-99.343521
18244.006348	-99.009743
18249.389648	-98.773972
18254.772949	-98.931602
18260.156250	-97.728668
18265.539551	-97.668198
18270.922852	-98.566574
18276.306152	-98.760040
18281.689453	-98.739990
18287.072754	-98.992851
18292.456055	-98.641953
18297.839355	-99.255150
18303.222656	-97.144623
18308.605957	-92.453239
18313.989258	-96.024162
18319.372559	-98.717064
18324.755859	-98.841866
18330.139160	-98.642708
18335.522461	-98.644905
18340.905762	-98.627106
18346.289062	-98.737404
18351.672363	-98.811165
18357.055664	-98.740852
18362.438965	-98.456558
18367.822266	-99.161079
18373.205566	-99.276421
18378.588867	-99.595818
18383.972168	-99.149521
18389.355469	-98.531982
18394.738770	-98.852348
18400.122070	-99.231705
18405.505371	-99.101791
18410.888672	-98.924095
18416.271973	-99.010994
18421.655273	-98.837181
18427.038574	-98.763367
18432.421875	-98.524025
18437.805176	-98.218773
18443.188477	-98.659561
18448.571777	-98.196068
18453.955078	-98.646935
18459.338379	-98.913055
18464.721680	-98.303505
18470.104980	-98.427589
18475.488281	-98.097527
18480.871582	-98.153969
18486.254883	-98.378128
18491.638184	-98.427284
18497.021484	-98.269081
18502.404785	-98.621117
18507.788086	-98.528023
18513.171387	-98.201736
18518.554688	-98.064056
18523.937988	-98.100525
18529.321289	-98.154221
18534.704590	-98.213593
18540.087891	-97.999313
18545.471191	-93.454926
18550.854492	-83.589485
18556.237793	-84.741783
18561.621094	-90.542435
18567.004395	-91.375862
18572.387695	-92.640129
18577.770996	-96.134445
18583.154297	-98.225456
18588.537598	-98.435631
18593.920898	-98.717628
18599.304199	-98.921227
18604.687500	-99.414688
18610.070801	-99.276497
18615.454102	-98.865501
18620.837402	-98.930984
18626.220703	-98.452545
18631.604004	-98.555443
18636.987305	-98.362267
18642.370605	-98.713211
18647.753906	-98.672607
18653.137207	-98.833153
18658.520508	-98.838638
18663.903809	-98.491814
18669.287109	-98.820213
18674.670410	-98.587494
18680.053711	-98.573631
18685.437012	-98.728020
18690.820312	-98.247650
18696.203613	-98.519051
18701.586914	-98.954865
18706.970215	-98.526131
18712.353516	-98.833267
18717.736816	-98.497833
18723.120117	-98.450050
18728.503418	-98.473793
18733.886719	-98.897118
18739.270020	-98.324730
18744.653320	-98.456947
18750.036621	-98.861259
18755.419922	-98.566055
18760.803223	-98.550659
18766.186523	-98.184570
18771.569824	-98.062897
18776.953125	-97.958519
18782.336426	-98.164726
18787.719727	-98.429596
18793.103027	-96.380455
18798.486328	-96.343658
18803.869629	-98.257378
18809.252930	-98.722420
18814.636230	-98.522682
18820.019531	-98.430786
18825.402832	-97.860359
18830.786133	-98.502563
18836.169434	-98.696091
18841.552734	-98.313972
18846.936035	-98.550606
18852.319336	-98.464699
18857.702637	-97.987793
18863.085938	-97.767975
18868.469238	-98.405037
18873.852539	-98.473289
18879.235840	-98.242165
18884.619141	-98.438492
18890.002441	-98.495224
18895.385742	-98.039116
18900.769043	-97.411110
18906.152344	-98.023026
18911.535645	-98.299637
18916.918945	-97.938293
18922.302246	-98.087997
18927.685547	-97.888268
18933.068848	-98.210342
18938.452148	-98.694923
18943.835449	-98.272011
18949.218750	-98.144836
18954.602051	-98.094635
18959.985352	-98.117477
18965.368652	-98.327980
18970.751953	-97.714462
18976.135254	-98.362335
18981.518555	-98.798019
18986.901855	-98.042175
18992.285156	-97.958450
18997.668457	-98.132706
19003.051758	-97.925903
19008.435059	-98.501976
19013.818359	-98.531036
19019.201660	-98.623192
19024.584961	-98.555466
19029.968262	-98.187424
19035.351562	-94.977470
19040.734863	-93.274612
19046.118164	-98.065422
19051.501465	-99.028587
19056.884766	-98.204475
19062.268066	-98.337158
19067.651367	-98.390648
19073.034668	-97.992180
19078.417969	-98.344101
19083.801270	-97.682381
19089.184570	-97.338554
19094.567871	-97.700516
19099.951172	-98.695450
19105.334473	-98.668877
19110.717773	-98.268456
19116.101074	-98.207855
19121.484375	-98.427757
19126.867676	-98.685509
19132.250977	-98.901741
19137.634277	-99.076813
19143.017578	-98.956131
19148.400879	-98.863266
19153.784180	-98.077591
19159.167480	-98.446999
19164.550781	-98.580421
19169.934082	-98.203362
19175.317383	-98.057159
19180.700684	-98.422577
19186.083984	-98.436020
19191.467285	-98.524323
19196.850586	-98.451141
19202.233887	-98.618294
19207.617188	-98.729645
19213.000488	-98.549728
19218.383789	-98.081856
19223.767090	-97.527176
19229.150391	-97.922096
19234.533691	-98.191765
19239.916992	-98.463539
19245.300293	-98.475899
19250.683594	-98.198753
19256.066895	-98.567993
19261.450195	-98.833885
19266.833496	-98.669846
19272.216797	-98.881653
19277.600098	-97.213638
19282.983398	-96.568581
19288.366699	-97.945335
19293.750000	-98.388893
19299.133301	-98.171326
19304.516602	-98.085846
19309.899902	-98.600883
19315.283203	-98.479195
19320.666504	-98.265373
19326.049805	-98.244827
19331.433105	-98.262573
19336.816406	-98.536804
19342.199707	-98.558304
19347.583008	-98.495567
19352.966309	-98.787468
19358.349609	-98.270638
19363.732910	-98.489349
19369.116211	-98.717201
19374.499512	-98.850365
19379.882812	-98.982071
19385.266113	-98.886063
19390.649414	-98.765358
19396.032715	-98.996437
19401.416016	-99.033066
19406.799316	-98.028229
19412.182617	-97.971283
19417.565918	-98.503227
19422.949219	-98.919571
19428.332520	-98.584755
19433.715820	-98.508507
19439.099121	-98.602249
19444.482422	-98.865204
19449.865723	-98.786903
19455.249023	-98.806053
19460.632324	-99.014717
19466.015625	-98.370728
19471.398926	-98.491699
19476.782227	-97.956024
19482.165527	-98.664078
19487.548828	-99.172989
19492.932129	-98.602058
19498.315430	-98.896393
19503.698730	-98.983589
19509.082031	-98.791374
19514.465332	-98.838997
19519.848633	-96.586647
19525.231934	-94.427879
19530.615234	-95.854836
19535.998535	-96.830772
19541.381836	-98.523415
19546.765137	-98.376129
19552.148438	-98.635292
19557.531738	-98.933716
19562.915039	-98.808960
19568.298340	-98.480629
19573.681641	-98.124199
19579.064941	-98.164970
19584.448242	-98.713753
19589.831543	-98.653801
19595.214844	-98.393402
19600.598145	-98.187271
19605.981445	-98.198822
19611.364746	-98.866806
19616.748047	-99.260307
19622.131348	-99.093475
19627.514648	-99.444031
19632.897949	-98.890350
19638.281250	-99.438492
19643.664551	-98.974129
19649.047852	-99.085556
19654.431152	-98.689133
19659.814453	-98.378578
19665.197754	-98.770096
19670.581055	-98.864662
19675.964355	-99.059303
19681.347656	-98.697136
19686.730957	-98.469612
19692.114258	-98.724388
19697.497559	-98.871857
19702.880859	-99.177704
19708.264160	-99.138031
19713.647461	-98.924126
19719.030762	-98.602768
19724.414062	-98.611755
19729.797363	-98.722343
19735.180664	-99.145088
19740.563965	-99.056686
19745.947266	-99.167191
19751.330566	-99.015320
19756.713867	-99.147011
19762.097168	-98.832916
19767.480469	-98.692390
19772.863770	-98.466011
19778.247070	-98.690125
19783.630371	-98.693031
19789.013672	-98.982658
19794.396973	-98.914467
19799.780273	-98.793854
19805.163574	-98.987968
19810.546875	-98.452095
19815.930176	-97.953339
19821.313477	-98.501823
19826.696777	-98.787186
19832.080078	-98.395790
19837.463379	-98.502815
19842.846680	-99.062546
19848.229980	-99.240334
19853.613281	-98.945869
19858.996582	-98.617264
19864.379883	-98.307770
19869.763184	-98.793617
19875.146484	-99.022850
19880.529785	-99.087311
19885.913086	-98.553581
19891.296387	-98.449585
19896.679688	-98.529884
19902.062988	-98.178108
19907.446289	-98.391571
19912.829590	-98.881943
19918.212891	-99.167023
19923.596191	-99.264404
19928.979492	-98.762413
19934.362793	-98.580055
19939.746094	-99.013580
19945.129395	-98.672981
19950.512695	-98.634811
19955.895996	-98.818443
19961.279297	-98.877304
19966.662598	-99.244850
19972.045898	-99.234879
19977.429199	-98.947258
19982.812500	-98.855721
19988.195801	-98.989059
19993.579102	-98.739388
19998.962402	-98.833694
20004.345703	-98.660339
20009.729004	-98.302261
20015.112305	-97.485329
20020.495605	-98.783852
20025.878906	-98.519165
20031.262207	-98.881432
20036.645508	-98.761040
20042.028809	-98.516953
20047.412109	-98.954453
20052.795410	-98.688431
20058.178711	-98.866722
20063.562012	-98.853149
20068.945312	-99.167030
20074.328613	-99.192863
20079.711914	-99.063232
20085.095215	-98.955811
20090.478516	-99.075981
20095.861816	-98.722588
20101.245117	-98.516479
20106.628418	-98.543755
20112.011719	-98.594505
20117.395020	-98.743111
20122.778320	-98.478302
20128.161621	-98.970215
20133.544922	-98.851280
20138.928223	-98.787308
20144.311523	-98.673653
20149.694824	-98.602890
20155.078125	-99.009109
20160.461426	-99.040794
20165.844727	-98.871582
20171.228027	-99.004158
20176.611328	-99.169106
20181.994629	-98.968628
20187.377930	-98.606560
20192.761230	-98.576813
20198.144531	-98.558533
20203.527832	-99.115273
20208.911133	-99.457733
20214.294434	-99.034584
20219.677734	-98.685860
20225.061035	-98.778900
20230.444336	-98.937698
20235.827637	-98.895004
20241.210938	-99.170685
20246.594238	-98.712204
20251.977539	-98.552177
20257.360840	-98.870186
20262.744141	-99.049911
20268.127441	-99.211769
20273.510742	-99.562599
20278.894043	-99.385162
20284.277344	-99.426033
20289.660645	-99.005829
20295.043945	-99.335365
20300.427246	-99.093628
20305.810547	-99.175972
20311.193848	-99.290657
20316.577148	-99.657249
20321.960449	-99.516731
20327.343750	-99.674858
20332.727051	-99.668304
20338.110352	-99.659393
20343.493652	-100.118942
20348.876953	-99.936989
20354.260254	-99.665199
20359.643555	-100.023041
20365.026855	-99.942009
20370.410156	-100.060150
20375.793457	-100.308929
20381.176758	-99.823158
20386.560059	-100.013138
20391.943359	-100.253166
20397.326660	-100.143791
20402.709961	-100.159348
20408.093262	-100.522263
20413.476562	-99.913116
20418.859863	-100.199669
20424.243164	-100.639305
20429.626465	-100.854042
20435.009766	-100.590530
20440.393066	-100.640694
20445.776367	-100.869064
20451.159668	-100.856628
20456.542969	-100.547989
20461.926270	-100.587051
20467.309570	-100.610229
20472.692871	-100.338623
20478.076172	-100.141495
20483.459473	-100.184570
20488.842773	-100.779045
20494.226074	-101.002205
20499.609375	-101.194008
20504.992676	-100.999168
20510.375977	-100.957504
20515.759277	-100.781265
20521.142578	-101.467827
20526.525879	-101.403557
20531.909180	-101.529472
20537.292480	-101.336739
20542.675781	-102.295334
20548.059082	-102.341103
20553.442383	-101.895042
20558.825684	-101.409622
20564.208984	-101.559120
20569.592285	-102.054131
20574.975586	-101.984032
20580.358887	-101.983925
20585.742188	-102.280235
20591.125488	-102.305847
20596.508789	-102.340294
20601.892090	-102.439339
20607.275391	-102.614601
20612.658691	-102.464645
20618.041992	-102.739334
20623.425293	-103.163422
20628.808594	-103.109566
20634.191895	-102.889503
20639.575195	-102.873520
20644.958496	-103.019814
20650.341797	-103.244347
20655.725098	-103.264542
20661.108398	-103.228371
20666.491699	-103.580307
20671.875000	-103.627831
20677.258301	-104.337769
20682.641602	-104.050224
20688.024902	-104.283424
20693.408203	-104.508827
20698.791504	-103.920975
20704.174805	-103.621704
20709.558105	-104.329880
20714.941406	-104.565826
20720.324707	-104.688606
20725.708008	-105.017921
20731.091309	-104.825439
20736.474609	-104.555321
20741.857910	-105.111549
20747.241211	-105.771889
20752.624512	-105.264740
20758.007812	-104.859421
20763.391113	-105.191025
20768.774414	-105.525764
20774.157715	-106.398354
20779.541016	-106.517738
20784.924316	-106.317444
20790.307617	-106.233849
20795.690918	-106.289101
20801.074219	-106.282730
20806.457520	-106.421211
20811.840820	-107.115883
20817.224121	-106.934715
20822.607422	-107.113678
20827.990723	-107.437019
20833.374023	-107.636543
20838.757324	-107.154167
20844.140625	-107.940910
20849.523926	-108.096718
20854.907227	-108.041908
20860.290527	-108.253586
20865.673828	-108.458618
20871.057129	-108.774887
20876.440430	-109.214111
20881.823730	-109.791885
20887.207031	-109.715401
20892.590332	-108.991226
20897.973633	-109.383842
20903.356934	-110.056511
20908.740234	-109.811821
20914.123535	-110.021133
20919.506836	-110.295242
20924.890137	-109.855019
20930.273438	-110.114670
20935.656738	-110.687508
20941.040039	-110.843803
20946.423340	-110.942215
20951.806641	-111.079216
20957.189941	-110.971458
20962.573242	-111.340500
20967.956543	-111.626823
20973.339844	-112.178047
20978.723145	-111.856972
20984.106445	-112.365128
20989.489746	-112.848648
20994.873047	-112.897507
21000.256348	-112.906197
21005.639648	-112.756340
21011.022949	-113.389977
21016.406250	-114.058418
21021.789551	-113.639565
21027.172852	-114.216133
21032.556152	-114.317123
21037.939453	-114.670090
21043.322754	-114.973198
21048.706055	-115.045128
21054.089355	-115.403175
21059.472656	-115.768517
21064.855957	-116.027229
21070.239258	-115.729034
21075.622559	-116.336487
21081.005859	-116.569626
21086.389160	-116.212471
21091.772461	-117.063103
21097.155762	-117.167610
21102.539062	-117.531677
21107.922363	-117.976204
21113.305664	-118.471344
21118.688965	-118.693001
21124.072266	-118.862022
21129.455566	-118.878517
21134.838867	-119.058800
21140.222168	-119.736229
21145.605469	-119.771545
21150.988770	-120.274231
21156.372070	-120.373680
21161.755371	-120.199135
21167.138672	-120.192154
21172.521973	-120.790779
21177.905273	-121.140671
21183.288574	-121.456627
21188.671875	-121.504036
21194.055176	-121.441818
21199.438477	-122.139259
21204.821777	-121.849861
21210.205078	-122.755119
21215.588379	-122.315414
21220.971680	-123.029327
21226.354980	-122.914680
21231.738281	-123.643806
21237.121582	-123.543716
21242.504883	-123.640846
21247.888184	-123.989250
21253.271484	-124.057632
21258.654785	-124.732071
21264.038086	-124.543785
21269.421387	-124.558319
21274.804688	-124.878601
21280.187988	-125.083496
21285.571289	-125.424072
21290.954590	-125.096634
21296.337891	-125.468498
21301.721191	-125.495033
21307.104492	-125.595856
21312.487793	-125.576294
21317.871094	-126.079536
21323.254395	-126.091270
21328.637695	-125.799751
21334.020996	-126.253143
21339.404297	-126.107315
21344.787598	-126.192154
21350.170898	-126.362968
21355.554199	-126.222237
21360.937500	-126.520279
21366.320801	-126.372299
21371.704102	-126.495323
21377.087402	-126.579903
21382.470703	-126.570976
21387.854004	-126.554825
21393.237305	-126.608986
21398.620605	-126.714272
21404.003906	-126.650368
21409.387207	-126.802391
21414.770508	-126.685364
21420.153809	-126.811920
21425.537109	-126.722618
21430.920410	-126.800621
21436.303711	-126.745285
21441.687012	-126.900963
21447.070312	-126.808167
21452.453613	-126.870773
21457.836914	-126.785477
21463.220215	-126.913315
21468.603516	-126.755119
21473.986816	-126.917915
21479.370117	-126.875000
21484.753418	-126.863541
21490.136719	-126.899750
21495.520020	-126.866928
21500.903320	-126.877617
21506.286621	-126.902809
21511.669922	-126.867638
21517.053223	-126.893677
21522.436523	-126.898705
21527.819824	-126.874016
21533.203125	-126.923256
21538.586426	-126.903008
21543.969727	-126.873589
21549.353027	-126.892334
21554.736328	-126.909172
21560.119629	-126.912621
21565.502930	-126.888039
21570.886230	-126.897415
21576.269531	-126.899216
21581.652832	-126.918404
21587.036133	-126.894966
21592.419434	-126.907478
21597.802734	-126.908890
21603.186035	-126.899681
21608.569336	-126.911308
21613.952637	-126.901405
21619.335938	-126.906624
21624.719238	-126.910515
21630.102539	-126.902962
21635.485840	-126.907005
21640.869141	-126.909073
21646.252441	-126.909065
21651.635742	-126.907219
21657.019043	-126.906937
21662.402344	-126.910431
21667.785645	-126.908424
21673.168945	-126.908470
21678.552246	-126.910271
21683.935547	-126.908333
21689.318848	-126.909561
21694.702148	-126.909470
21700.085449	-126.911621
21705.468750	-126.909073
21710.852051	-126.909828
21716.235352	-126.911644
21721.618652	-126.910713
21727.001953	-126.910202
21732.385254	-126.911385
21737.768555	-126.910805
21743.151855	-126.911324
21748.535156	-126.911339
21753.918457	-126.911819
21759.301758	-126.911575
21764.685059	-126.911942
21770.068359	-126.911606
21775.451660	-126.912407
21780.834961	-126.912231
21786.218262	-126.911987
21791.601562	-126.912445
21796.984863	-126.912651
21802.368164	-126.912659
21807.751465	-126.912827
21813.134766	-126.912613
21818.518066	-126.912941
21823.901367	-126.913033
21829.284668	-126.913124
21834.667969	-126.913185
21840.051270	-126.913406
21845.434570	-126.913460
21850.817871	-126.913490
21856.201172	-126.913795
21861.584473	-126.913757
21866.967773	-126.913651
21872.351074	-126.914078
21877.734375	-126.913689
21883.117676	-126.913986
21888.500977	-126.914314
21893.884277	-126.914337
21899.267578	-126.914459
21904.650879	-126.914276
21910.034180	-126.914528
21915.417480	-126.914391
21920.800781	-126.914337
21926.184082	-126.914734
21931.567383	-126.914848
21936.950684	-126.914909
21942.333984	-126.913940
21947.717285	-126.914360
21953.100586	-126.914490
21958.483887	-126.914429
21963.867188	-126.914413
21969.250488	-126.914406
21974.633789	-126.915901
21980.017090	-126.914932
21985.400391	-126.914795
21990.783691	-126.914688
21996.166992	-126.915894
22001.550293	-126.914551
22006.933594	-126.914772
22012.316895	-126.914696
22017.700195	-126.914932
22023.083496	-126.915199
22028.466797	-126.914856
22033.850098	-126.915054
22039.233398	-126.915009
22044.616699	-126.915009
