Frequency (Hz)	Level (dB)
5.383301	-80.889633
10.766602	-79.842178
16.149902	-72.694298
21.533203	-56.739231
26.916504	-51.075291
32.299805	-50.943634
37.683105	-51.718472
43.066406	-52.269112
48.449707	-41.018780
53.833008	-38.832081
59.216309	-42.413712
64.599609	-42.470951
69.982910	-41.842648
75.366211	-41.237587
80.749512	-39.605247
86.132812	-39.230286
91.516113	-40.019638
96.899414	-41.724129
102.282715	-42.099670
107.666016	-41.398655
113.049316	-41.677837
118.432617	-42.976257
123.815918	-44.219296
129.199219	-44.651970
134.582520	-45.327572
139.965820	-44.647667
145.349121	-44.925797
150.732422	-45.462238
156.115723	-44.569702
161.499023	-43.962990
166.882324	-45.494251
172.265625	-48.168724
177.648926	-48.898243
183.032227	-49.177135
188.415527	-50.427544
193.798828	-51.686356
199.182129	-52.573441
204.565430	-52.736530
209.948730	-52.268398
215.332031	-52.597191
220.715332	-52.020641
226.098633	-50.297478
231.481934	-49.096706
236.865234	-49.348904
242.248535	-49.707817
247.631836	-50.285122
253.015137	-51.018467
258.398438	-51.580917
263.781738	-51.113667
269.165039	-51.376282
274.548340	-52.635883
279.931641	-53.787033
285.314941	-53.978073
290.698242	-54.393826
296.081543	-53.464298
301.464844	-52.876804
306.848145	-52.757164
312.231445	-51.511822
317.614746	-50.574520
322.998047	-49.729527
328.381348	-49.385292
333.764648	-49.381813
339.147949	-49.628235
344.531250	-49.542141
349.914551	-49.487568
355.297852	-50.152260
360.681152	-50.305588
366.064453	-50.165691
371.447754	-49.916473
376.831055	-50.047634
382.214355	-50.333473
387.597656	-50.022388
392.980957	-50.756771
398.364258	-51.537971
403.747559	-51.782013
409.130859	-51.725018
414.514160	-51.979969
419.897461	-51.318188
425.280762	-51.171017
430.664062	-51.704193
436.047363	-52.272079
441.430664	-51.923462
446.813965	-51.515507
452.197266	-52.645660
457.580566	-53.230785
462.963867	-53.556019
468.347168	-53.771450
473.730469	-54.269409
479.113770	-54.133549
484.497070	-54.056046
489.880371	-54.311577
495.263672	-54.185143
500.646973	-54.036808
506.030273	-53.840763
511.413574	-53.665131
516.796875	-53.578804
522.180176	-52.913475
527.563477	-53.128807
532.946777	-52.301777
538.330078	-50.773396
543.713379	-50.752350
549.096680	-50.868034
554.479980	-50.547260
559.863281	-50.082069
565.246582	-50.272709
570.629883	-50.802784
576.013184	-51.373650
581.396484	-52.216602
586.779785	-52.775547
592.163086	-53.003155
597.546387	-53.347725
602.929688	-52.889194
608.312988	-52.347954
613.696289	-52.497925
619.079590	-53.800556
624.462891	-54.992867
629.846191	-55.713867
635.229492	-56.519958
640.612793	-57.420284
645.996094	-58.063377
651.379395	-58.087383
656.762695	-58.136913
662.145996	-58.634758
667.529297	-58.933674
672.912598	-58.935188
678.295898	-58.647095
683.679199	-57.946781
689.062500	-57.337879
694.445801	-56.769459
699.829102	-55.070564
705.212402	-54.787067
710.595703	-54.209999
715.979004	-54.168499
721.362305	-54.646610
726.745605	-54.027428
732.128906	-53.650208
737.512207	-54.542629
742.895508	-54.178364
748.278809	-53.753609
753.662109	-53.887016
759.045410	-53.279579
764.428711	-52.495422
769.812012	-52.117367
775.195312	-52.124355
780.578613	-52.380886
785.961914	-52.044369
791.345215	-52.842049
796.728516	-53.772022
802.111816	-54.413357
807.495117	-54.778614
812.878418	-55.286461
818.261719	-56.146729
823.645020	-55.971210
829.028320	-55.605598
834.411621	-55.620453
839.794922	-56.577927
845.178223	-57.250912
850.561523	-57.779018
855.944824	-58.639145
861.328125	-59.154610
866.711426	-59.558689
872.094727	-60.264946
877.478027	-59.661510
882.861328	-59.675743
888.244629	-59.512291
893.627930	-59.396889
899.011230	-60.128185
904.394531	-59.421070
909.777832	-59.622944
915.161133	-60.039066
920.544434	-59.766418
925.927734	-59.277618
931.311035	-59.658516
936.694336	-59.532337
942.077637	-59.092670
947.460938	-59.264660
952.844238	-59.496460
958.227539	-60.098076
963.610840	-60.285870
968.994141	-60.699867
974.377441	-60.863358
979.760742	-60.450821
985.144043	-60.132915
990.527344	-60.087879
995.910645	-59.938694
1001.293945	-60.230629
1006.677246	-60.626656
1012.060547	-60.719845
1017.443848	-60.627541
1022.827148	-60.885830
1028.210449	-60.909809
1033.593750	-60.456688
1038.977051	-60.983448
1044.360352	-61.437290
1049.743652	-61.528694
1055.126953	-61.717350
1060.510254	-62.138012
1065.893555	-63.037872
1071.276855	-62.920849
1076.660156	-62.212421
1082.043457	-62.714291
1087.426758	-62.684814
1092.810059	-62.830799
1098.193359	-63.385445
1103.576660	-62.100780
1108.959961	-61.406021
1114.343262	-61.417183
1119.726562	-61.734375
1125.109863	-62.463715
1130.493164	-62.036118
1135.876465	-62.271046
1141.259766	-61.985825
1146.643066	-61.341591
1152.026367	-60.734741
1157.409668	-60.581856
1162.792969	-59.433830
1168.176270	-59.007282
1173.559570	-58.666676
1178.942871	-58.567333
1184.326172	-58.746010
1189.709473	-58.667416
1195.092773	-58.616383
1200.476074	-58.675079
1205.859375	-59.154610
1211.242676	-60.094604
1216.625977	-61.001377
1222.009277	-61.541161
1227.392578	-62.162792
1232.775879	-62.297153
1238.159180	-61.785702
1243.542480	-62.132423
1248.925781	-62.378803
1254.309082	-62.798378
1259.692383	-62.857788
1265.075684	-62.993202
1270.458984	-62.126297
1275.842285	-62.115135
1281.225586	-62.764111
1286.608887	-62.931824
1291.992188	-63.159660
1297.375488	-63.546078
1302.758789	-64.002983
1308.142090	-63.972473
1313.525391	-64.773705
1318.908691	-65.570206
1324.291992	-66.524086
1329.675293	-67.136940
1335.058594	-67.039116
1340.441895	-67.263054
1345.825195	-66.966942
1351.208496	-66.715942
1356.591797	-66.468521
1361.975098	-66.024666
1367.358398	-65.364334
1372.741699	-65.782341
1378.125000	-65.491783
1383.508301	-65.141304
1388.891602	-65.242073
1394.274902	-65.110649
1399.658203	-64.638206
1405.041504	-64.288284
1410.424805	-64.232697
1415.808105	-64.271507
1421.191406	-64.785698
1426.574707	-65.365662
1431.958008	-65.290077
1437.341309	-65.532097
1442.724609	-65.389450
1448.107910	-65.962265
1453.491211	-65.049126
1458.874512	-65.165474
1464.257812	-65.392365
1469.641113	-65.220161
1475.024414	-64.709717
1480.407715	-64.275131
1485.791016	-64.095299
1491.174316	-63.612492
1496.557617	-63.487720
1501.940918	-63.566624
1507.324219	-63.636742
1512.707520	-62.935593
1518.090820	-62.462406
1523.474121	-61.929585
1528.857422	-61.436165
1534.240723	-61.609165
1539.624023	-61.733414
1545.007324	-61.352737
1550.390625	-61.587048
1555.773926	-61.777008
1561.157227	-62.111526
1566.540527	-62.929867
1571.923828	-63.160885
1577.307129	-62.546665
1582.690430	-62.273438
1588.073730	-62.125248
1593.457031	-62.178368
1598.840332	-62.999523
1604.223633	-62.694496
1609.606934	-62.445236
1614.990234	-63.300549
1620.373535	-63.185280
1625.756836	-62.842400
1631.140137	-63.232075
1636.523438	-63.104153
1641.906738	-62.901043
1647.290039	-62.670734
1652.673340	-62.371502
1658.056641	-62.052338
1663.439941	-62.024651
1668.823242	-62.441761
1674.206543	-62.251724
1679.589844	-62.305058
1684.973145	-63.155117
1690.356445	-63.662628
1695.739746	-64.519524
1701.123047	-64.604271
1706.506348	-64.600548
1711.889648	-64.888535
1717.272949	-65.094208
1722.656250	-65.022797
1728.039551	-64.772835
1733.422852	-64.342117
1738.806152	-64.160469
1744.189453	-64.336441
1749.572754	-64.280312
1754.956055	-63.827415
1760.339355	-63.321171
1765.722656	-63.478745
1771.105957	-62.737823
1776.489258	-62.249100
1781.872559	-62.318378
1787.255859	-62.349182
1792.639160	-62.137379
1798.022461	-61.896618
1803.405762	-61.992676
1808.789062	-62.349781
1814.172363	-62.471519
1819.555664	-61.790489
1824.938965	-61.055077
1830.322266	-61.002277
1835.705566	-60.855103
1841.088867	-60.295250
1846.472168	-59.843006
1851.855469	-59.618122
1857.238770	-59.490479
1862.622070	-59.424580
1868.005371	-58.970093
1873.388672	-59.289333
1878.771973	-59.609154
1884.155273	-59.058804
1889.538574	-58.890285
1894.921875	-58.818729
1900.305176	-59.164398
1905.688477	-59.634773
1911.071777	-59.869209
1916.455078	-59.721081
1921.838379	-59.883419
1927.221680	-60.181858
1932.604980	-60.808151
1937.988281	-60.886368
1943.371582	-60.973358
1948.754883	-60.936283
1954.138184	-61.223160
1959.521484	-61.226181
1964.904785	-61.332100
1970.288086	-61.807514
1975.671387	-61.513317
1981.054688	-60.624878
1986.437988	-61.248322
1991.821289	-61.057133
1997.204590	-61.039093
2002.587891	-61.044052
2007.971191	-60.830635
2013.354492	-60.364285
2018.737793	-60.587765
2024.121094	-60.701740
2029.504395	-60.608955
2034.887695	-60.477745
2040.270996	-60.248890
2045.654297	-60.144089
2051.037598	-59.299438
2056.420898	-58.878452
2061.804199	-58.778591
2067.187500	-58.464619
2072.570801	-58.672157
2077.954102	-59.150249
2083.337402	-59.015682
2088.720703	-59.149143
2094.104004	-58.802971
2099.487305	-57.697716
2104.870605	-57.625385
2110.253906	-56.728783
2115.637207	-56.639965
2121.020508	-55.885696
2126.403809	-55.653309
2131.787109	-55.492977
2137.170410	-56.203518
2142.553711	-56.020081
2147.937012	-56.808262
2153.320312	-57.714706
2158.703613	-57.674274
2164.086914	-58.380558
2169.470215	-58.464119
2174.853516	-58.387661
2180.236816	-58.512859
2185.620117	-58.856827
2191.003418	-58.706348
2196.386719	-58.069408
2201.770020	-58.224400
2207.153320	-58.539062
2212.536621	-58.240662
2217.919922	-58.315990
2223.303223	-57.781002
2228.686523	-57.925217
2234.069824	-58.770569
2239.453125	-59.780499
2244.836426	-60.769417
2250.219727	-61.108143
2255.603027	-61.992390
2260.986328	-62.791328
2266.369629	-63.166557
2271.752930	-63.058510
2277.136230	-63.134594
2282.519531	-62.844933
2287.902832	-62.859138
2293.286133	-62.656010
2298.669434	-62.451832
2304.052734	-62.500950
2309.436035	-62.357048
2314.819336	-62.117802
2320.202637	-61.643082
2325.585938	-61.437889
2330.969238	-61.459057
2336.352539	-61.775318
2341.735840	-62.088978
2347.119141	-62.372276
2352.502441	-62.617725
2357.885742	-62.850349
2363.269043	-63.503571
2368.652344	-63.409710
2374.035645	-64.150558
2379.418945	-64.211998
2384.802246	-63.765713
2390.185547	-63.864674
2395.568848	-64.429672
2400.952148	-64.901176
2406.335449	-63.717945
2411.718750	-63.630363
2417.102051	-63.800159
2422.485352	-63.874481
2427.868652	-64.196167
2433.251953	-63.909248
2438.635254	-64.412125
2444.018555	-64.755623
2449.401855	-65.278191
2454.785156	-65.380798
2460.168457	-65.781212
2465.551758	-65.813011
2470.935059	-65.620537
2476.318359	-65.807640
2481.701660	-65.682114
2487.084961	-65.443138
2492.468262	-65.600021
2497.851562	-65.718941
2503.234863	-66.111206
2508.618164	-65.892288
2514.001465	-66.173729
2519.384766	-66.475800
2524.768066	-66.721321
2530.151367	-66.460518
2535.534668	-66.276497
2540.917969	-66.348328
2546.301270	-64.773026
2551.684570	-64.814392
2557.067871	-65.307617
2562.451172	-65.429703
2567.834473	-65.297218
2573.217773	-65.617683
2578.601074	-66.262405
2583.984375	-66.592987
2589.367676	-67.482002
2594.750977	-67.744797
2600.134277	-68.341927
2605.517578	-68.025749
2610.900879	-68.306480
2616.284180	-68.346092
2621.667480	-68.855179
2627.050781	-69.197716
2632.434082	-69.621910
2637.817383	-70.105827
2643.200684	-70.277252
2648.583984	-69.498489
2653.967285	-70.048096
2659.350586	-69.971077
2664.733887	-69.690590
2670.117188	-69.482582
2675.500488	-69.005379
2680.883789	-69.376869
2686.267090	-69.407120
2691.650391	-69.254189
2697.033691	-69.781822
2702.416992	-69.316841
2707.800293	-69.796677
2713.183594	-70.315079
2718.566895	-70.358635
2723.950195	-69.761436
2729.333496	-69.584816
2734.716797	-69.507896
2740.100098	-68.726669
2745.483398	-68.424149
2750.866699	-68.506874
2756.250000	-68.234726
2761.633301	-67.851685
2767.016602	-67.878769
2772.399902	-68.466454
2777.783203	-68.565956
2783.166504	-68.520020
2788.549805	-68.373566
2793.933105	-68.137001
2799.316406	-68.210556
2804.699707	-67.852089
2810.083008	-68.288498
2815.466309	-68.261604
2820.849609	-67.817436
2826.232910	-67.642860
2831.616211	-67.956268
2836.999512	-68.714218
2842.382812	-68.800201
2847.766113	-68.366631
2853.149414	-69.209854
2858.532715	-69.510307
2863.916016	-69.355980
2869.299316	-69.991417
2874.682617	-70.003120
2880.065918	-70.331718
2885.449219	-70.859764
2890.832520	-70.862038
2896.215820	-70.791611
2901.599121	-71.454124
2906.982422	-70.827766
2912.365723	-70.506538
2917.749023	-71.447487
2923.132324	-71.478935
2928.515625	-71.142128
2933.898926	-71.510147
2939.282227	-71.659302
2944.665527	-70.816032
2950.048828	-70.994492
2955.432129	-70.962166
2960.815430	-70.358696
2966.198730	-70.232178
2971.582031	-70.155319
2976.965332	-70.415260
2982.348633	-70.495132
2987.731934	-69.328728
2993.115234	-68.464149
2998.498535	-68.289047
3003.881836	-68.275719
3009.265137	-67.959618
3014.648438	-67.807014
3020.031738	-67.483932
3025.415039	-67.121025
3030.798340	-66.913940
3036.181641	-66.335686
3041.564941	-66.163872
3046.948242	-66.565002
3052.331543	-66.747063
3057.714844	-66.878998
3063.098145	-66.418518
3068.481445	-66.727310
3073.864746	-66.245209
3079.248047	-65.445045
3084.631348	-65.898071
3090.014648	-65.902695
3095.397949	-65.605980
3100.781250	-66.040672
3106.164551	-65.956329
3111.547852	-66.202225
3116.931152	-66.069855
3122.314453	-65.948883
3127.697754	-66.141197
3133.081055	-65.826256
3138.464355	-65.308983
3143.847656	-65.031364
3149.230957	-64.650467
3154.614258	-64.945854
3159.997559	-65.190170
3165.380859	-64.753441
3170.764160	-64.682640
3176.147461	-64.474243
3181.530762	-64.705391
3186.914062	-65.208008
3192.297363	-65.509331
3197.680664	-66.071053
3203.063965	-66.177834
3208.447266	-66.969124
3213.830566	-67.861771
3219.213867	-68.032875
3224.597168	-68.211823
3229.980469	-68.384789
3235.363770	-69.177032
3240.747070	-69.109642
3246.130371	-68.169250
3251.513672	-68.045883
3256.896973	-68.085487
3262.280273	-67.731422
3267.663574	-67.288239
3273.046875	-67.544098
3278.430176	-68.085083
3283.813477	-67.316818
3289.196777	-67.664803
3294.580078	-68.762764
3299.963379	-69.201401
3305.346680	-69.951385
3310.729980	-70.923615
3316.113281	-71.597015
3321.496582	-72.034950
3326.879883	-72.378967
3332.263184	-72.614990
3337.646484	-73.341385
3343.029785	-73.171135
3348.413086	-72.281151
3353.796387	-71.970703
3359.179688	-71.927338
3364.562988	-71.459183
3369.946289	-70.930389
3375.329590	-70.253296
3380.712891	-69.639359
3386.096191	-68.701172
3391.479492	-68.622139
3396.862793	-68.984085
3402.246094	-69.159241
3407.629395	-69.626785
3413.012695	-70.518738
3418.395996	-71.361664
3423.779297	-71.659325
3429.162598	-71.591980
3434.545898	-71.196671
3439.929199	-72.021912
3445.312500	-71.702782
3450.695801	-71.787453
3456.079102	-71.694435
3461.462402	-71.646255
3466.845703	-72.329758
3472.229004	-72.095139
3477.612305	-71.533302
3482.995605	-71.225563
3488.378906	-70.972466
3493.762207	-71.030861
3499.145508	-70.806313
3504.528809	-71.082870
3509.912109	-70.571800
3515.295410	-69.752510
3520.678711	-69.712234
3526.062012	-69.891418
3531.445312	-70.869385
3536.828613	-71.368835
3542.211914	-72.118660
3547.595215	-72.983612
3552.978516	-73.120621
3558.361816	-73.812416
3563.745117	-74.326248
3569.128418	-74.385818
3574.511719	-73.476616
3579.895020	-73.391640
3585.278320	-73.153915
3590.661621	-72.413864
3596.044922	-72.348251
3601.428223	-72.371559
3606.811523	-72.803200
3612.194824	-73.168373
3617.578125	-73.587051
3622.961426	-73.896500
3628.344727	-74.526611
3633.728027	-74.888016
3639.111328	-75.341743
3644.494629	-75.709435
3649.877930	-75.230545
3655.261230	-74.806686
3660.644531	-74.061844
3666.027832	-73.335930
3671.411133	-72.866203
3676.794434	-72.743385
3682.177734	-73.053986
3687.561035	-72.966057
3692.944336	-73.052055
3698.327637	-72.836571
3703.710938	-73.054008
3709.094238	-73.042793
3714.477539	-72.465927
3719.860840	-72.122322
3725.244141	-72.216644
3730.627441	-72.114960
3736.010742	-72.885048
3741.394043	-73.430473
3746.777344	-73.282013
3752.160645	-73.710327
3757.543945	-74.640091
3762.927246	-75.005371
3768.310547	-75.436264
3773.693848	-75.542572
3779.077148	-75.810806
3784.460449	-75.471558
3789.843750	-75.819283
3795.227051	-75.935844
3800.610352	-75.114456
3805.993652	-75.522568
3811.376953	-74.954613
3816.760254	-74.651207
3822.143555	-74.286255
3827.526855	-74.422096
3832.910156	-74.108955
3838.293457	-74.057899
3843.676758	-74.042839
3849.060059	-74.808098
3854.443359	-74.347610
3859.826660	-74.572899
3865.209961	-74.559814
3870.593262	-74.125175
3875.976562	-74.278435
3881.359863	-74.096191
3886.743164	-74.579163
3892.126465	-74.760254
3897.509766	-74.320320
3902.893066	-74.841919
3908.276367	-75.430161
3913.659668	-74.842651
3919.042969	-75.715912
3924.426270	-75.980431
3929.809570	-76.208557
3935.192871	-75.761856
3940.576172	-75.896217
3945.959473	-76.870804
3951.342773	-76.876724
3956.726074	-76.226601
3962.109375	-76.245041
3967.492676	-76.867020
3972.875977	-76.892380
3978.259277	-76.793411
3983.642578	-76.462814
3989.025879	-76.868240
3994.409180	-76.996254
3999.792480	-77.577690
4005.175781	-77.364761
4010.559082	-77.484375
4015.942383	-78.343147
4021.325684	-78.237770
4026.708984	-78.581261
4032.092285	-78.465714
4037.475586	-78.936363
4042.858887	-78.585609
4048.242188	-78.107185
4053.625488	-77.667671
4059.008789	-77.432983
4064.392090	-77.404716
4069.775391	-78.082687
4075.158691	-78.621185
4080.541992	-78.157166
4085.925293	-78.551216
4091.308594	-79.399155
4096.691895	-79.481796
4102.075195	-79.152512
4107.458496	-79.168556
4112.841797	-78.905548
4118.225098	-78.622101
4123.608398	-78.199478
4128.991699	-77.691185
4134.375000	-77.410439
4139.758301	-76.822197
4145.141602	-75.714813
4150.524902	-75.649261
4155.908203	-75.002777
4161.291504	-75.100441
4166.674805	-75.220314
4172.058105	-75.484085
4177.441406	-76.271500
4182.824707	-77.079231
4188.208008	-76.548492
4193.591309	-76.739624
4198.974609	-77.243828
4204.357910	-76.978531
4209.741211	-73.761047
4215.124512	-72.481331
4220.507812	-75.294319
4225.891113	-77.115982
4231.274414	-76.956741
4236.657715	-77.364777
4242.041016	-77.790199
4247.424316	-77.496140
4252.807617	-77.521042
4258.190918	-77.687279
4263.574219	-77.420784
4268.957520	-76.725220
4274.340820	-76.879356
4279.724121	-76.108040
4285.107422	-76.644951
4290.490723	-76.123062
4295.874023	-75.787971
4301.257324	-76.002464
4306.640625	-76.404701
4312.023926	-76.395020
4317.407227	-76.484779
4322.790527	-75.749908
4328.173828	-76.237709
4333.557129	-76.458824
4338.940430	-76.193977
4344.323730	-75.381134
4349.707031	-75.101402
4355.090332	-75.143883
4360.473633	-74.791489
4365.856934	-74.506538
4371.240234	-74.027733
4376.623535	-74.176308
4382.006836	-74.943520
4387.390137	-74.569649
4392.773438	-74.676247
4398.156738	-75.149323
4403.540039	-75.841805
4408.923340	-75.569916
4414.306641	-76.502586
4419.689941	-77.084099
4425.073242	-77.150162
4430.456543	-76.784790
4435.839844	-77.202690
4441.223145	-77.871315
4446.606445	-78.769043
4451.989746	-78.465424
4457.373047	-78.024269
4462.756348	-78.659790
4468.139648	-78.677345
4473.522949	-78.962479
4478.906250	-79.123589
4484.289551	-79.205170
4489.672852	-79.002251
4495.056152	-78.794495
4500.439453	-78.634537
4505.822754	-78.719810
4511.206055	-78.532204
4516.589355	-78.333328
4521.972656	-77.815826
4527.355957	-77.736618
4532.739258	-77.991692
4538.122559	-77.700188
4543.505859	-77.527962
4548.889160	-77.291748
4554.272461	-76.708115
4559.655762	-75.960396
4565.039062	-76.131889
4570.422363	-75.959015
4575.805664	-75.448082
4581.188965	-75.647629
4586.572266	-75.831078
4591.955566	-75.987045
4597.338867	-75.968704
4602.722168	-76.073814
4608.105469	-76.688591
4613.488770	-76.460335
4618.872070	-75.881729
4624.255371	-75.671722
4629.638672	-75.482788
4635.021973	-75.223808
4640.405273	-75.042313
4645.788574	-74.922279
4651.171875	-74.602783
4656.555176	-74.285721
4661.938477	-74.410851
4667.321777	-74.497543
4672.705078	-74.083466
4678.088379	-73.424484
4683.471680	-72.803123
4688.854980	-72.581314
4694.238281	-72.498291
4699.621582	-71.972816
4705.004883	-71.476227
4710.388184	-71.002289
4715.771484	-70.883377
4721.154785	-70.586418
4726.538086	-69.823105
4731.921387	-69.835472
4737.304688	-69.970184
4742.687988	-70.522423
4748.071289	-70.892731
4753.454590	-71.575676
4758.837891	-71.542976
4764.221191	-71.140701
4769.604492	-71.510590
4774.987793	-71.531151
4780.371094	-71.784546
4785.754395	-72.254128
4791.137695	-71.721458
4796.520996	-70.957291
4801.904297	-71.009506
4807.287598	-70.862473
4812.670898	-70.241020
4818.054199	-70.947220
4823.437500	-71.854919
4828.820801	-71.439781
4834.204102	-71.487007
4839.587402	-72.391327
4844.970703	-72.739998
4850.354004	-73.197723
4855.737305	-74.172478
4861.120605	-73.797714
4866.503906	-73.266762
4871.887207	-73.708786
4877.270508	-73.495842
4882.653809	-73.642426
4888.037109	-74.400536
4893.420410	-73.652710
4898.803711	-73.933868
4904.187012	-73.693817
4909.570312	-73.660225
4914.953613	-73.751785
4920.336914	-74.570129
4925.720215	-73.989876
4931.103516	-73.633247
4936.486816	-74.298584
4941.870117	-74.759140
4947.253418	-74.763756
4952.636719	-75.332687
4958.020020	-75.388184
4963.403320	-76.244545
4968.786621	-76.641533
4974.169922	-76.709587
4979.553223	-76.850716
4984.936523	-76.875305
4990.319824	-76.363731
4995.703125	-76.305634
5001.086426	-76.282738
5006.469727	-76.741280
5011.853027	-76.771843
5017.236328	-76.205147
5022.619629	-76.300934
5028.002930	-75.662186
5033.386230	-75.844246
5038.769531	-75.856323
5044.152832	-76.329880
5049.536133	-77.178780
5054.919434	-76.654373
5060.302734	-75.953087
5065.686035	-76.478783
5071.069336	-76.771950
5076.452637	-77.323830
5081.835938	-77.263214
5087.219238	-77.813873
5092.602539	-78.052940
5097.985840	-78.313316
5103.369141	-77.985184
5108.752441	-77.400803
5114.135742	-76.734306
5119.519043	-76.901680
5124.902344	-76.489700
5130.285645	-76.486412
5135.668945	-76.826080
5141.052246	-76.526451
5146.435547	-76.433098
5151.818848	-76.767860
5157.202148	-77.361740
5162.585449	-77.781914
5167.968750	-77.689209
5173.352051	-77.678459
5178.735352	-78.674759
5184.118652	-78.952484
5189.501953	-79.083542
5194.885254	-78.677017
5200.268555	-77.724724
5205.651855	-78.020241
5211.035156	-78.264648
5216.418457	-77.788902
5221.801758	-77.156662
5227.185059	-77.290703
5232.568359	-77.271042
5237.951660	-77.661499
5243.334961	-78.243805
5248.718262	-78.517105
5254.101562	-79.252304
5259.484863	-78.349968
5264.868164	-77.447281
5270.251465	-76.593842
5275.634766	-76.620575
5281.018066	-76.506645
5286.401367	-75.848465
5291.784668	-75.935600
5297.167969	-75.553543
5302.551270	-76.175285
5307.934570	-77.016846
5313.317871	-77.059479
5318.701172	-77.292374
5324.084473	-77.592552
5329.467773	-77.809410
5334.851074	-77.570518
5340.234375	-77.587250
5345.617676	-77.746498
5351.000977	-78.349525
5356.384277	-78.704880
5361.767578	-78.591637
5367.150879	-78.335640
5372.534180	-78.618057
5377.917480	-78.739876
5383.300781	-78.113747
5388.684082	-77.576683
5394.067383	-77.318123
5399.450684	-77.403374
5404.833984	-77.319771
5410.217285	-76.936813
5415.600586	-76.176056
5420.983887	-76.390228
5426.367188	-76.734978
5431.750488	-75.893021
5437.133789	-75.925690
5442.517090	-75.738098
5447.900391	-76.186150
5453.283691	-76.682976
5458.666992	-76.137138
5464.050293	-75.748528
5469.433594	-76.556442
5474.816895	-76.109398
5480.200195	-76.316261
5485.583496	-76.062744
5490.966797	-76.085442
5496.350098	-76.233131
5501.733398	-76.287399
5507.116699	-76.427841
5512.500000	-76.894394
5517.883301	-76.148079
5523.266602	-75.727325
5528.649902	-75.833099
5534.033203	-76.122864
5539.416504	-76.651398
5544.799805	-75.787498
5550.183105	-75.453178
5555.566406	-76.096260
5560.949707	-76.484314
5566.333008	-76.755272
5571.716309	-76.904694
5577.099609	-76.775940
5582.482910	-77.086334
5587.866211	-76.510590
5593.249512	-76.308784
5598.632812	-76.682571
5604.016113	-77.116035
5609.399414	-77.319725
5614.782715	-77.597099
5620.166016	-78.145531
5625.549316	-78.055634
5630.932617	-78.342270
5636.315918	-78.548897
5641.699219	-77.668678
5647.082520	-77.640594
5652.465820	-77.723198
5657.849121	-77.854118
5663.232422	-77.382927
5668.615723	-77.395897
5673.999023	-76.891441
5679.382324	-76.640152
5684.765625	-76.831535
5690.148926	-76.507744
5695.532227	-75.930283
5700.915527	-76.196671
5706.298828	-76.469627
5711.682129	-76.287666
5717.065430	-76.611221
5722.448730	-76.684036
5727.832031	-76.959770
5733.215332	-76.837143
5738.598633	-77.776390
5743.981934	-77.378304
5749.365234	-77.978943
5754.748535	-79.202255
5760.131836	-79.899376
5765.515137	-80.409714
5770.898438	-80.690643
5776.281738	-80.397209
5781.665039	-80.722351
5787.048340	-80.395035
5792.431641	-80.028023
5797.814941	-79.657120
5803.198242	-79.896263
5808.581543	-80.023773
5813.964844	-79.738365
5819.348145	-79.721214
5824.731445	-79.204391
5830.114746	-79.775238
5835.498047	-80.083763
5840.881348	-79.905525
5846.264648	-80.537346
5851.647949	-81.396065
5857.031250	-81.739944
5862.414551	-81.504463
5867.797852	-81.563820
5873.181152	-82.326347
5878.564453	-81.944939
5883.947754	-81.501274
5889.331055	-81.156273
5894.714355	-80.415932
5900.097656	-80.196251
5905.480957	-79.871834
5910.864258	-80.096222
5916.247559	-80.405930
5921.630859	-80.358559
5927.014160	-80.761200
5932.397461	-81.333832
5937.780762	-81.453735
5943.164062	-82.168480
5948.547363	-81.985786
5953.930664	-81.553070
5959.313965	-82.159676
5964.697266	-82.136024
5970.080566	-81.910370
5975.463867	-82.238579
5980.847168	-82.585129
5986.230469	-83.227913
5991.613770	-82.947845
5996.997070	-82.641449
6002.380371	-82.612679
6007.763672	-82.194443
6013.146973	-82.076363
6018.530273	-81.698563
6023.913574	-81.605103
6029.296875	-81.606613
6034.680176	-81.100060
6040.063477	-80.890945
6045.446777	-80.588074
6050.830078	-80.254303
6056.213379	-79.548981
6061.596680	-79.612625
6066.979980	-80.637718
6072.363281	-80.864182
6077.746582	-80.985077
6083.129883	-81.420662
6088.513184	-82.362274
6093.896484	-82.811523
6099.279785	-82.493820
6104.663086	-83.100586
6110.046387	-83.567009
6115.429688	-83.307053
6120.812988	-83.948593
6126.196289	-83.586678
6131.579590	-83.530815
6136.962891	-83.500847
6142.346191	-83.253914
6147.729492	-83.459663
6153.112793	-82.990509
6158.496094	-82.920853
6163.879395	-82.345650
6169.262695	-82.690063
6174.645996	-83.093750
6180.029297	-82.641708
6185.412598	-82.523399
6190.795898	-82.587952
6196.179199	-82.322540
6201.562500	-81.534889
6206.945801	-81.840485
6212.329102	-82.060989
6217.712402	-82.002014
6223.095703	-81.864799
6228.479004	-82.017960
6233.862305	-82.915878
6239.245605	-83.078964
6244.628906	-83.141106
6250.012207	-83.656433
6255.395508	-84.341133
6260.778809	-83.749947
6266.162109	-83.744461
6271.545410	-83.791237
6276.928711	-84.100563
6282.312012	-83.688042
6287.695312	-83.632019
6293.078613	-84.119263
6298.461914	-83.927498
6303.845215	-84.540222
6309.228516	-84.509232
6314.611816	-83.828438
6319.995117	-84.053352
6325.378418	-84.421921
6330.761719	-84.545082
6336.145020	-84.789589
6341.528320	-84.048561
6346.911621	-84.441055
6352.294922	-84.614769
6357.678223	-84.507927
6363.061523	-84.369667
6368.444824	-83.765366
6373.828125	-83.143944
6379.211426	-83.330116
6384.594727	-83.725525
6389.978027	-83.412926
6395.361328	-83.700493
6400.744629	-84.357300
6406.127930	-83.961662
6411.511230	-83.716995
6416.894531	-83.953613
6422.277832	-84.319778
6427.661133	-85.109055
6433.044434	-85.239868
6438.427734	-85.367439
6443.811035	-85.079903
6449.194336	-84.633331
6454.577637	-83.972778
6459.960938	-83.603561
6465.344238	-83.895233
6470.727539	-84.474724
6476.110840	-84.101250
6481.494141	-83.785881
6486.877441	-83.978226
6492.260742	-84.535980
6497.644043	-84.525452
6503.027344	-84.648888
6508.410645	-84.178719
6513.793945	-84.234215
6519.177246	-84.322975
6524.560547	-84.910545
6529.943848	-84.748711
6535.327148	-84.486435
6540.710449	-84.733925
6546.093750	-84.521049
6551.477051	-84.766762
6556.860352	-84.613571
6562.243652	-84.548691
6567.626953	-84.246231
6573.010254	-83.766357
6578.393555	-83.647865
6583.776855	-83.496323
6589.160156	-83.236794
6594.543457	-82.854622
6599.926758	-82.712822
6605.310059	-83.183899
6610.693359	-83.213516
6616.076660	-82.599075
6621.459961	-82.947807
6626.843262	-83.223427
6632.226562	-83.643799
6637.609863	-83.509056
6642.993164	-83.082947
6648.376465	-82.517166
6653.759766	-81.809151
6659.143066	-81.571724
6664.526367	-81.910782
6669.909668	-81.853729
6675.292969	-82.088219
6680.676270	-82.132095
6686.059570	-81.944702
6691.442871	-82.635918
6696.826172	-83.381645
6702.209473	-83.700386
6707.592773	-83.670876
6712.976074	-83.289024
6718.359375	-83.119835
6723.742676	-82.450592
6729.125977	-82.073647
6734.509277	-82.561592
6739.892578	-82.834007
6745.275879	-82.590958
6750.659180	-82.917953
6756.042480	-82.962685
6761.425781	-83.100075
6766.809082	-83.848900
6772.192383	-83.987709
6777.575684	-84.330956
6782.958984	-84.814903
6788.342285	-84.879608
6793.725586	-84.700546
6799.108887	-85.444069
6804.492188	-85.663712
6809.875488	-85.515717
6815.258789	-85.324455
6820.642090	-85.935394
6826.025391	-85.789566
6831.408691	-85.463661
6836.791992	-85.559906
6842.175293	-84.720833
6847.558594	-84.069603
6852.941895	-84.277290
6858.325195	-84.344711
6863.708496	-84.726616
6869.091797	-84.407196
6874.475098	-84.357300
6879.858398	-84.568771
6885.241699	-84.415123
6890.625000	-84.499832
6896.008301	-84.520317
6901.391602	-84.120392
6906.774902	-84.025787
6912.158203	-83.789528
6917.541504	-83.823006
6922.924805	-83.641891
6928.308105	-83.851891
6933.691406	-83.271744
6939.074707	-83.422821
6944.458008	-83.353859
6949.841309	-83.191551
6955.224609	-82.375870
6960.607910	-82.367577
6965.991211	-82.378647
6971.374512	-81.798813
6976.757812	-81.670364
6982.141113	-82.687469
6987.524414	-82.797310
6992.907715	-82.681587
6998.291016	-83.257423
7003.674316	-83.253540
7009.057617	-83.067513
7014.440918	-83.390747
7019.824219	-83.619270
7025.207520	-84.002892
7030.590820	-83.845650
7035.974121	-84.075089
7041.357422	-84.042320
7046.740723	-84.207436
7052.124023	-84.447212
7057.507324	-84.071991
7062.890625	-84.040192
7068.273926	-83.902672
7073.657227	-84.228882
7079.040527	-83.533211
7084.423828	-83.498192
7089.807129	-82.665550
7095.190430	-82.428879
7100.573730	-81.995018
7105.957031	-81.773766
7111.340332	-82.000931
7116.723633	-82.361961
7122.106934	-81.454071
7127.490234	-81.069099
7132.873535	-80.863647
7138.256836	-80.915894
7143.640137	-80.908844
7149.023438	-81.591904
7154.406738	-81.417328
7159.790039	-81.642410
7165.173340	-81.954224
7170.556641	-81.740677
7175.939941	-82.160240
7181.323242	-82.548874
7186.706543	-83.123283
7192.089844	-82.632812
7197.473145	-81.738220
7202.856445	-82.075874
7208.239746	-81.871750
7213.623047	-81.841301
7219.006348	-82.130585
7224.389648	-82.319092
7229.772949	-81.726578
7235.156250	-81.457817
7240.539551	-81.103607
7245.922852	-81.625320
7251.306152	-81.147614
7256.689453	-81.758186
7262.072754	-81.354965
7267.456055	-81.698250
7272.839355	-82.385117
7278.222656	-82.925583
7283.605957	-82.838387
7288.989258	-83.257805
7294.372559	-83.853561
7299.755859	-84.278053
7305.139160	-84.645432
7310.522461	-84.565887
7315.905762	-85.084030
7321.289062	-84.959923
7326.672363	-84.590218
7332.055664	-84.258644
7337.438965	-83.660576
7342.822266	-83.441872
7348.205566	-83.195961
7353.588867	-82.320984
7358.972168	-82.060921
7364.355469	-82.343590
7369.738770	-82.334442
7375.122070	-82.554565
7380.505371	-82.714752
7385.888672	-83.236443
7391.271973	-83.039879
7396.655273	-82.979919
7402.038574	-83.646393
7407.421875	-83.267410
7412.805176	-83.094902
7418.188477	-82.833168
7423.571777	-82.457390
7428.955078	-82.411819
7434.338379	-82.363922
7439.721680	-82.052376
7445.104980	-82.722427
7450.488281	-83.297066
7455.871582	-83.263321
7461.254883	-82.735466
7466.638184	-83.510193
7472.021484	-83.084724
7477.404785	-82.759117
7482.788086	-82.573860
7488.171387	-82.711960
7493.554688	-82.384766
7498.937988	-82.502739
7504.321289	-82.200722
7509.704590	-82.148949
7515.087891	-82.481667
7520.471191	-82.581909
7525.854492	-81.538147
7531.237793	-81.442627
7536.621094	-80.697670
7542.004395	-81.015640
7547.387695	-81.422493
7552.770996	-81.131729
7558.154297	-81.533867
7563.537598	-81.555107
7568.920898	-81.398079
7574.304199	-82.365677
7579.687500	-82.017090
7585.070801	-82.175812
7590.454102	-81.185234
7595.837402	-80.913200
7601.220703	-81.554436
7606.604004	-81.875259
7611.987305	-82.031654
7617.370605	-81.835175
7622.753906	-81.922806
7628.137207	-81.719101
7633.520508	-81.841843
7638.903809	-81.861160
7644.287109	-80.922745
7649.670410	-80.642807
7655.053711	-81.243073
7660.437012	-80.573128
7665.820312	-81.602890
7671.203613	-82.017616
7676.586914	-81.960258
7681.970215	-82.613449
7687.353516	-83.004044
7692.736816	-82.192810
7698.120117	-82.001266
7703.503418	-81.523438
7708.886719	-81.292305
7714.270020	-80.741554
7719.653320	-80.437637
7725.036621	-80.977982
7730.419922	-81.600739
7735.803223	-81.143799
7741.186523	-81.035294
7746.569824	-81.589035
7751.953125	-82.032692
7757.336426	-82.124847
7762.719727	-81.989151
7768.103027	-82.347260
7773.486328	-82.902054
7778.869629	-82.402428
7784.252930	-82.176910
7789.636230	-82.880394
7795.019531	-82.593178
7800.402832	-82.639473
7805.786133	-82.704620
7811.169434	-82.498489
7816.552734	-82.727394
7821.936035	-82.926758
7827.319336	-82.529663
7832.702637	-82.826614
7838.085938	-82.936317
7843.469238	-82.878662
7848.852539	-83.146027
7854.235840	-83.163986
7859.619141	-83.158432
7865.002441	-82.642883
7870.385742	-82.459663
7875.769043	-82.565392
7881.152344	-81.854233
7886.535645	-81.193649
7891.918945	-81.586304
7897.302246	-81.572319
7902.685547	-81.845444
7908.068848	-81.779266
7913.452148	-81.787483
7918.835449	-81.828255
7924.218750	-81.841553
7929.602051	-81.855202
7934.985352	-82.082932
7940.368652	-82.409729
7945.751953	-82.682510
7951.135254	-81.720688
7956.518555	-81.517570
7961.901855	-82.876411
7967.285156	-82.589401
7972.668457	-82.671577
7978.051758	-83.433311
7983.435059	-83.719513
7988.818359	-83.404785
7994.201660	-83.310028
7999.584961	-82.760689
8004.968262	-82.967812
8010.351562	-82.733734
8015.734863	-82.387863
8021.118164	-81.741173
8026.501465	-81.157150
8031.884766	-81.175888
8037.268066	-80.435326
8042.651367	-80.604385
8048.034668	-80.504410
8053.417969	-80.735329
8058.801270	-81.084694
8064.184570	-80.490776
8069.567871	-80.002304
8074.951172	-80.334473
8080.334473	-80.459534
8085.717773	-80.555138
8091.101074	-80.572639
8096.484375	-80.913841
8101.867676	-81.401314
8107.250977	-82.004440
8112.634277	-82.364426
8118.017578	-82.173515
8123.400879	-82.272133
8128.784180	-81.992378
8134.167480	-81.958031
8139.550781	-81.433800
8144.934082	-81.388847
8150.317383	-81.525002
8155.700684	-82.160606
8161.083984	-81.833466
8166.467285	-81.830940
8171.850586	-81.763153
8177.233887	-81.788994
8182.617188	-82.970650
8188.000488	-83.068230
8193.383789	-83.034943
8198.767090	-83.623596
8204.150391	-83.655708
8209.533691	-83.577499
8214.916992	-83.530647
8220.300293	-83.175575
8225.683594	-83.176773
8231.066895	-82.755562
8236.450195	-82.701157
8241.833496	-82.491844
8247.216797	-82.095543
8252.600098	-82.434402
8257.983398	-82.315918
8263.366699	-82.401375
8268.750000	-82.661980
8274.133301	-82.846588
8279.516602	-82.764999
8284.899902	-82.345428
8290.283203	-82.172958
8295.666504	-82.331909
8301.049805	-81.672623
8306.433105	-81.056557
8311.816406	-81.105423
8317.199707	-81.428955
8322.583008	-81.836891
8327.966309	-82.138077
8333.349609	-81.479218
8338.732910	-81.242645
8344.116211	-80.925598
8349.499512	-80.763100
8354.882812	-80.860764
8360.266113	-80.585564
8365.649414	-80.464310
8371.032715	-80.166405
8376.416016	-80.912346
8381.799316	-80.929436
8387.182617	-80.475792
8392.565918	-80.780602
8397.949219	-80.853912
8403.332520	-81.009071
8408.715820	-81.537445
8414.099121	-81.717934
8419.482422	-82.446182
8424.865723	-82.747513
8430.249023	-82.360687
8435.632324	-82.989197
8441.015625	-82.960876
8446.398926	-82.970299
8451.782227	-83.463242
8457.165527	-83.047409
8462.548828	-82.678642
8467.932129	-82.937508
8473.315430	-82.967331
8478.698730	-83.586693
8484.082031	-82.799568
8489.465332	-82.510208
8494.848633	-82.240295
8500.231934	-81.860764
8505.615234	-81.841408
8510.998535	-81.999069
8516.381836	-82.667038
8521.765137	-82.899010
8527.148438	-83.012154
8532.531738	-82.843483
8537.915039	-83.302216
8543.298340	-83.761909
8548.681641	-83.402557
8554.064941	-83.545357
8559.448242	-84.487259
8564.831543	-85.110504
8570.214844	-85.080444
8575.598145	-84.492439
8580.981445	-85.189896
8586.364746	-85.061623
8591.748047	-83.760788
8597.131348	-83.821754
8602.514648	-83.811890
8607.897949	-83.387032
8613.281250	-83.212547
8618.664551	-83.143265
8624.047852	-83.591881
8629.431152	-83.932869
8634.814453	-84.048920
8640.197754	-83.610649
8645.581055	-83.735413
8650.964355	-84.011406
8656.347656	-83.437744
8661.730957	-84.091461
8667.114258	-84.533028
8672.497559	-84.435196
8677.880859	-84.778427
8683.264160	-84.672920
8688.647461	-84.586143
8694.030762	-84.815605
8699.414062	-84.608887
8704.797363	-84.593994
8710.180664	-84.686546
8715.563965	-84.639145
8720.947266	-84.596733
8726.330566	-84.613060
8731.713867	-83.655693
8737.097168	-83.163269
8742.480469	-83.615868
8747.863770	-83.417984
8753.247070	-83.452591
8758.630371	-83.519341
8764.013672	-83.714828
8769.396973	-82.860313
8774.780273	-82.514542
8780.163574	-82.244507
8785.546875	-82.290306
8790.930176	-82.221642
8796.313477	-81.902695
8801.696777	-81.476540
8807.080078	-82.136337
8812.463379	-81.944176
8817.846680	-81.968056
8823.229980	-82.641922
8828.613281	-82.942772
8833.996582	-83.374855
8839.379883	-83.368057
8844.763184	-83.512810
8850.146484	-83.366493
8855.529785	-82.951927
8860.913086	-82.900932
8866.296387	-83.440704
8871.679688	-83.512581
8877.062988	-83.232399
8882.446289	-83.776260
8887.829590	-84.305595
8893.212891	-83.860794
8898.596191	-83.840271
8903.979492	-83.677345
8909.362793	-83.092323
8914.746094	-82.886803
8920.129395	-83.475731
8925.512695	-83.374039
8930.895996	-83.736214
8936.279297	-83.641113
8941.662598	-83.346451
8947.045898	-83.626198
8952.429199	-83.551842
8957.812500	-83.445335
8963.195801	-83.474510
8968.579102	-84.062187
8973.962402	-84.249054
8979.345703	-84.294014
8984.729004	-84.703674
8990.112305	-84.487381
8995.495605	-84.899231
9000.878906	-85.192528
9006.262207	-85.398705
9011.645508	-85.402466
9017.028809	-85.721542
9022.412109	-85.551125
9027.795410	-86.100098
9033.178711	-85.844818
9038.562012	-86.023697
9043.945312	-85.878952
9049.328613	-85.878738
9054.711914	-86.134926
9060.095215	-85.941261
9065.478516	-86.033775
9070.861816	-85.494659
9076.245117	-85.208801
9081.628418	-85.373764
9087.011719	-84.905525
9092.395020	-84.356583
9097.778320	-83.835953
9103.161621	-84.121979
9108.544922	-83.844193
9113.928223	-83.475929
9119.311523	-83.499458
9124.694824	-83.763237
9130.078125	-83.444252
9135.461426	-83.268539
9140.844727	-83.116829
9146.228027	-83.622147
9151.611328	-84.073143
9156.994629	-83.827934
9162.377930	-83.789558
9167.761230	-83.286667
9173.144531	-83.736145
9178.527832	-83.833183
9183.911133	-83.416199
9189.294434	-84.082542
9194.677734	-84.316422
9200.061035	-83.640160
9205.444336	-83.351082
9210.827637	-83.138390
9216.210938	-83.401489
9221.594238	-84.117119
9226.977539	-84.662239
9232.360840	-85.014122
9237.744141	-85.252518
9243.127441	-84.703484
9248.510742	-85.013535
9253.894043	-84.987701
9259.277344	-85.060349
9264.660645	-84.832199
9270.043945	-85.085739
9275.427246	-85.274368
9280.810547	-85.129303
9286.193848	-84.781609
9291.577148	-85.063324
9296.960449	-84.883102
9302.343750	-85.033035
9307.727051	-85.163307
9313.110352	-85.367714
9318.493652	-84.901001
9323.876953	-84.418205
9329.260254	-84.110497
9334.643555	-84.298973
9340.026855	-83.950714
9345.410156	-83.295059
9350.793457	-82.947388
9356.176758	-82.826920
9361.560059	-83.061440
9366.943359	-82.197014
9372.326660	-82.184067
9377.709961	-82.082527
9383.093262	-82.345848
9388.476562	-82.251556
9393.859863	-82.132767
9399.243164	-81.908401
9404.626465	-81.942986
9410.009766	-82.417328
9415.393066	-82.065865
9420.776367	-82.069771
9426.159668	-83.147858
9431.542969	-83.732674
9436.926270	-83.582703
9442.309570	-84.127617
9447.692871	-84.689018
9453.076172	-84.114716
9458.459473	-84.048729
9463.842773	-84.521751
9469.226074	-83.766327
9474.609375	-83.416962
9479.992676	-83.439560
9485.375977	-83.934570
9490.759277	-83.926811
9496.142578	-83.834541
9501.525879	-83.714752
9506.909180	-83.907677
9512.292480	-83.857361
9517.675781	-83.649712
9523.059082	-82.705261
9528.442383	-82.700523
9533.825684	-82.358498
9539.208984	-82.605507
9544.592285	-83.345329
9549.975586	-83.205704
9555.358887	-82.726692
9560.742188	-82.733597
9566.125488	-82.888115
9571.508789	-83.042122
9576.892090	-83.479286
9582.275391	-83.055252
9587.658691	-83.241905
9593.041992	-83.871750
9598.425293	-84.358307
9603.808594	-84.839195
9609.191895	-84.241829
9614.575195	-83.537209
9619.958496	-83.497612
9625.341797	-83.612709
9630.725098	-83.668350
9636.108398	-82.951492
9641.491699	-83.150795
9646.875000	-83.659317
9652.258301	-83.929810
9657.641602	-83.925888
9663.024902	-83.900139
9668.408203	-84.825165
9673.791504	-85.063065
9679.174805	-84.858818
9684.558105	-84.768036
9689.941406	-85.048347
9695.324707	-84.893173
9700.708008	-83.889061
9706.091309	-83.787636
9711.474609	-84.300896
9716.857910	-84.287865
9722.241211	-83.970634
9727.624512	-84.212906
9733.007812	-83.705452
9738.391113	-84.297798
9743.774414	-84.689911
9749.157715	-84.320610
9754.541016	-84.226616
9759.924316	-84.697784
9765.307617	-84.978737
9770.690918	-84.766609
9776.074219	-85.144890
9781.457520	-85.386284
9786.840820	-85.706276
9792.224121	-85.291245
9797.607422	-85.094345
9802.990723	-85.206444
9808.374023	-85.169464
9813.757324	-84.997910
9819.140625	-84.791595
9824.523926	-84.921989
9829.907227	-85.291138
9835.290527	-85.328232
9840.673828	-85.154243
9846.057129	-85.228882
9851.440430	-85.084778
9856.823730	-85.053772
9862.207031	-85.502342
9867.590332	-85.721573
9872.973633	-85.181442
9878.356934	-85.403259
9883.740234	-85.859612
9889.123535	-85.032173
9894.506836	-85.100441
9899.890137	-85.575783
9905.273438	-85.931152
9910.656738	-85.707039
9916.040039	-85.278526
9921.423340	-85.717140
9926.806641	-86.284065
9932.189941	-85.865372
9937.573242	-85.661545
9942.956543	-85.536034
9948.339844	-86.185478
9953.723145	-85.928177
9959.106445	-85.765106
9964.489746	-86.246086
9969.873047	-86.574318
9975.256348	-85.858131
9980.639648	-86.291710
9986.022949	-86.500038
9991.406250	-85.847801
9996.789551	-85.673447
10002.172852	-85.585846
10007.556152	-84.966629
10012.939453	-85.010452
10018.322754	-84.897362
10023.706055	-85.372169
10029.089355	-84.093376
10034.472656	-83.624863
10039.855957	-84.234062
10045.239258	-84.070541
10050.622559	-84.710869
10056.005859	-85.195892
10061.389160	-85.802795
10066.772461	-85.763672
10072.155762	-85.941513
10077.539062	-85.925545
10082.922363	-85.380791
10088.305664	-85.538223
10093.688965	-86.067513
10099.072266	-86.439026
10104.455566	-86.791466
10109.838867	-86.664871
10115.222168	-86.862503
10120.605469	-87.393433
10125.988770	-87.050835
10131.372070	-86.389999
10136.755371	-86.397881
10142.138672	-86.383301
10147.521973	-86.456886
10152.905273	-85.372208
10158.288574	-86.101036
10163.671875	-85.737389
10169.055176	-85.508270
10174.438477	-86.226265
10179.821777	-86.443161
10185.205078	-86.310196
10190.588379	-87.087250
10195.971680	-87.108017
10201.354980	-86.998375
10206.738281	-87.131256
10212.121582	-86.770065
10217.504883	-86.787628
10222.888184	-86.537056
10228.271484	-86.393288
10233.654785	-86.837921
10239.038086	-86.568581
10244.421387	-86.615479
10249.804688	-86.454559
10255.187988	-86.365875
10260.571289	-86.095825
10265.954590	-86.704956
10271.337891	-86.380630
10276.721191	-86.445808
10282.104492	-86.698631
10287.487793	-86.386772
10292.871094	-85.812378
10298.254395	-85.476120
10303.637695	-85.662552
10309.020996	-86.126671
10314.404297	-86.960495
10319.787598	-87.241417
10325.170898	-87.109863
10330.554199	-87.621880
10335.937500	-86.613777
10341.320801	-86.231163
10346.704102	-86.010918
10352.087402	-85.711983
10357.470703	-86.278976
10362.854004	-85.818977
10368.237305	-85.657631
10373.620605	-85.693428
10379.003906	-85.879387
10384.387207	-85.490616
10389.770508	-85.165794
10395.153809	-85.852776
10400.537109	-85.682976
10405.920410	-85.398018
10411.303711	-85.242638
10416.687012	-85.547035
10422.070312	-85.648071
10427.453613	-85.489937
10432.836914	-86.050873
10438.220215	-86.109543
10443.603516	-86.204544
10448.986816	-87.236626
10454.370117	-87.604240
10459.753418	-88.094627
10465.136719	-88.327965
10470.520020	-88.461555
10475.903320	-87.753983
10481.286621	-87.418785
10486.669922	-87.783401
10492.053223	-87.506912
10497.436523	-87.379051
10502.819824	-87.228249
10508.203125	-87.445084
10513.586426	-88.249947
10518.969727	-87.961243
10524.353027	-87.817612
10529.736328	-88.179901
10535.119629	-87.391365
10540.502930	-86.691467
10545.886230	-87.738304
10551.269531	-88.723671
10556.652832	-87.931374
10562.036133	-87.636841
10567.419434	-87.589943
10572.802734	-87.253044
10578.186035	-86.940910
10583.569336	-86.126175
10588.952637	-85.978706
10594.335938	-86.191437
10599.719238	-86.081642
10605.102539	-86.204643
10610.485840	-85.887421
10615.869141	-86.067444
10621.252441	-86.455040
10626.635742	-86.722313
10632.019043	-86.045837
10637.402344	-86.088150
10642.785645	-85.534645
10648.168945	-86.146759
10653.552246	-86.168777
10658.935547	-86.248085
10664.318848	-86.212898
10669.702148	-86.279343
10675.085449	-86.428596
10680.468750	-87.480423
10685.852051	-87.215660
10691.235352	-86.963531
10696.618652	-86.766129
10702.001953	-87.005737
10707.385254	-87.499672
10712.768555	-87.919121
10718.151855	-87.071732
10723.535156	-87.039085
10728.918457	-86.802513
10734.301758	-86.605484
10739.685059	-86.630684
10745.068359	-86.749733
10750.451660	-87.070465
10755.834961	-87.524712
10761.218262	-87.869888
10766.601562	-88.103539
10771.984863	-88.068710
10777.368164	-88.679024
10782.751465	-88.769356
10788.134766	-89.542740
10793.518066	-89.457397
10798.901367	-89.206627
10804.284668	-89.068924
10809.667969	-88.540871
10815.051270	-87.979973
10820.434570	-88.194603
10825.817871	-88.970039
10831.201172	-88.581001
10836.584473	-88.276604
10841.967773	-88.292076
10847.351074	-87.694801
10852.734375	-87.776566
10858.117676	-88.283699
10863.500977	-88.256775
10868.884277	-87.612129
10874.267578	-87.694908
10879.650879	-88.387535
10885.034180	-87.834732
10890.417480	-87.151093
10895.800781	-87.006943
10901.184082	-86.493919
10906.567383	-86.159897
10911.950684	-86.265282
10917.333984	-86.242676
10922.717285	-85.946571
10928.100586	-85.132240
10933.483887	-85.454941
10938.867188	-86.083481
10944.250488	-86.274910
10949.633789	-86.608620
10955.017090	-86.409775
10960.400391	-86.749290
10965.783691	-86.857689
10971.166992	-87.206764
10976.550293	-87.178200
10981.933594	-86.844482
10987.316895	-87.273705
10992.700195	-87.306343
10998.083496	-87.330391
11003.466797	-86.737198
11008.850098	-86.415550
11014.233398	-87.146675
11019.616699	-87.098518
11025.000000	-86.774391
11030.383301	-86.758469
11035.766602	-87.322174
11041.149902	-87.826317
11046.533203	-87.978241
11051.916504	-87.829338
11057.299805	-87.690460
11062.683105	-88.289383
11068.066406	-88.400337
11073.449707	-88.441292
11078.833008	-87.861458
11084.216309	-87.776169
11089.599609	-87.649582
11094.982910	-87.281967
11100.366211	-87.798988
11105.749512	-87.828636
11111.132812	-87.428474
11116.516113	-88.172058
11121.899414	-87.639313
11127.282715	-88.368538
11132.666016	-88.161964
11138.049316	-88.475204
11143.432617	-88.347954
11148.815918	-88.490463
11154.199219	-88.885826
11159.582520	-88.718948
11164.965820	-88.923340
11170.349121	-89.455849
11175.732422	-89.425240
11181.115723	-89.066399
11186.499023	-88.991295
11191.882324	-88.637299
11197.265625	-88.979805
11202.648926	-88.524902
11208.032227	-87.764542
11213.415527	-87.824150
11218.798828	-87.699844
11224.182129	-87.063538
11229.565430	-86.976479
11234.948730	-86.977158
11240.332031	-86.884491
11245.715332	-87.160576
11251.098633	-87.188629
11256.481934	-87.230072
11261.865234	-87.054237
11267.248535	-87.301384
11272.631836	-87.096092
11278.015137	-87.042183
11283.398438	-87.263306
11288.781738	-86.887093
11294.165039	-86.833786
11299.548340	-86.929489
11304.931641	-87.384979
11310.314941	-87.126549
11315.698242	-87.338684
11321.081543	-87.690002
11326.464844	-87.921227
11331.848145	-88.296387
11337.231445	-88.557777
11342.614746	-87.703918
11347.998047	-88.029579
11353.381348	-88.268166
11358.764648	-88.193390
11364.147949	-87.578064
11369.531250	-87.434631
11374.914551	-86.937149
11380.297852	-86.484856
11385.681152	-87.030334
11391.064453	-87.247185
11396.447754	-87.269676
11401.831055	-87.046181
11407.214355	-87.310616
11412.597656	-87.433838
11417.980957	-88.021782
11423.364258	-87.567764
11428.747559	-87.336494
11434.130859	-87.977646
11439.514160	-87.522179
11444.897461	-86.900574
11450.280762	-87.265396
11455.664062	-88.053162
11461.047363	-87.860657
11466.430664	-87.409256
11471.813965	-86.472122
11477.197266	-86.406471
11482.580566	-86.899849
11487.963867	-87.561028
11493.347168	-87.389336
11498.730469	-86.974007
11504.113770	-86.875526
11509.497070	-87.390656
11514.880371	-87.703598
11520.263672	-87.775482
11525.646973	-87.612144
11531.030273	-87.704369
11536.413574	-87.905151
11541.796875	-88.178764
11547.180176	-87.440063
11552.563477	-87.443840
11557.946777	-87.282310
11563.330078	-87.250328
11568.713379	-87.127502
11574.096680	-87.546753
11579.479980	-87.529419
11584.863281	-88.229141
11590.246582	-88.395645
11595.629883	-88.324776
11601.013184	-88.550346
11606.396484	-88.109642
11611.779785	-88.506195
11617.163086	-89.086922
11622.546387	-88.424370
11627.929688	-88.582893
11633.312988	-88.676147
11638.696289	-88.789604
11644.079590	-89.139374
11649.462891	-88.762627
11654.846191	-88.413002
11660.229492	-88.502022
11665.612793	-88.946846
11670.996094	-89.183891
11676.379395	-88.932770
11681.762695	-88.874977
11687.145996	-89.316193
11692.529297	-88.818825
11697.912598	-87.917564
11703.295898	-88.668251
11708.679199	-89.001640
11714.062500	-88.909325
11719.445801	-88.543709
11724.829102	-88.627640
11730.212402	-88.790031
11735.595703	-88.789055
11740.979004	-88.225967
11746.362305	-87.849190
11751.745605	-88.229080
11757.128906	-88.351341
11762.512207	-88.167404
11767.895508	-87.838951
11773.278809	-87.775986
11778.662109	-88.006523
11784.045410	-87.385574
11789.428711	-87.441635
11794.812012	-87.614563
11800.195312	-87.297920
11805.578613	-87.055115
11810.961914	-87.581787
11816.345215	-87.920609
11821.728516	-87.423668
11827.111816	-87.450638
11832.495117	-87.542473
11837.878418	-87.118332
11843.261719	-87.691559
11848.645020	-88.003708
11854.028320	-87.844383
11859.411621	-87.852570
11864.794922	-87.721291
11870.178223	-87.491150
11875.561523	-87.720795
11880.944824	-88.029892
11886.328125	-88.140785
11891.711426	-88.204697
11897.094727	-88.435669
11902.478027	-88.361145
11907.861328	-87.976570
11913.244629	-87.101151
11918.627930	-87.146812
11924.011230	-87.208656
11929.394531	-87.772820
11934.777832	-87.898849
11940.161133	-87.663651
11945.544434	-88.134926
11950.927734	-88.599022
11956.311035	-88.618439
11961.694336	-87.851547
11967.077637	-88.076660
11972.460938	-88.235695
11977.844238	-87.869499
11983.227539	-88.678223
11988.610840	-88.547501
11993.994141	-88.306511
11999.377441	-88.265762
12004.760742	-88.106827
12010.144043	-88.555847
12015.527344	-87.596786
12020.910645	-87.805664
12026.293945	-88.279816
12031.677246	-87.432114
12037.060547	-87.323586
12042.443848	-88.067268
12047.827148	-88.559502
12053.210449	-88.640312
12058.593750	-88.834587
12063.977051	-89.255028
12069.360352	-89.515823
12074.743652	-89.396385
12080.126953	-89.622704
12085.510254	-90.134415
12090.893555	-89.977989
12096.276855	-89.604507
12101.660156	-90.217499
12107.043457	-89.341095
12112.426758	-89.126358
12117.810059	-89.052086
12123.193359	-89.639656
12128.576660	-89.146805
12133.959961	-89.142906
12139.343262	-89.469917
12144.726562	-89.159668
12150.109863	-88.390564
12155.493164	-88.259842
12160.876465	-88.409576
12166.259766	-88.654472
12171.643066	-88.516304
12177.026367	-88.454605
12182.409668	-88.787437
12187.792969	-88.976860
12193.176270	-89.190620
12198.559570	-89.187279
12203.942871	-89.366867
12209.326172	-89.485146
12214.709473	-89.359016
12220.092773	-88.873825
12225.476074	-89.248375
12230.859375	-89.450409
12236.242676	-89.341393
12241.625977	-89.442062
12247.009277	-89.346077
12252.392578	-89.657242
12257.775879	-89.476151
12263.159180	-89.924500
12268.542480	-90.547935
12273.925781	-89.895454
12279.309082	-89.888527
12284.692383	-89.833633
12290.075684	-89.743713
12295.458984	-89.671333
12300.842285	-89.581345
12306.225586	-89.311234
12311.608887	-89.805450
12316.992188	-89.872803
12322.375488	-89.764275
12327.758789	-89.440018
12333.142090	-89.412888
12338.525391	-89.700020
12343.908691	-89.487785
12349.291992	-89.429344
12354.675293	-89.101196
12360.058594	-88.997047
12365.441895	-89.301048
12370.825195	-89.108490
12376.208496	-88.908264
12381.591797	-89.092186
12386.975098	-89.135071
12392.358398	-88.904556
12397.741699	-89.663094
12403.125000	-89.657471
12408.508301	-88.956345
12413.891602	-89.370186
12419.274902	-90.224678
12424.658203	-89.900665
12430.041504	-89.176880
12435.424805	-89.159286
12440.808105	-89.510345
12446.191406	-89.180977
12451.574707	-89.409531
12456.958008	-89.784798
12462.341309	-90.309074
12467.724609	-90.431641
12473.107910	-90.364288
12478.491211	-90.169144
12483.874512	-89.793312
12489.257812	-90.002434
12494.641113	-89.962692
12500.024414	-89.483475
12505.407715	-89.707840
12510.791016	-89.758781
12516.174316	-90.125175
12521.557617	-90.416588
12526.940918	-91.028175
12532.324219	-91.093796
12537.707520	-90.385681
12543.090820	-90.838356
12548.474121	-90.553909
12553.857422	-90.622620
12559.240723	-90.581161
12564.624023	-90.459236
12570.007324	-90.107094
12575.390625	-90.424431
12580.773926	-90.282204
12586.157227	-90.040840
12591.540527	-90.919807
12596.923828	-90.968300
12602.307129	-90.964714
12607.690430	-91.160629
12613.073730	-91.216568
12618.457031	-91.550552
12623.840332	-91.400780
12629.223633	-90.772865
12634.606934	-90.684006
12639.990234	-90.584251
12645.373535	-90.139923
12650.756836	-89.785385
12656.140137	-90.545860
12661.523438	-90.762070
12666.906738	-90.557076
12672.290039	-90.517052
12677.673340	-90.489677
12683.056641	-91.261589
12688.439941	-91.497032
12693.823242	-91.585350
12699.206543	-91.156082
12704.589844	-91.093765
12709.973145	-91.281464
12715.356445	-91.201103
12720.739746	-90.754921
12726.123047	-90.958611
12731.506348	-91.042648
12736.889648	-91.413055
12742.272949	-91.310898
12747.656250	-91.568977
12753.039551	-91.478302
12758.422852	-91.533752
12763.806152	-92.183197
12769.189453	-92.388130
12774.572754	-92.203453
12779.956055	-91.655769
12785.339355	-91.332794
12790.722656	-91.921959
12796.105957	-91.575737
12801.489258	-90.765869
12806.872559	-91.421707
12812.255859	-91.347878
12817.639160	-91.501137
12823.022461	-90.992538
12828.405762	-91.026062
12833.789062	-91.451630
12839.172363	-91.850029
12844.555664	-91.933067
12849.938965	-91.858688
12855.322266	-92.408730
12860.705566	-91.731285
12866.088867	-91.360748
12871.472168	-91.603271
12876.855469	-91.222916
12882.238770	-91.905090
12887.622070	-92.067467
12893.005371	-91.828110
12898.388672	-91.645859
12903.771973	-91.914185
12909.155273	-91.903847
12914.538574	-91.689247
12919.921875	-91.817406
12925.305176	-91.765518
12930.688477	-91.994469
12936.071777	-92.348877
12941.455078	-91.618607
12946.838379	-89.947243
12952.221680	-90.478050
12957.604980	-91.304092
12962.988281	-91.705940
12968.371582	-91.532921
12973.754883	-91.394432
12979.138184	-91.393364
12984.521484	-91.395058
12989.904785	-90.950089
12995.288086	-90.867058
13000.671387	-90.997566
13006.054688	-91.213989
13011.437988	-90.650085
13016.821289	-91.177063
13022.204590	-91.680244
13027.587891	-91.254036
13032.971191	-91.350777
13038.354492	-91.852753
13043.737793	-92.425529
13049.121094	-92.429970
13054.504395	-92.153000
13059.887695	-91.546478
13065.270996	-91.506042
13070.654297	-91.650017
13076.037598	-91.557098
13081.420898	-91.805016
13086.804199	-91.645630
13092.187500	-90.895760
13097.570801	-90.554214
13102.954102	-90.474884
13108.337402	-90.171692
13113.720703	-90.990143
13119.104004	-90.615250
13124.487305	-90.666664
13129.870605	-90.598808
13135.253906	-90.079430
13140.637207	-90.429802
13146.020508	-90.030312
13151.403809	-89.941513
13156.787109	-89.954811
13162.170410	-90.165718
13167.553711	-90.556061
13172.937012	-90.602585
13178.320312	-91.304565
13183.703613	-91.556847
13189.086914	-91.419350
13194.470215	-91.147324
13199.853516	-91.553917
13205.236816	-91.801552
13210.620117	-92.007919
13216.003418	-91.568687
13221.386719	-91.610077
13226.770020	-91.700630
13232.153320	-91.576225
13237.536621	-91.587540
13242.919922	-90.271721
13248.303223	-87.026398
13253.686523	-87.967003
13259.069824	-90.589806
13264.453125	-91.590683
13269.836426	-91.753189
13275.219727	-91.858078
13280.603027	-92.384430
13285.986328	-92.284798
13291.369629	-91.925171
13296.752930	-92.491791
13302.136230	-92.179695
13307.519531	-92.608185
13312.902832	-92.757545
13318.286133	-92.509064
13323.669434	-92.412872
13329.052734	-92.460823
13334.436035	-92.914436
13339.819336	-92.448364
13345.202637	-92.331345
13350.585938	-92.140266
13355.969238	-92.522926
13361.352539	-91.852478
13366.735840	-91.871788
13372.119141	-90.919106
13377.502441	-91.313263
13382.885742	-92.098747
13388.269043	-92.002869
13393.652344	-91.712357
13399.035645	-91.381317
13404.418945	-91.489189
13409.802246	-91.670639
13415.185547	-91.698883
13420.568848	-92.039200
13425.952148	-90.878128
13431.335449	-89.531822
13436.718750	-89.431915
13442.102051	-89.467552
13447.485352	-87.627426
13452.868652	-86.219376
13458.251953	-85.596169
13463.635254	-85.887657
13469.018555	-86.140648
13474.401855	-86.888062
13479.785156	-88.438667
13485.168457	-88.658272
13490.551758	-88.630142
13495.935059	-88.904297
13501.318359	-89.235626
13506.701660	-89.900124
13512.084961	-89.555855
13517.468262	-90.145958
13522.851562	-90.246567
13528.234863	-90.619659
13533.618164	-90.435989
13539.001465	-90.255547
13544.384766	-88.073219
13549.768066	-84.141594
13555.151367	-86.183243
13560.534668	-90.939606
13565.917969	-92.307251
13571.301270	-92.516411
13576.684570	-92.670815
13582.067871	-92.393181
13587.451172	-93.074631
13592.834473	-93.034950
13598.217773	-92.554390
13603.601074	-92.798866
13608.984375	-92.444443
13614.367676	-92.528862
13619.750977	-92.144608
13625.134277	-92.366058
13630.517578	-92.324059
13635.900879	-92.404259
13641.284180	-91.657631
13646.667480	-91.901115
13652.050781	-91.466690
13657.434082	-92.192406
13662.817383	-92.162560
13668.200684	-91.664963
13673.583984	-91.633865
13678.967285	-91.825195
13684.350586	-91.683800
13689.733887	-90.600998
13695.117188	-90.010315
13700.500488	-90.329407
13705.883789	-90.435677
13711.267090	-89.747757
13716.650391	-89.992035
13722.033691	-89.958687
13727.416992	-89.457855
13732.800293	-87.934540
13738.183594	-88.150414
13743.566895	-87.352936
13748.950195	-86.340469
13754.333496	-85.284920
13759.716797	-85.275284
13765.100098	-86.370049
13770.483398	-87.034149
13775.866699	-88.056725
13781.250000	-89.637611
13786.633301	-90.075920
13792.016602	-90.756348
13797.399902	-90.704140
13802.783203	-91.151604
13808.166504	-91.759087
13813.549805	-92.000389
13818.933105	-91.533539
13824.316406	-91.613358
13829.699707	-91.824165
13835.083008	-91.532318
13840.466309	-91.207977
13845.849609	-88.886749
13851.232910	-84.684898
13856.616211	-86.587639
13861.999512	-91.557709
13867.382812	-92.356483
13872.766113	-92.280190
13878.149414	-92.378540
13883.532715	-92.337570
13888.916016	-92.577950
13894.299316	-92.901253
13899.682617	-92.907539
13905.065918	-92.867996
13910.449219	-93.244530
13915.832520	-93.287430
13921.215820	-93.225945
13926.599121	-93.978386
13931.982422	-93.477028
13937.365723	-92.699898
13942.749023	-92.614273
13948.132324	-92.715767
13953.515625	-92.794128
13958.898926	-92.483551
13964.282227	-91.914726
13969.665527	-91.707855
13975.048828	-92.062599
13980.432129	-92.166031
13985.815430	-91.748375
13991.198730	-91.494202
13996.582031	-91.726242
14001.965332	-91.791801
14007.348633	-91.974915
14012.731934	-91.918488
14018.115234	-91.366325
14023.498535	-91.143433
14028.881836	-90.973907
14034.265137	-90.553452
14039.648438	-90.191681
14045.031738	-90.363235
14050.415039	-90.595016
14055.798340	-90.559120
14061.181641	-90.520943
14066.564941	-90.750595
14071.948242	-90.807518
14077.331543	-91.044220
14082.714844	-90.982986
14088.098145	-91.690842
14093.481445	-91.793251
14098.864746	-91.491150
14104.248047	-91.989899
14109.631348	-92.262489
14115.014648	-92.537689
14120.397949	-92.626366
14125.781250	-92.563873
14131.164551	-92.774063
14136.547852	-92.792313
14141.931152	-92.935501
14147.314453	-92.324394
14152.697754	-91.759445
14158.081055	-92.468407
14163.464355	-92.917397
14168.847656	-92.874657
14174.230957	-92.876045
14179.614258	-92.899368
14184.997559	-93.417786
14190.380859	-93.294174
14195.764160	-93.229645
14201.147461	-93.328957
14206.530762	-93.374016
14211.914062	-93.740448
14217.297363	-94.086189
14222.680664	-94.357971
14228.063965	-94.271317
14233.447266	-94.233070
14238.830566	-94.748665
14244.213867	-94.627815
14249.597168	-94.584885
14254.980469	-94.556419
14260.363770	-94.646721
14265.747070	-94.464149
14271.130371	-94.607010
14276.513672	-93.965034
14281.896973	-93.425842
14287.280273	-93.554443
14292.663574	-93.575165
14298.046875	-93.646843
14303.430176	-93.725800
14308.813477	-93.964127
14314.196777	-94.077370
14319.580078	-94.113884
14324.963379	-93.479675
14330.346680	-93.123283
14335.729980	-93.098564
14341.113281	-92.914917
14346.496582	-92.956932
14351.879883	-93.123802
14357.263184	-92.806343
14362.646484	-93.116501
14368.029785	-93.562737
14373.413086	-92.957977
14378.796387	-93.312798
14384.179688	-93.548615
14389.562988	-93.864159
14394.946289	-94.337685
14400.329590	-93.546989
14405.712891	-93.467628
14411.096191	-93.965027
14416.479492	-94.411697
14421.862793	-93.860123
14427.246094	-93.856270
14432.629395	-93.641174
14438.012695	-93.557777
14443.395996	-93.477066
14448.779297	-93.502449
14454.162598	-93.282593
14459.545898	-93.470963
14464.929199	-93.689751
14470.312500	-93.989021
14475.695801	-93.639603
14481.079102	-94.135826
14486.462402	-94.698792
14491.845703	-94.918083
14497.229004	-94.352455
14502.612305	-94.159744
14507.995605	-94.410530
14513.378906	-94.296082
14518.762207	-94.198097
14524.145508	-94.222397
14529.528809	-94.295403
14534.912109	-94.512253
14540.295410	-94.993996
14545.678711	-94.913658
14551.062012	-94.425842
14556.445312	-94.783470
14561.828613	-94.525719
14567.211914	-94.254639
14572.595215	-93.896675
14577.978516	-93.396843
14583.361816	-92.780319
14588.745117	-92.970001
14594.128418	-92.866730
14599.511719	-93.042511
14604.895020	-92.955986
14610.278320	-93.280289
14615.661621	-94.294220
14621.044922	-93.861443
14626.428223	-93.454735
14631.811523	-93.252144
14637.194824	-92.861214
14642.578125	-93.063904
14647.961426	-93.055687
14653.344727	-93.049004
14658.728027	-93.057899
14664.111328	-93.094307
14669.494629	-93.510834
14674.877930	-91.685120
14680.261230	-86.804337
14685.644531	-90.110046
14691.027832	-93.388840
14696.411133	-93.531761
14701.794434	-93.433617
14707.177734	-93.030647
14712.561035	-93.150589
14717.944336	-92.637161
14723.327637	-93.078690
14728.710938	-93.099030
14734.094238	-93.311729
14739.477539	-93.255035
14744.860840	-92.881454
14750.244141	-91.811424
14755.627441	-90.814735
14761.010742	-92.873169
14766.394043	-93.644318
14771.777344	-93.354256
14777.160645	-93.208519
14782.543945	-93.564690
14787.927246	-93.446228
14793.310547	-93.645309
14798.693848	-94.057861
14804.077148	-94.397865
14809.460449	-94.164009
14814.843750	-94.268173
14820.227051	-93.516525
14825.610352	-93.314636
14830.993652	-93.761360
14836.376953	-94.070435
14841.760254	-93.474899
14847.143555	-93.571274
14852.526855	-94.023277
14857.910156	-93.663956
14863.293457	-93.709656
14868.676758	-93.773811
14874.060059	-93.997101
14879.443359	-93.803726
14884.826660	-93.585724
14890.209961	-93.743301
14895.593262	-93.644669
14900.976562	-93.887054
14906.359863	-94.042145
14911.743164	-94.305511
14917.126465	-93.895638
14922.509766	-93.994751
14927.893066	-94.309967
14933.276367	-94.794083
14938.659668	-94.314148
14944.042969	-94.257378
14949.426270	-94.312721
14954.809570	-94.333321
14960.192871	-94.248077
14965.576172	-94.874260
14970.959473	-94.309174
14976.342773	-94.140450
14981.726074	-94.161842
14987.109375	-94.553322
14992.492676	-94.538750
14997.875977	-94.412453
15003.259277	-94.471535
15008.642578	-94.191177
15014.025879	-94.082146
15019.409180	-94.882355
15024.792480	-94.727364
15030.175781	-94.250504
15035.559082	-94.900063
15040.942383	-94.564407
15046.325684	-95.066795
15051.708984	-94.673981
15057.092285	-94.232445
15062.475586	-94.995186
15067.858887	-95.096596
15073.242188	-94.912659
15078.625488	-94.833565
15084.008789	-94.718414
15089.392090	-95.035194
15094.775391	-95.756752
15100.158691	-95.599037
15105.541992	-95.082741
15110.925293	-95.150864
15116.308594	-94.487160
15121.691895	-94.884087
15127.075195	-94.226082
15132.458496	-94.014633
15137.841797	-94.212769
15143.225098	-93.694717
15148.608398	-93.989471
15153.991699	-94.142807
15159.375000	-94.358093
15164.758301	-94.557213
15170.141602	-94.668892
15175.524902	-95.227119
15180.908203	-95.040108
15186.291504	-95.404701
15191.674805	-95.424240
15197.058105	-95.463699
15202.441406	-95.023438
15207.824707	-95.084831
15213.208008	-94.936623
15218.591309	-94.560150
15223.974609	-94.885963
15229.357910	-94.431244
15234.741211	-94.422356
15240.124512	-94.018936
15245.507812	-94.097084
15250.891113	-94.375549
15256.274414	-94.081581
15261.657715	-93.445099
15267.041016	-94.186584
15272.424316	-94.969681
15277.807617	-94.925385
15283.190918	-94.937340
15288.574219	-94.923920
15293.957520	-94.466934
15299.340820	-94.538155
15304.724121	-95.566612
15310.107422	-94.971153
15315.490723	-94.928017
15320.874023	-95.026459
15326.257324	-94.475769
15331.640625	-94.544022
15337.023926	-94.843979
15342.407227	-94.890152
15347.790527	-95.189720
15353.173828	-94.826912
15358.557129	-94.517303
15363.940430	-94.246002
15369.323730	-94.634621
15374.707031	-94.361015
15380.090332	-94.470955
15385.473633	-94.806801
15390.856934	-94.722343
15396.240234	-94.147194
15401.623535	-93.992828
15407.006836	-94.114220
15412.390137	-94.503075
15417.773438	-94.710861
15423.156738	-94.388626
15428.540039	-94.037880
15433.923340	-93.944733
15439.306641	-94.551674
15444.689941	-94.233101
15450.073242	-94.462662
15455.456543	-94.539932
15460.839844	-94.810196
15466.223145	-95.005386
15471.606445	-94.802872
15476.989746	-94.604851
15482.373047	-94.397789
15487.756348	-94.781075
15493.139648	-94.314331
15498.522949	-93.947693
15503.906250	-94.293030
15509.289551	-94.602409
15514.672852	-95.020561
15520.056152	-94.970436
15525.439453	-94.888626
15530.822754	-94.635345
15536.206055	-95.254913
15541.589355	-95.264702
15546.972656	-95.129692
15552.355957	-95.283699
15557.739258	-95.191566
15563.122559	-95.504402
15568.505859	-95.553307
15573.889160	-95.481064
15579.272461	-95.081398
15584.655762	-95.430939
15590.039062	-95.682274
15595.422363	-95.984795
15600.805664	-95.937523
15606.188965	-95.339874
15611.572266	-95.542839
15616.955566	-95.460602
15622.338867	-95.912514
15627.722168	-95.584877
15633.105469	-95.293159
15638.488770	-95.140648
15643.872070	-95.185684
15649.255371	-95.126427
15654.638672	-93.867920
15660.021973	-93.790878
15665.405273	-95.046852
15670.788574	-95.277924
15676.171875	-95.099220
15681.555176	-95.570518
15686.938477	-95.072273
15692.321777	-94.579872
15697.705078	-94.909981
15703.088379	-95.039711
15708.471680	-95.150475
15713.854980	-95.045692
15719.238281	-95.529785
15724.621582	-95.947899
15730.004883	-96.203743
15735.388184	-95.941605
15740.771484	-95.810036
15746.154785	-95.567558
15751.538086	-95.973068
15756.921387	-96.467834
15762.304688	-96.213997
15767.687988	-95.731819
15773.071289	-96.024979
15778.454590	-96.719193
15783.837891	-96.268295
15789.221191	-95.659698
15794.604492	-95.983978
15799.987793	-95.646675
15805.371094	-95.763580
15810.754395	-96.087273
15816.137695	-96.511124
15821.520996	-96.434700
15826.904297	-96.071640
15832.287598	-95.923096
15837.670898	-96.449501
15843.054199	-95.868561
15848.437500	-95.709160
15853.820801	-95.610062
15859.204102	-95.813713
15864.587402	-95.442276
15869.970703	-95.556259
15875.354004	-95.560555
15880.737305	-95.425163
15886.120605	-95.477280
15891.503906	-95.027359
15896.887207	-95.042282
15902.270508	-94.902634
15907.653809	-95.025612
15913.037109	-95.419579
15918.420410	-95.480453
15923.803711	-95.551643
15929.187012	-94.976936
15934.570312	-94.699768
15939.953613	-95.071487
15945.336914	-95.430756
15950.720215	-95.071098
15956.103516	-95.024887
15961.486816	-94.994186
15966.870117	-95.465721
15972.253418	-95.165184
15977.636719	-94.873398
15983.020020	-95.201241
15988.403320	-94.871811
15993.786621	-94.952133
15999.169922	-95.606598
16004.553223	-95.651276
16009.936523	-95.765213
16015.319824	-95.843590
16020.703125	-95.525566
16026.086426	-95.602577
16031.469727	-95.918007
16036.853027	-95.893074
16042.236328	-95.360466
16047.619629	-95.451080
16053.002930	-95.250496
16058.386230	-95.930267
16063.769531	-95.754311
16069.152832	-95.582138
16074.536133	-95.568840
16079.919434	-95.743675
16085.302734	-95.948181
16090.686035	-95.808647
16096.069336	-96.109367
16101.452637	-95.814949
16106.835938	-95.543823
16112.219238	-95.566704
16117.602539	-95.366623
16122.985840	-96.014236
16128.369141	-96.276398
16133.752441	-96.085518
16139.135742	-96.146362
16144.519043	-95.705673
16149.902344	-95.261520
16155.285645	-95.821754
16160.668945	-95.781792
16166.052246	-96.074295
16171.435547	-95.910210
16176.818848	-95.754509
16182.202148	-96.246109
16187.585449	-96.065125
16192.968750	-96.193176
16198.352051	-95.947426
16203.735352	-95.620377
16209.118652	-95.890602
16214.501953	-95.809998
16219.885254	-96.659225
16225.268555	-96.418098
16230.651855	-96.580841
16236.035156	-96.223740
16241.418457	-96.399231
16246.801758	-96.023582
16252.185059	-95.249306
16257.568359	-91.309052
16262.951660	-92.247200
16268.334961	-96.108429
16273.718262	-95.810020
16279.101562	-96.015152
16284.484863	-96.007309
16289.868164	-96.281548
16295.251465	-95.850739
16300.634766	-96.347961
16306.018066	-96.698944
16311.401367	-96.496506
16316.784668	-96.612511
16322.167969	-96.006668
16327.551270	-95.961761
16332.934570	-96.782822
16338.317871	-96.503250
16343.701172	-96.135803
16349.084473	-96.192055
16354.467773	-95.823936
16359.851074	-95.976555
16365.234375	-96.345871
16370.617676	-96.389793
16376.000977	-96.242050
16381.384277	-95.819855
16386.767578	-95.475769
16392.150879	-95.494431
16397.534180	-95.807030
16402.917480	-96.482719
16408.300781	-96.438019
16413.684082	-96.017654
16419.067383	-96.421638
16424.450684	-96.185303
16429.833984	-96.385147
16435.217285	-95.801147
16440.600586	-95.631462
16445.983887	-96.148254
16451.367188	-95.889122
16456.750488	-96.102180
16462.133789	-95.815514
16467.517090	-95.235352
16472.900391	-95.408417
16478.283691	-95.254074
16483.666992	-95.392448
16489.050293	-95.695419
16494.433594	-95.941139
16499.816895	-96.312561
16505.200195	-95.635109
16510.583496	-95.722084
16515.966797	-96.829376
16521.350098	-96.615227
16526.733398	-96.665237
16532.116699	-96.366440
16537.500000	-95.969063
16542.883301	-96.385941
16548.266602	-96.069168
16553.649902	-96.432495
16559.033203	-95.126976
16564.416504	-95.512337
16569.799805	-95.930649
16575.183105	-95.927490
16580.566406	-96.750397
16585.949707	-96.521408
16591.333008	-96.409935
16596.716309	-96.854362
16602.099609	-96.563614
16607.482910	-96.543465
16612.866211	-96.801292
16618.249512	-96.872131
16623.632812	-97.138985
16629.016113	-96.814407
16634.399414	-96.519905
16639.782715	-97.049171
16645.166016	-96.852188
16650.549316	-96.884872
16655.932617	-97.093376
16661.315918	-97.177155
16666.699219	-96.806671
16672.082520	-96.886627
16677.465820	-96.534698
16682.849121	-96.291969
16688.232422	-96.682755
16693.615723	-96.289818
16698.999023	-96.701317
16704.382324	-95.861275
16709.765625	-95.427780
16715.148926	-95.813080
16720.532227	-95.880608
16725.915527	-95.646042
16731.298828	-95.685570
16736.682129	-96.412964
16742.065430	-96.562141
16747.448730	-96.505867
16752.832031	-96.405205
16758.215332	-96.443275
16763.598633	-96.128769
16768.981934	-96.707031
16774.365234	-96.526741
16779.748535	-96.723938
16785.131836	-96.811279
16790.515137	-96.920265
16795.898438	-97.019081
16801.281738	-96.559540
16806.665039	-96.628334
16812.048340	-96.919464
16817.431641	-96.856194
16822.814941	-96.447868
16828.198242	-96.035965
16833.581543	-96.325714
16838.964844	-96.223915
16844.348145	-96.108559
16849.731445	-96.581001
16855.114746	-94.535950
16860.498047	-88.078529
16865.881348	-91.352219
16871.264648	-96.355232
16876.647949	-96.593559
16882.031250	-96.815392
16887.414551	-96.683670
16892.797852	-97.137161
16898.181152	-96.863739
16903.564453	-97.017502
16908.947754	-96.774475
16914.331055	-96.857414
16919.714355	-96.832237
16925.097656	-96.939514
16930.480957	-96.702484
16935.864258	-96.482079
16941.247559	-96.740028
16946.630859	-96.629425
16952.014160	-96.906982
16957.397461	-96.759064
16962.780762	-97.312355
16968.164062	-97.147072
16973.547363	-96.070389
16978.930664	-96.230484
16984.313965	-96.821434
16989.697266	-96.518753
16995.080566	-96.880798
17000.463867	-97.107361
17005.847168	-96.536583
17011.230469	-96.735161
17016.613770	-97.068260
17021.997070	-96.640404
17027.380371	-96.464798
17032.763672	-96.387856
17038.146973	-96.703857
17043.530273	-96.213448
17048.913574	-96.619904
17054.296875	-97.081932
17059.680176	-96.680870
17065.063477	-96.698563
17070.446777	-96.081375
17075.830078	-96.091568
17081.213379	-96.454094
17086.596680	-96.311707
17091.979980	-96.669746
17097.363281	-96.696510
17102.746582	-96.424210
17108.129883	-96.808662
17113.513184	-96.879646
17118.896484	-96.583046
17124.279785	-96.991249
17129.663086	-97.197243
17135.046387	-96.962524
17140.429688	-97.019020
17145.812988	-97.206390
17151.196289	-97.424629
17156.579590	-96.381218
17161.962891	-92.875977
17167.346191	-95.523361
17172.729492	-97.266769
17178.112793	-96.879768
17183.496094	-96.963165
17188.879395	-96.943130
17194.262695	-96.480072
17199.645996	-96.150177
17205.029297	-96.333229
17210.412598	-96.155594
17215.795898	-96.499557
17221.179199	-96.629532
17226.562500	-96.974266
17231.945801	-96.674919
17237.329102	-96.744949
17242.712402	-96.836731
17248.095703	-97.081665
17253.479004	-96.914566
17258.862305	-96.523491
17264.245605	-96.322037
17269.628906	-96.981110
17275.012207	-96.851143
17280.395508	-96.343353
17285.778809	-96.427307
17291.162109	-96.504189
17296.545410	-96.602753
17301.928711	-96.351517
17307.312012	-96.482544
17312.695312	-96.120148
17318.078613	-96.016945
17323.461914	-95.915398
17328.845215	-96.013985
17334.228516	-96.680305
17339.611816	-96.768158
17344.995117	-96.407211
17350.378418	-96.860115
17355.761719	-96.863976
17361.145020	-96.149750
17366.528320	-96.561440
17371.911621	-96.771317
17377.294922	-96.499611
17382.678223	-96.874237
17388.061523	-96.494850
17393.444824	-96.001991
17398.828125	-96.511497
17404.211426	-96.999535
17409.594727	-96.809662
17414.978027	-97.075829
17420.361328	-96.808601
17425.744629	-97.001923
17431.127930	-97.209557
17436.511230	-96.823074
17441.894531	-97.072403
17447.277832	-96.780457
17452.661133	-96.949081
17458.044434	-95.370445
17463.427734	-92.251747
17468.811035	-95.412048
17474.194336	-96.308624
17479.577637	-96.522919
17484.960938	-97.057968
17490.344238	-96.779160
17495.727539	-96.807098
17501.110840	-97.241463
17506.494141	-97.040543
17511.877441	-97.010719
17517.260742	-96.853630
17522.644043	-96.871292
17528.027344	-97.173233
17533.410645	-97.191757
17538.793945	-96.556541
17544.177246	-96.351479
17549.560547	-95.977554
17554.943848	-97.055931
17560.327148	-96.999779
17565.710449	-96.928116
17571.093750	-96.510468
17576.477051	-96.279472
17581.860352	-96.590141
17587.243652	-97.108139
17592.626953	-97.219337
17598.010254	-96.898048
17603.393555	-97.013000
17608.776855	-97.089638
17614.160156	-96.366570
17619.543457	-96.698502
17624.926758	-97.065247
17630.310059	-97.077324
17635.693359	-96.894493
17641.076660	-97.126160
17646.459961	-96.305817
17651.843262	-96.428108
17657.226562	-96.847076
17662.609863	-96.485832
17667.993164	-97.016609
17673.376465	-97.077774
17678.759766	-96.531441
17684.143066	-96.022682
17689.526367	-95.799911
17694.909668	-96.280701
17700.292969	-96.438713
17705.676270	-96.757706
17711.059570	-97.390587
17716.442871	-96.951401
17721.826172	-96.576347
17727.209473	-96.564705
17732.592773	-96.592407
17737.976074	-96.179878
17743.359375	-95.908638
17748.742676	-95.729378
17754.125977	-95.936127
17759.509277	-95.634331
17764.892578	-94.712410
17770.275879	-95.855675
17775.659180	-97.212410
17781.042480	-97.436806
17786.425781	-97.586746
17791.809082	-97.358963
17797.192383	-97.524590
17802.575684	-97.358307
17807.958984	-96.938599
17813.342285	-97.438774
17818.725586	-97.526634
17824.108887	-96.657150
17829.492188	-96.706833
17834.875488	-96.657700
17840.258789	-97.085846
17845.642090	-96.966248
17851.025391	-96.579872
17856.408691	-97.183403
17861.791992	-97.233139
17867.175293	-97.362160
17872.558594	-96.319023
17877.941895	-96.843475
17883.325195	-97.271217
17888.708496	-96.797615
17894.091797	-96.628380
17899.475098	-97.153786
17904.858398	-97.241432
17910.241699	-97.208519
17915.625000	-96.785110
17921.008301	-96.800682
17926.391602	-96.973503
17931.774902	-97.022514
17937.158203	-97.367935
17942.541504	-97.132652
17947.924805	-97.000336
17953.308105	-96.646172
17958.691406	-96.394783
17964.074707	-96.608879
17969.458008	-96.928528
17974.841309	-96.761703
17980.224609	-96.287727
17985.607910	-96.112335
17990.991211	-96.011574
17996.374512	-95.806511
18001.757812	-95.583221
18007.141113	-95.266609
18012.524414	-95.971321
18017.907715	-96.376755
18023.291016	-95.623817
18028.674316	-95.516930
18034.057617	-96.018288
18039.440918	-94.954468
18044.824219	-95.329109
18050.207520	-95.797676
18055.590820	-95.675461
18060.974121	-87.280739
18066.357422	-83.698288
18071.740723	-92.429192
18077.124023	-97.003723
18082.507324	-97.094826
18087.890625	-96.917984
18093.273926	-96.919991
18098.657227	-97.198433
18104.040527	-97.134308
18109.423828	-97.057350
18114.807129	-97.392555
18120.190430	-97.086342
18125.573730	-97.190140
18130.957031	-97.113487
18136.340332	-97.184860
18141.723633	-96.534645
18147.106934	-96.900345
18152.490234	-97.289726
18157.873535	-97.110535
18163.256836	-96.850784
18168.640137	-97.323845
18174.023438	-96.990356
18179.406738	-96.973877
18184.790039	-97.139076
18190.173340	-97.153725
18195.556641	-96.916069
18200.939941	-96.967728
18206.323242	-96.545525
18211.706543	-96.522003
18217.089844	-97.117401
18222.473145	-97.050560
18227.856445	-96.825577
18233.239746	-96.941750
18238.623047	-97.083153
18244.006348	-96.756203
18249.389648	-96.233170
18254.772949	-96.135117
18260.156250	-96.169685
18265.539551	-96.157547
18270.922852	-96.183456
18276.306152	-95.880211
18281.689453	-95.885315
18287.072754	-96.077713
18292.456055	-96.229790
18297.839355	-96.533943
18303.222656	-95.784195
18308.605957	-96.180099
18313.989258	-96.471695
18319.372559	-96.185371
18324.755859	-96.315849
18330.139160	-96.634285
18335.522461	-96.570114
18340.905762	-96.181549
18346.289062	-95.662392
18351.672363	-96.494804
18357.055664	-96.309357
18362.438965	-93.737930
18367.822266	-92.372276
18373.205566	-95.737732
18378.588867	-95.781906
18383.972168	-96.041512
18389.355469	-95.655846
18394.738770	-95.818352
18400.122070	-96.020370
18405.505371	-95.743713
18410.888672	-95.932869
18416.271973	-95.860329
18421.655273	-96.345657
18427.038574	-96.629295
18432.421875	-96.469772
18437.805176	-95.852554
18443.188477	-96.626556
18448.571777	-96.508522
18453.955078	-96.398720
18459.338379	-96.485413
18464.721680	-96.070587
18470.104980	-95.891891
18475.488281	-96.512245
18480.871582	-96.778816
18486.254883	-96.908516
18491.638184	-96.725761
18497.021484	-96.866959
18502.404785	-96.567657
18507.788086	-96.738495
18513.171387	-96.727501
18518.554688	-96.949387
18523.937988	-97.249428
18529.321289	-97.107643
18534.704590	-97.045349
18540.087891	-96.694550
18545.471191	-96.882095
18550.854492	-96.734489
18556.237793	-96.531265
18561.621094	-96.906425
18567.004395	-96.200150
18572.387695	-96.646744
18577.770996	-97.186310
18583.154297	-97.355873
18588.537598	-96.838341
18593.920898	-96.802193
18599.304199	-97.112160
18604.687500	-97.231102
18610.070801	-97.447731
18615.454102	-96.365112
18620.837402	-96.602478
18626.220703	-96.942139
18631.604004	-96.865372
18636.987305	-96.921944
18642.370605	-96.787140
18647.753906	-96.686852
18653.137207	-96.365990
18658.520508	-95.986061
18663.903809	-90.031731
18669.287109	-89.176987
18674.670410	-95.489052
18680.053711	-96.416916
18685.437012	-96.807297
18690.820312	-97.062630
18696.203613	-96.539284
18701.586914	-96.047546
18706.970215	-96.635567
18712.353516	-96.703613
18717.736816	-96.434517
18723.120117	-96.176407
18728.503418	-96.222237
18733.886719	-96.748093
18739.270020	-97.208672
18744.653320	-96.720566
18750.036621	-96.457954
18755.419922	-96.924095
18760.803223	-97.181229
18766.186523	-97.133682
18771.569824	-96.320435
18776.953125	-96.155205
18782.336426	-96.537918
18787.719727	-96.275284
18793.103027	-97.128731
18798.486328	-97.797714
18803.869629	-96.841484
18809.252930	-96.449715
18814.636230	-96.776825
18820.019531	-96.524292
18825.402832	-96.481171
18830.786133	-97.074013
18836.169434	-97.079735
18841.552734	-97.024422
18846.936035	-97.063965
18852.319336	-97.216171
18857.702637	-97.144783
18863.085938	-96.931160
18868.469238	-96.701195
18873.852539	-96.909615
18879.235840	-97.140808
18884.619141	-97.303711
18890.002441	-97.299393
18895.385742	-97.202950
18900.769043	-95.995102
18906.152344	-95.545074
18911.535645	-96.111099
18916.918945	-96.621506
18922.302246	-96.425087
18927.685547	-96.274750
18933.068848	-96.244194
18938.452148	-96.605637
18943.835449	-97.215851
18949.218750	-96.986122
18954.602051	-96.035568
18959.985352	-96.036079
18965.368652	-93.830704
18970.751953	-94.004829
18976.135254	-96.461006
18981.518555	-97.105507
18986.901855	-97.189667
18992.285156	-97.028297
18997.668457	-96.625038
19003.051758	-96.040268
19008.435059	-96.149643
19013.818359	-97.034348
19019.201660	-96.864983
19024.584961	-96.718559
19029.968262	-96.444054
19035.351562	-96.650818
19040.734863	-96.390381
19046.118164	-96.262695
19051.501465	-96.537819
19056.884766	-96.414116
19062.268066	-96.553566
19067.651367	-97.178047
19073.034668	-97.523499
19078.417969	-97.470421
19083.801270	-96.752724
19089.184570	-96.567833
19094.567871	-96.767410
19099.951172	-96.541496
19105.334473	-96.612450
19110.717773	-96.272896
19116.101074	-96.210358
19121.484375	-96.195999
19126.867676	-96.495819
19132.250977	-96.248474
19137.634277	-95.885193
19143.017578	-95.804451
19148.400879	-96.274521
19153.784180	-96.561478
19159.167480	-96.495972
19164.550781	-96.632019
19169.934082	-96.336296
19175.317383	-96.304771
19180.700684	-96.528732
19186.083984	-96.694580
19191.467285	-96.599915
19196.850586	-96.399544
19202.233887	-96.477173
19207.617188	-96.429329
19213.000488	-96.405769
19218.383789	-95.927895
19223.767090	-96.089188
19229.150391	-96.766846
19234.533691	-96.701210
19239.916992	-96.554855
19245.300293	-96.580917
19250.683594	-96.850021
19256.066895	-96.704117
19261.450195	-96.198372
19266.833496	-93.988426
19272.216797	-94.996300
19277.600098	-96.882561
19282.983398	-96.751083
19288.366699	-96.925873
19293.750000	-96.791061
19299.133301	-96.820175
19304.516602	-97.079659
19309.899902	-96.683891
19315.283203	-96.741783
19320.666504	-96.583664
19326.049805	-96.756287
19331.433105	-97.335991
19336.816406	-97.059586
19342.199707	-97.069099
19347.583008	-97.201324
19352.966309	-97.552513
19358.349609	-97.140160
19363.732910	-97.698044
19369.116211	-97.399628
19374.499512	-97.267014
19379.882812	-97.221817
19385.266113	-97.606369
19390.649414	-97.615120
19396.032715	-97.614342
19401.416016	-97.241074
19406.799316	-97.465347
19412.182617	-97.873932
19417.565918	-97.817734
19422.949219	-97.656769
19428.332520	-96.972481
19433.715820	-96.691269
19439.099121	-97.022980
19444.482422	-97.387291
19449.865723	-97.183952
19455.249023	-97.397606
19460.632324	-97.574966
19466.015625	-97.409393
19471.398926	-97.302773
19476.782227	-97.482964
19482.165527	-97.243164
19487.548828	-97.534042
19492.932129	-97.314301
19498.315430	-97.302673
19503.698730	-97.215981
19509.082031	-97.207108
19514.465332	-97.424500
19519.848633	-97.516289
19525.231934	-97.278763
19530.615234	-97.089165
19535.998535	-97.115791
19541.381836	-97.111076
19546.765137	-96.751289
19552.148438	-97.104866
19557.531738	-97.320534
19562.915039	-96.862915
19568.298340	-95.458939
19573.681641	-95.826035
19579.064941	-96.480484
19584.448242	-97.276466
19589.831543	-97.079857
19595.214844	-97.034660
19600.598145	-97.111908
19605.981445	-96.985046
19611.364746	-97.279816
19616.748047	-97.596916
19622.131348	-97.485420
19627.514648	-97.239464
19632.897949	-97.415565
19638.281250	-97.557014
19643.664551	-97.236572
19649.047852	-97.593132
19654.431152	-97.600166
19659.814453	-97.370850
19665.197754	-97.130760
19670.581055	-97.208755
19675.964355	-97.681770
19681.347656	-97.614090
19686.730957	-97.470848
19692.114258	-96.644791
19697.497559	-97.090797
19702.880859	-97.571831
19708.264160	-97.064659
19713.647461	-97.074753
19719.030762	-96.732742
19724.414062	-96.732361
19729.797363	-97.243446
19735.180664	-97.505127
19740.563965	-97.173630
19745.947266	-96.882469
19751.330566	-97.282005
19756.713867	-97.701576
19762.097168	-97.465416
19767.480469	-97.111542
19772.863770	-97.499687
19778.247070	-97.507683
19783.630371	-97.651047
19789.013672	-97.326111
19794.396973	-97.471886
19799.780273	-97.755966
19805.163574	-96.421928
19810.546875	-96.498924
19815.930176	-97.341377
19821.313477	-97.353920
19826.696777	-97.266846
19832.080078	-97.002281
19837.463379	-97.255692
19842.846680	-97.371132
19848.229980	-97.027985
19853.613281	-97.467148
19858.996582	-97.287231
19864.379883	-96.291626
19869.763184	-93.034981
19875.146484	-95.081520
19880.529785	-97.281265
19885.913086	-97.567680
19891.296387	-97.856354
19896.679688	-97.865013
19902.062988	-97.626358
19907.446289	-97.037338
19912.829590	-97.211510
19918.212891	-97.308823
19923.596191	-97.568352
19928.979492	-97.744789
19934.362793	-97.684166
19939.746094	-98.169098
19945.129395	-97.844208
19950.512695	-97.252419
19955.895996	-97.358398
19961.279297	-97.320236
19966.662598	-97.372002
19972.045898	-97.535629
19977.429199	-97.765152
19982.812500	-97.046097
19988.195801	-97.007370
19993.579102	-96.770241
19998.962402	-97.294334
20004.345703	-98.084000
20009.729004	-97.670555
20015.112305	-97.545677
20020.495605	-97.477386
20025.878906	-97.815910
20031.262207	-98.352020
20036.645508	-97.676712
20042.028809	-97.413002
20047.412109	-97.803513
20052.795410	-97.607353
20058.178711	-97.539833
20063.562012	-97.755386
20068.945312	-98.231964
20074.328613	-97.330673
20079.711914	-97.925827
20085.095215	-97.612045
20090.478516	-97.518661
20095.861816	-97.463570
20101.245117	-98.083481
20106.628418	-97.975670
20112.011719	-97.604271
20117.395020	-97.323112
20122.778320	-97.945717
20128.161621	-98.022224
20133.544922	-97.780495
20138.928223	-97.994736
20144.311523	-97.415039
20149.694824	-97.910934
20155.078125	-97.966431
20160.461426	-97.488701
20165.844727	-97.293640
20171.228027	-97.355331
20176.611328	-97.637070
20181.994629	-97.497208
20187.377930	-97.885986
20192.761230	-97.645226
20198.144531	-97.847687
20203.527832	-98.176331
20208.911133	-98.378166
20214.294434	-98.202332
20219.677734	-97.546692
20225.061035	-98.007271
20230.444336	-97.806427
20235.827637	-98.305519
20241.210938	-98.239189
20246.594238	-98.300560
20251.977539	-97.905663
20257.360840	-98.645027
20262.744141	-98.451210
20268.127441	-98.169617
20273.510742	-98.151756
20278.894043	-98.515930
20284.277344	-98.364738
20289.660645	-98.551102
20295.043945	-98.491417
20300.427246	-98.712395
20305.810547	-98.600952
20311.193848	-98.552948
20316.577148	-98.609108
20321.960449	-98.626450
20327.343750	-98.574341
20332.727051	-98.100197
20338.110352	-98.218056
20343.493652	-98.152733
20348.876953	-97.949280
20354.260254	-98.578918
20359.643555	-98.517776
20365.026855	-98.636581
20370.410156	-98.662743
20375.793457	-99.093132
20381.176758	-98.780548
20386.560059	-98.387291
20391.943359	-99.139259
20397.326660	-98.716095
20402.709961	-98.554794
20408.093262	-98.635651
20413.476562	-98.860672
20418.859863	-98.872719
20424.243164	-99.068039
20429.626465	-98.720863
20435.009766	-98.479935
20440.393066	-99.125748
20445.776367	-99.332619
20451.159668	-99.447937
20456.542969	-99.431068
20461.926270	-99.019669
20467.309570	-98.319099
20472.692871	-96.320023
20478.076172	-98.253235
20483.459473	-98.954071
20488.842773	-99.170799
20494.226074	-99.747269
20499.609375	-99.750961
20504.992676	-99.980179
20510.375977	-99.782745
20515.759277	-99.496407
20521.142578	-99.510033
20526.525879	-99.351402
20531.909180	-99.169662
20537.292480	-99.753860
20542.675781	-100.006630
20548.059082	-100.649437
20553.442383	-100.481903
20558.825684	-100.513031
20564.208984	-100.662575
20569.592285	-101.007988
20574.975586	-100.517090
20580.358887	-100.088959
20585.742188	-100.693054
20591.125488	-100.672935
20596.508789	-101.154915
20601.892090	-101.528595
20607.275391	-101.637253
20612.658691	-100.920471
20618.041992	-100.953819
20623.425293	-101.248886
20628.808594	-101.406464
20634.191895	-101.848289
20639.575195	-101.624779
20644.958496	-101.512878
20650.341797	-101.501762
20655.725098	-101.371674
20661.108398	-101.836998
20666.491699	-102.202972
20671.875000	-102.660858
20677.258301	-102.245781
20682.641602	-102.422119
20688.024902	-102.494911
20693.408203	-103.436440
20698.791504	-103.204933
20704.174805	-103.428200
20709.558105	-103.284431
20714.941406	-103.598457
20720.324707	-103.692192
20725.708008	-103.463547
20731.091309	-104.191101
20736.474609	-104.226250
20741.857910	-104.059036
20747.241211	-104.493141
20752.624512	-104.694756
20758.007812	-104.625839
20763.391113	-104.489151
20768.774414	-104.230843
20774.157715	-102.962616
20779.541016	-104.211288
20784.924316	-104.813309
20790.307617	-104.445091
20795.690918	-104.943619
20801.074219	-105.313751
20806.457520	-105.564964
20811.840820	-105.569611
20817.224121	-105.576355
20822.607422	-105.577469
20827.990723	-106.108238
20833.374023	-105.878311
20838.757324	-106.363678
20844.140625	-106.979057
20849.523926	-107.273331
20854.907227	-107.372025
20860.290527	-106.526505
20865.673828	-107.469223
20871.057129	-107.550613
20876.440430	-107.359451
20881.823730	-107.552032
20887.207031	-107.869461
20892.590332	-108.433655
20897.973633	-108.683884
20903.356934	-109.010017
20908.740234	-108.922676
20914.123535	-108.905533
20919.506836	-108.874741
20924.890137	-108.392311
20930.273438	-108.873230
20935.656738	-108.981583
20941.040039	-109.415573
20946.423340	-109.890289
20951.806641	-110.023102
20957.189941	-110.572044
20962.573242	-110.730827
20967.956543	-111.132324
20973.339844	-111.534721
20978.723145	-110.922585
20984.106445	-110.529816
20989.489746	-111.213440
20994.873047	-111.476898
21000.256348	-111.671875
21005.639648	-112.315231
21011.022949	-112.215370
21016.406250	-112.511528
21021.789551	-112.300919
21027.172852	-113.681084
21032.556152	-113.760345
21037.939453	-113.484352
21043.322754	-114.319397
21048.706055	-113.805458
21054.089355	-114.186974
21059.472656	-114.015457
21064.855957	-114.459747
21070.239258	-114.974197
21075.622559	-114.397667
21081.005859	-114.650017
21086.389160	-115.353371
21091.772461	-115.586220
21097.155762	-116.419373
21102.539062	-116.050400
21107.922363	-115.610298
21113.305664	-117.226067
21118.688965	-116.634926
21124.072266	-117.063950
21129.455566	-117.407501
21134.838867	-117.792274
21140.222168	-117.847237
21145.605469	-117.921997
21150.988770	-118.134926
21156.372070	-118.450745
21161.755371	-117.939194
21167.138672	-118.089897
21172.521973	-119.078888
21177.905273	-118.644417
21183.288574	-118.615120
21188.671875	-118.866783
21194.055176	-119.429771
21199.438477	-119.635857
21204.821777	-119.511307
21210.205078	-119.698219
21215.588379	-119.667038
21220.971680	-120.047142
21226.354980	-119.912605
21231.738281	-120.463959
21237.121582	-120.514053
21242.504883	-120.106003
21247.888184	-120.534554
21253.271484	-120.466042
21258.654785	-121.019844
21264.038086	-120.801323
21269.421387	-121.031082
21274.804688	-121.113403
21280.187988	-120.884804
21285.571289	-121.354301
21290.954590	-121.131676
21296.337891	-121.368355
21301.721191	-121.537064
21307.104492	-121.485992
21312.487793	-121.499115
21317.871094	-121.566948
21323.254395	-121.717659
21328.637695	-121.527145
21334.020996	-121.640366
21339.404297	-121.869164
21344.787598	-121.810760
21350.170898	-121.700844
21355.554199	-122.072746
21360.937500	-121.667648
21366.320801	-121.804192
21371.704102	-121.875877
21377.087402	-122.008720
21382.470703	-121.905113
21387.854004	-121.880844
21393.237305	-121.905991
21398.620605	-121.993095
21404.003906	-121.894279
21409.387207	-121.974968
21414.770508	-122.042091
21420.153809	-121.934242
21425.537109	-121.991180
21430.920410	-121.989227
21436.303711	-122.017723
21441.687012	-121.991180
21447.070312	-122.025139
21452.453613	-121.969933
21457.836914	-122.000648
21463.220215	-122.053528
21468.603516	-122.015305
21473.986816	-122.018417
21479.370117	-122.058098
21484.753418	-122.024414
21490.136719	-122.014946
21495.520020	-122.042267
21500.903320	-122.025978
21506.286621	-122.038132
21511.669922	-122.022217
21517.053223	-122.056778
21522.436523	-122.013374
21527.819824	-122.058556
21533.203125	-122.031349
21538.586426	-122.045288
21543.969727	-122.031006
21549.353027	-122.039597
21554.736328	-122.044426
21560.119629	-122.033859
21565.502930	-122.045715
21570.886230	-122.030762
21576.269531	-122.050850
21581.652832	-122.033333
21587.036133	-122.049843
21592.419434	-122.037064
21597.802734	-122.040245
21603.186035	-122.040245
21608.569336	-122.044571
21613.952637	-122.046341
21619.335938	-122.035179
21624.719238	-122.048218
21630.102539	-122.041183
21635.485840	-122.041763
21640.869141	-122.044243
21646.252441	-122.043625
21651.635742	-122.040398
21657.019043	-122.046570
21662.402344	-122.042763
21667.785645	-122.042000
21673.168945	-122.044998
21678.552246	-122.043198
21683.935547	-122.043457
21689.318848	-122.045395
21694.702148	-122.042984
21700.085449	-122.044449
21705.468750	-122.044373
21710.852051	-122.044510
21716.235352	-122.043869
21721.618652	-122.044708
21727.001953	-122.044472
21732.385254	-122.044647
21737.768555	-122.044876
21743.151855	-122.044739
21748.535156	-122.045380
21753.918457	-122.044754
21759.301758	-122.045013
21764.685059	-122.045456
21770.068359	-122.045166
21775.451660	-122.045326
21780.834961	-122.045357
21786.218262	-122.045723
21791.601562	-122.045479
21796.984863	-122.045753
21802.368164	-122.045555
21807.751465	-122.045601
21813.134766	-122.045807
21818.518066	-122.045891
21823.901367	-122.045898
21829.284668	-122.045990
21834.667969	-122.045898
21840.051270	-122.046043
21845.434570	-122.046272
21850.817871	-122.046158
21856.201172	-122.046204
21861.584473	-122.046417
21866.967773	-122.046097
21872.351074	-122.046371
21877.734375	-122.046425
21883.117676	-122.046501
21888.500977	-122.046394
21893.884277	-122.046562
21899.267578	-122.046730
21904.650879	-122.046829
21910.034180	-122.046715
21915.417480	-122.046600
21920.800781	-122.046638
21926.184082	-122.047134
21931.567383	-122.046906
21936.950684	-122.046883
21942.333984	-122.047028
21947.717285	-122.046799
21953.100586	-122.047005
21958.483887	-122.047302
21963.867188	-122.046646
21969.250488	-122.046844
21974.633789	-122.047356
21980.017090	-122.047295
21985.400391	-122.046875
21990.783691	-122.046951
21996.166992	-122.047440
22001.550293	-122.047073
22006.933594	-122.047195
22012.316895	-122.047157
22017.700195	-122.047188
22023.083496	-122.047081
22028.466797	-122.047134
22033.850098	-122.047165
22039.233398	-122.047180
22044.616699	-122.047195
