Frequency (Hz)	Level (dB)
5.383301	-91.888924
10.766602	-87.666306
16.149902	-76.558800
21.533203	-68.120186
26.916504	-60.797840
32.299805	-60.851559
37.683105	-51.502701
43.066406	-44.922539
48.449707	-51.011379
53.833008	-57.797173
59.216309	-57.391178
64.599609	-57.947155
69.982910	-59.835045
75.366211	-60.648827
80.749512	-57.758995
86.132812	-54.536690
91.516113	-59.561947
96.899414	-62.973400
102.282715	-62.253250
107.666016	-60.677940
113.049316	-60.342140
118.432617	-59.525539
123.815918	-58.102654
129.199219	-58.253883
134.582520	-62.291267
139.965820	-67.182823
145.349121	-67.159004
150.732422	-65.662216
156.115723	-67.659042
161.499023	-69.834511
166.882324	-68.949791
172.265625	-67.950485
177.648926	-69.465034
183.032227	-72.443703
188.415527	-73.172546
193.798828	-73.810463
199.182129	-74.009811
204.565430	-73.237190
209.948730	-71.402702
215.332031	-72.535973
220.715332	-73.549042
226.098633	-71.020195
231.481934	-68.077454
236.865234	-68.618820
242.248535	-68.265648
247.631836	-67.393379
253.015137	-63.798977
258.398438	-61.204895
263.781738	-63.258148
269.165039	-72.484581
274.548340	-73.967438
279.931641	-75.688393
285.314941	-75.876564
290.698242	-75.065315
296.081543	-73.723045
301.464844	-71.024567
306.848145	-71.474754
312.231445	-72.067200
317.614746	-69.636665
322.998047	-67.194496
328.381348	-71.726662
333.764648	-73.911217
339.147949	-73.375702
344.531250	-73.434250
349.914551	-73.718338
355.297852	-76.373016
360.681152	-76.824486
366.064453	-76.164764
371.447754	-76.574303
376.831055	-75.057487
382.214355	-75.945808
387.597656	-77.384094
392.980957	-77.194862
398.364258	-74.779396
403.747559	-74.602768
409.130859	-73.589951
414.514160	-72.894455
419.897461	-73.123116
425.280762	-72.718582
430.664062	-72.855606
436.047363	-73.371147
441.430664	-74.708519
446.813965	-75.457573
452.197266	-77.120712
457.580566	-77.496315
462.963867	-75.859634
468.347168	-75.627083
473.730469	-75.372467
479.113770	-76.299454
484.497070	-76.609192
489.880371	-77.208702
495.263672	-76.569809
500.646973	-74.527481
506.030273	-73.831207
511.413574	-74.666580
516.796875	-74.679558
522.180176	-74.907974
527.563477	-74.071190
532.946777	-73.686340
538.330078	-72.300522
543.713379	-72.758636
549.096680	-73.182884
554.479980	-73.412201
559.863281	-73.742920
565.246582	-73.967735
570.629883	-75.245201
576.013184	-75.658775
581.396484	-75.149712
586.779785	-74.696167
592.163086	-74.953339
597.546387	-75.392387
602.929688	-74.279137
608.312988	-74.334892
613.696289	-75.603462
619.079590	-75.835091
624.462891	-75.388832
629.846191	-75.084999
635.229492	-76.770935
640.612793	-76.595726
645.996094	-76.948425
651.379395	-79.182762
656.762695	-79.597214
662.145996	-78.127464
667.529297	-77.187752
672.912598	-79.704811
678.295898	-80.526924
683.679199	-82.063293
689.062500	-82.271774
694.445801	-82.560440
699.829102	-82.939728
705.212402	-83.784737
710.595703	-83.733749
715.979004	-84.369354
721.362305	-83.901291
726.745605	-83.765442
732.128906	-83.415466
737.512207	-82.953163
742.895508	-82.794937
748.278809	-82.590889
753.662109	-83.473587
759.045410	-82.914925
764.428711	-80.532516
769.812012	-79.776306
775.195312	-78.630470
780.578613	-78.206909
785.961914	-77.514297
791.345215	-79.491592
796.728516	-79.551186
802.111816	-78.668144
807.495117	-79.048660
812.878418	-80.311569
818.261719	-78.272079
823.645020	-77.233574
829.028320	-78.983147
834.411621	-79.504837
839.794922	-79.493271
845.178223	-79.417534
850.561523	-79.963547
855.944824	-80.613571
861.328125	-81.178864
866.711426	-81.606155
872.094727	-82.662766
877.478027	-83.542282
882.861328	-82.640129
888.244629	-81.987274
893.627930	-82.230499
899.011230	-83.035278
904.394531	-82.128525
909.777832	-82.569977
915.161133	-83.819221
920.544434	-83.518776
925.927734	-82.552521
931.311035	-81.597023
936.694336	-81.596718
942.077637	-81.897881
947.460938	-82.680397
952.844238	-83.287590
958.227539	-84.848793
963.610840	-85.265869
968.994141	-85.020927
974.377441	-84.081734
979.760742	-84.015816
985.144043	-84.094635
990.527344	-83.607742
995.910645	-82.318184
1001.293945	-81.776703
1006.677246	-82.765465
1012.060547	-83.680740
1017.443848	-84.400070
1022.827148	-84.836189
1028.210449	-84.450615
1033.593750	-85.354866
1038.977051	-85.682106
1044.360352	-85.413376
1049.743652	-84.701027
1055.126953	-84.584473
1060.510254	-84.305298
1065.893555	-84.095245
1071.276855	-83.591209
1076.660156	-84.727654
1082.043457	-85.447502
1087.426758	-85.692230
1092.810059	-85.799973
1098.193359	-84.470596
1103.576660	-84.087540
1108.959961	-83.176109
1114.343262	-84.090561
1119.726562	-84.178864
1125.109863	-84.016029
1130.493164	-84.841537
1135.876465	-85.572914
1141.259766	-85.833374
1146.643066	-85.820374
1152.026367	-85.625824
1157.409668	-85.968864
1162.792969	-86.232193
1168.176270	-87.366768
1173.559570	-87.553589
1178.942871	-87.418808
1184.326172	-87.068016
1189.709473	-86.552338
1195.092773	-86.521530
1200.476074	-86.814034
1205.859375	-87.175308
1211.242676	-86.275009
1216.625977	-86.531975
1222.009277	-86.653358
1227.392578	-86.308929
1232.775879	-87.593964
1238.159180	-88.166977
1243.542480	-87.464165
1248.925781	-87.431221
1254.309082	-87.436554
1259.692383	-88.318718
1265.075684	-88.305992
1270.458984	-88.905212
1275.842285	-89.369766
1281.225586	-89.026077
1286.608887	-89.507233
1291.992188	-88.457535
1297.375488	-88.398521
1302.758789	-88.563194
1308.142090	-89.510696
1313.525391	-89.581169
1318.908691	-89.609970
1324.291992	-90.177361
1329.675293	-89.831192
1335.058594	-89.232895
1340.441895	-89.407188
1345.825195	-89.266670
1351.208496	-89.715668
1356.591797	-90.293488
1361.975098	-89.697693
1367.358398	-89.335556
1372.741699	-89.208412
1378.125000	-88.698395
1383.508301	-88.020485
1388.891602	-88.536125
1394.274902	-88.673500
1399.658203	-88.916649
1405.041504	-89.541100
1410.424805	-89.473015
1415.808105	-89.736412
1421.191406	-90.208618
1426.574707	-89.682823
1431.958008	-89.876122
1437.341309	-89.695580
1442.724609	-90.121246
1448.107910	-90.360519
1453.491211	-90.214485
1458.874512	-90.165955
1464.257812	-90.021873
1469.641113	-90.810066
1475.024414	-90.093971
1480.407715	-89.150635
1485.791016	-89.211517
1491.174316	-89.086678
1496.557617	-88.925957
1501.940918	-89.002197
1507.324219	-89.005692
1512.707520	-88.848846
1518.090820	-87.858589
1523.474121	-87.264839
1528.857422	-86.184090
1534.240723	-85.952888
1539.624023	-86.726257
1545.007324	-86.769226
1550.390625	-87.227783
1555.773926	-88.618584
1561.157227	-89.548759
1566.540527	-89.496178
1571.923828	-90.877716
1577.307129	-91.436340
1582.690430	-91.581490
1588.073730	-90.177147
1593.457031	-89.438240
1598.840332	-88.356247
1604.223633	-87.341370
1609.606934	-86.236572
1614.990234	-86.132355
1620.373535	-86.588821
1625.756836	-87.854294
1631.140137	-88.888565
1636.523438	-89.634148
1641.906738	-90.070152
1647.290039	-90.183258
1652.673340	-90.444160
1658.056641	-90.280098
1663.439941	-90.395294
1668.823242	-90.808487
1674.206543	-91.899376
1679.589844	-91.209831
1684.973145	-90.325974
1690.356445	-90.777519
1695.739746	-91.837112
1701.123047	-92.001122
1706.506348	-92.135155
1711.889648	-91.632820
1717.272949	-92.106499
1722.656250	-92.163361
1728.039551	-91.950836
1733.422852	-91.424309
1738.806152	-90.739174
1744.189453	-90.501564
1749.572754	-90.073807
1754.956055	-90.665230
1760.339355	-91.007423
1765.722656	-90.779915
1771.105957	-90.420898
1776.489258	-89.840630
1781.872559	-90.345871
1787.255859	-90.496513
1792.639160	-90.166267
1798.022461	-90.997673
1803.405762	-92.112984
1808.789062	-92.472122
1814.172363	-92.525238
1819.555664	-92.837662
1824.938965	-92.287910
1830.322266	-91.485199
1835.705566	-91.658173
1841.088867	-92.826447
1846.472168	-92.438217
1851.855469	-92.492783
1857.238770	-92.627983
1862.622070	-92.178055
1868.005371	-92.094833
1873.388672	-91.842194
1878.771973	-91.980675
1884.155273	-92.252899
1889.538574	-92.082710
1894.921875	-92.108635
1900.305176	-92.209503
1905.688477	-92.445923
1911.071777	-92.309341
1916.455078	-91.715019
1921.838379	-91.908844
1927.221680	-91.969925
1932.604980	-91.750504
1937.988281	-92.541908
1943.371582	-93.049362
1948.754883	-92.290596
1954.138184	-91.608986
1959.521484	-91.166344
1964.904785	-91.224022
1970.288086	-91.525352
1975.671387	-90.749146
1981.054688	-90.741753
1986.437988	-90.141655
1991.821289	-90.673691
1997.204590	-90.291924
2002.587891	-89.980034
2007.971191	-90.208984
2013.354492	-89.525566
2018.737793	-89.149498
2024.121094	-89.631477
2029.504395	-90.175697
2034.887695	-90.333122
2040.270996	-89.939888
2045.654297	-89.150833
2051.037598	-89.695679
2056.420898	-90.133736
2061.804199	-89.919792
2067.187500	-90.458588
2072.570801	-90.567093
2077.954102	-90.341743
2083.337402	-90.495338
2088.720703	-91.126518
2094.104004	-91.168564
2099.487305	-90.689613
2104.870605	-91.245514
2110.253906	-91.206329
2115.637207	-91.267776
2121.020508	-91.878433
2126.403809	-91.815697
2131.787109	-91.411224
2137.170410	-91.635513
2142.553711	-92.121872
2147.937012	-92.468491
2153.320312	-92.148041
2158.703613	-91.327736
2164.086914	-91.116409
2169.470215	-91.357224
2174.853516	-91.453316
2180.236816	-91.314964
2185.620117	-91.422653
2191.003418	-91.511711
2196.386719	-91.091293
2201.770020	-91.470467
2207.153320	-90.899818
2212.536621	-91.045555
2217.919922	-91.014412
2223.303223	-91.149811
2228.686523	-90.754868
2234.069824	-90.434471
2239.453125	-90.666451
2244.836426	-91.538246
2250.219727	-92.174843
2255.603027	-91.745773
2260.986328	-90.954483
2266.369629	-91.960114
2271.752930	-92.533745
2277.136230	-92.607216
2282.519531	-92.144386
2287.902832	-93.050117
2293.286133	-93.188072
2298.669434	-93.081573
2304.052734	-93.059715
2309.436035	-93.236671
2314.819336	-93.879982
2320.202637	-93.603661
2325.585938	-94.071449
2330.969238	-94.599396
2336.352539	-94.188034
2341.735840	-94.528099
2347.119141	-95.101204
2352.502441	-94.993759
2357.885742	-94.933197
2363.269043	-94.055634
2368.652344	-94.024887
2374.035645	-94.093025
2379.418945	-94.014282
2384.802246	-93.566437
2390.185547	-93.636406
2395.568848	-93.979767
2400.952148	-94.476540
2406.335449	-93.947441
2411.718750	-94.073967
2417.102051	-94.519363
2422.485352	-93.899040
2427.868652	-94.827888
2433.251953	-94.740486
2438.635254	-94.260582
2444.018555	-93.724403
2449.401855	-94.528099
2454.785156	-93.783852
2460.168457	-93.012840
2465.551758	-93.492821
2470.935059	-93.652374
2476.318359	-94.431931
2481.701660	-94.535690
2487.084961	-95.108452
2492.468262	-95.744377
2497.851562	-96.367638
2503.234863	-96.235733
2508.618164	-96.631683
2514.001465	-96.825142
2519.384766	-96.158455
2524.768066	-95.838867
2530.151367	-96.209946
2535.534668	-95.953659
2540.917969	-96.082787
2546.301270	-96.207695
2551.684570	-95.967995
2557.067871	-95.923462
2562.451172	-96.643860
2567.834473	-95.839836
2573.217773	-96.311424
2578.601074	-96.323021
2583.984375	-96.401596
2589.367676	-96.146660
2594.750977	-96.577141
2600.134277	-96.809364
2605.517578	-96.836121
2610.900879	-96.145706
2616.284180	-95.817444
2621.667480	-95.186455
2627.050781	-95.092178
2632.434082	-94.777122
2637.817383	-94.723053
2643.200684	-94.848145
2648.583984	-94.975883
2653.967285	-94.462494
2659.350586	-94.122238
2664.733887	-94.010841
2670.117188	-94.772736
2675.500488	-94.810417
2680.883789	-94.711960
2686.267090	-95.303391
2691.650391	-95.094757
2697.033691	-95.854881
2702.416992	-96.252106
2707.800293	-95.963051
2713.183594	-95.945007
2718.566895	-96.863739
2723.950195	-96.900826
2729.333496	-97.000885
2734.716797	-96.309181
2740.100098	-96.545891
2745.483398	-96.493561
2750.866699	-96.263397
2756.250000	-95.878983
2761.633301	-96.305824
2767.016602	-96.538002
2772.399902	-96.376076
2777.783203	-96.541443
2783.166504	-96.250397
2788.549805	-96.846756
2793.933105	-96.934006
2799.316406	-96.765915
2804.699707	-96.923599
2810.083008	-96.562332
2815.466309	-96.742355
2820.849609	-96.868568
2826.232910	-96.809059
2831.616211	-97.003929
2836.999512	-97.225258
2842.382812	-97.008804
2847.766113	-96.734406
2853.149414	-96.698303
2858.532715	-96.400520
2863.916016	-96.269554
2869.299316	-96.966881
2874.682617	-96.977592
2880.065918	-96.561821
2885.449219	-96.601555
2890.832520	-97.407997
2896.215820	-97.145256
2901.599121	-96.595215
2906.982422	-96.800903
2912.365723	-96.742401
2917.749023	-96.745697
2923.132324	-96.742210
2928.515625	-95.778557
2933.898926	-95.732559
2939.282227	-96.299782
2944.665527	-96.081085
2950.048828	-96.230949
2955.432129	-96.368492
2960.815430	-96.467461
2966.198730	-97.113564
2971.582031	-96.945518
2976.965332	-96.519829
2982.348633	-96.799858
2987.731934	-97.241272
2993.115234	-97.107239
2998.498535	-97.822258
3003.881836	-97.482498
3009.265137	-97.337570
3014.648438	-97.834908
3020.031738	-97.942001
3025.415039	-97.869392
3030.798340	-97.652740
3036.181641	-97.385254
3041.564941	-97.809380
3046.948242	-98.204819
3052.331543	-98.254593
3057.714844	-97.601379
3063.098145	-97.451591
3068.481445	-97.654587
3073.864746	-97.893372
3079.248047	-96.965599
3084.631348	-97.213982
3090.014648	-97.208405
3095.397949	-97.099968
3100.781250	-96.559418
3106.164551	-96.697372
3111.547852	-97.292267
3116.931152	-97.394470
3122.314453	-97.701988
3127.697754	-97.226486
3133.081055	-97.510590
3138.464355	-97.707985
3143.847656	-97.606407
3149.230957	-97.777725
3154.614258	-97.122131
3159.997559	-97.043266
3165.380859	-97.447258
3170.764160	-97.742340
3176.147461	-97.600662
3181.530762	-97.494438
3186.914062	-97.398506
3192.297363	-97.337059
3197.680664	-97.466858
3203.063965	-97.214920
3208.447266	-97.567184
3213.830566	-97.844238
3219.213867	-97.693184
3224.597168	-97.398323
3229.980469	-97.543785
3235.363770	-96.896164
3240.747070	-97.043251
3246.130371	-97.278931
3251.513672	-97.706230
3256.896973	-97.764221
3262.280273	-97.235405
3267.663574	-97.227295
3273.046875	-96.915436
3278.430176	-96.595238
3283.813477	-97.098175
3289.196777	-96.803055
3294.580078	-96.714104
3299.963379	-96.898064
3305.346680	-96.806580
3310.729980	-97.240822
3316.113281	-98.041946
3321.496582	-97.552658
3326.879883	-97.663101
3332.263184	-97.550354
3337.646484	-97.333084
3343.029785	-96.648766
3348.413086	-96.521164
3353.796387	-97.161438
3359.179688	-97.529259
3364.562988	-97.396317
3369.946289	-97.965729
3375.329590	-97.874046
3380.712891	-97.565254
3386.096191	-96.840836
3391.479492	-97.484901
3396.862793	-97.704575
3402.246094	-97.320526
3407.629395	-97.456856
3413.012695	-97.653458
3418.395996	-97.488983
3423.779297	-97.407074
3429.162598	-98.221245
3434.545898	-98.064522
3439.929199	-97.696114
3445.312500	-97.517242
3450.695801	-97.802292
3456.079102	-97.666473
3461.462402	-97.442963
3466.845703	-97.579872
3472.229004	-97.643250
3477.612305	-97.570793
3482.995605	-97.536026
3488.378906	-97.420769
3493.762207	-97.786667
3499.145508	-97.839958
3504.528809	-97.834915
3509.912109	-97.604996
3515.295410	-97.992447
3520.678711	-97.722931
3526.062012	-97.695816
3531.445312	-98.217697
3536.828613	-97.616180
3542.211914	-97.228561
3547.595215	-96.943047
3552.978516	-97.079552
3558.361816	-97.808891
3563.745117	-97.361389
3569.128418	-97.397247
3574.511719	-97.884567
3579.895020	-98.412865
3585.278320	-98.367226
3590.661621	-98.311501
3596.044922	-98.355652
3601.428223	-98.013145
3606.811523	-97.838593
3612.194824	-98.154404
3617.578125	-98.418907
3622.961426	-98.914658
3628.344727	-98.542908
3633.728027	-98.688637
3639.111328	-98.737587
3644.494629	-98.058540
3649.877930	-97.683167
3655.261230	-98.215828
3660.644531	-98.025116
3666.027832	-97.896034
3671.411133	-97.949959
3676.794434	-98.312759
3682.177734	-98.944656
3687.561035	-98.840698
3692.944336	-98.918938
3698.327637	-99.082535
3703.710938	-98.366005
3709.094238	-98.820694
3714.477539	-98.359535
3719.860840	-98.414749
3725.244141	-98.712288
3730.627441	-98.963127
3736.010742	-98.828232
3741.394043	-98.692238
3746.777344	-98.506493
3752.160645	-98.743355
3757.543945	-98.801010
3762.927246	-98.428833
3768.310547	-98.969780
3773.693848	-99.327354
3779.077148	-99.123108
3784.460449	-99.255074
3789.843750	-99.344162
3795.227051	-98.635262
3800.610352	-98.774498
3805.993652	-99.281754
3811.376953	-99.609459
3816.760254	-99.122185
3822.143555	-99.257751
3827.526855	-99.464989
3832.910156	-99.019691
3838.293457	-99.113937
3843.676758	-98.985840
3849.060059	-99.309677
3854.443359	-99.335365
3859.826660	-99.255119
3865.209961	-99.527077
3870.593262	-99.304726
3875.976562	-99.500847
3881.359863	-100.164406
3886.743164	-99.380508
3892.126465	-99.095139
3897.509766	-99.658936
3902.893066	-99.512161
3908.276367	-98.563751
3913.659668	-98.576950
3919.042969	-98.800690
3924.426270	-99.278244
3929.809570	-99.710007
3935.192871	-99.435341
3940.576172	-99.175964
3945.959473	-99.460495
3951.342773	-99.685753
3956.726074	-99.470299
3962.109375	-99.574982
3967.492676	-99.728188
3972.875977	-99.652664
3978.259277	-99.973137
3983.642578	-99.637764
3989.025879	-99.568153
3994.409180	-99.285812
3999.792480	-98.928879
4005.175781	-99.624130
4010.559082	-99.806564
4015.942383	-99.639206
4021.325684	-99.562469
4026.708984	-99.403343
4032.092285	-99.790092
4037.475586	-100.405243
4042.858887	-100.161339
4048.242188	-99.673233
4053.625488	-99.846161
4059.008789	-99.933006
4064.392090	-99.683205
4069.775391	-100.020279
4075.158691	-99.504524
4080.541992	-99.610985
4085.925293	-99.240295
4091.308594	-99.152588
4096.691895	-99.732445
4102.075195	-99.431679
4107.458496	-99.497299
4112.841797	-99.404129
4118.225098	-99.309616
4123.608398	-98.815208
4128.991699	-99.050079
4134.375000	-99.480949
4139.758301	-100.043991
4145.141602	-99.658318
4150.524902	-99.932037
4155.908203	-99.975822
4161.291504	-99.697014
4166.674805	-99.125786
4172.058105	-99.871651
4177.441406	-99.952484
4182.824707	-99.541748
4188.208008	-99.279289
4193.591309	-99.606873
4198.974609	-100.043304
4204.357910	-99.565346
4209.741211	-99.278114
4215.124512	-99.151680
4220.507812	-99.227913
4225.891113	-98.819099
4231.274414	-99.120819
4236.657715	-98.879066
4242.041016	-99.171616
4247.424316	-99.370903
4252.807617	-99.746750
4258.190918	-99.817085
4263.574219	-100.161644
4268.957520	-99.865784
4274.340820	-99.172905
4279.724121	-99.811462
4285.107422	-99.490059
4290.490723	-99.221672
4295.874023	-99.274872
4301.257324	-99.658844
4306.640625	-99.301971
4312.023926	-99.923668
4317.407227	-100.270905
4322.790527	-100.054031
4328.173828	-100.100075
4333.557129	-100.311287
4338.940430	-100.041153
4344.323730	-100.040245
4349.707031	-99.700912
4355.090332	-100.429489
4360.473633	-100.117134
4365.856934	-100.257278
4371.240234	-100.379967
4376.623535	-100.266914
4382.006836	-99.812141
4387.390137	-100.366966
4392.773438	-100.582420
4398.156738	-100.727356
4403.540039	-100.593628
4408.923340	-100.528366
4414.306641	-100.190659
4419.689941	-99.855469
4425.073242	-100.040459
4430.456543	-99.912437
4435.839844	-100.277481
4441.223145	-99.828285
4446.606445	-99.490982
4451.989746	-99.409515
4457.373047	-99.495132
4462.756348	-100.159218
4468.139648	-100.174362
4473.522949	-100.070602
4478.906250	-99.553368
4484.289551	-99.702698
4489.672852	-100.111145
4495.056152	-100.081818
4500.439453	-99.928413
4505.822754	-100.685463
4511.206055	-100.485855
4516.589355	-100.168190
4521.972656	-100.454567
4527.355957	-100.007462
4532.739258	-100.162239
4538.122559	-100.177422
4543.505859	-100.126694
4548.889160	-100.327133
4554.272461	-100.300919
4559.655762	-100.006905
4565.039062	-99.872139
4570.422363	-99.842827
4575.805664	-99.713341
4581.188965	-99.780533
4586.572266	-99.783447
4591.955566	-100.042236
4597.338867	-100.385941
4602.722168	-100.332222
4608.105469	-99.927757
4613.488770	-100.071327
4618.872070	-100.553276
4624.255371	-99.947235
4629.638672	-99.685043
4635.021973	-99.705193
4640.405273	-99.640091
4645.788574	-99.614365
4651.171875	-100.036171
4656.555176	-100.323570
4661.938477	-100.356308
4667.321777	-100.114975
4672.705078	-99.565300
4678.088379	-99.267982
4683.471680	-99.278641
4688.854980	-99.957108
4694.238281	-100.549858
4699.621582	-100.113098
4705.004883	-100.011246
4710.388184	-99.419746
4715.771484	-99.637810
4721.154785	-100.196945
4726.538086	-99.878136
4731.921387	-99.827744
4737.304688	-99.619019
4742.687988	-99.719719
4748.071289	-99.564735
4753.454590	-99.909485
4758.837891	-100.001350
4764.221191	-99.515251
4769.604492	-99.144699
4774.987793	-99.493500
4780.371094	-99.897461
4785.754395	-99.867157
4791.137695	-100.106178
4796.520996	-100.096573
4801.904297	-100.141808
4807.287598	-99.887970
4812.670898	-100.356384
4818.054199	-99.690239
4823.437500	-99.774521
4828.820801	-99.991684
4834.204102	-99.969467
4839.587402	-100.296410
4844.970703	-100.009720
4850.354004	-99.605774
4855.737305	-99.129631
4861.120605	-100.049408
4866.503906	-100.060532
4871.887207	-100.037323
4877.270508	-99.689011
4882.653809	-99.334015
4888.037109	-99.977562
4893.420410	-100.545143
4898.803711	-100.062050
4904.187012	-99.964798
4909.570312	-100.005417
4914.953613	-99.819519
4920.336914	-100.092888
4925.720215	-100.700783
4931.103516	-100.167366
4936.486816	-100.561684
4941.870117	-100.657570
4947.253418	-100.166481
4952.636719	-100.473412
4958.020020	-100.739441
4963.403320	-100.794945
4968.786621	-100.342529
4974.169922	-100.233452
4979.553223	-100.549240
4984.936523	-100.909332
4990.319824	-101.258247
4995.703125	-100.015869
5001.086426	-99.882401
5006.469727	-99.613312
5011.853027	-100.066383
5017.236328	-100.419891
5022.619629	-99.981766
5028.002930	-99.965813
5033.386230	-99.901016
5038.769531	-100.261757
5044.152832	-100.644318
5049.536133	-99.753021
5054.919434	-99.211678
5060.302734	-99.444786
5065.686035	-99.993721
5071.069336	-99.477394
5076.452637	-99.799644
5081.835938	-99.533936
5087.219238	-99.761795
5092.602539	-100.185577
5097.985840	-99.816635
5103.369141	-100.133049
5108.752441	-100.188545
5114.135742	-100.078247
5119.519043	-99.971512
5124.902344	-100.014404
5130.285645	-100.064034
5135.668945	-99.941467
5141.052246	-100.201347
5146.435547	-100.041260
5151.818848	-99.854340
5157.202148	-100.428574
5162.585449	-100.608559
5167.968750	-99.778938
5173.352051	-99.717606
5178.735352	-100.337173
5184.118652	-100.605537
5189.501953	-100.131546
5194.885254	-100.463547
5200.268555	-100.440430
5205.651855	-100.829330
5211.035156	-100.101044
5216.418457	-99.721634
5221.801758	-99.647141
5227.185059	-100.006310
5232.568359	-99.621826
5237.951660	-100.439056
5243.334961	-100.347565
5248.718262	-100.655540
5254.101562	-100.601837
5259.484863	-99.408997
5264.868164	-100.252953
5270.251465	-100.374557
5275.634766	-100.641945
5281.018066	-100.283920
5286.401367	-100.665169
5291.784668	-101.250839
5297.167969	-100.497467
5302.551270	-100.534454
5307.934570	-100.679092
5313.317871	-100.486595
5318.701172	-100.130264
5324.084473	-99.706932
5329.467773	-100.074051
5334.851074	-99.885078
5340.234375	-99.912727
5345.617676	-100.083527
5351.000977	-99.557869
5356.384277	-99.792702
5361.767578	-100.646545
5367.150879	-100.893082
5372.534180	-100.541878
5377.917480	-100.647331
5383.300781	-100.068153
5388.684082	-99.985985
5394.067383	-100.385094
5399.450684	-100.424370
5404.833984	-100.472923
5410.217285	-99.727409
5415.600586	-99.871933
5420.983887	-100.016891
5426.367188	-100.310471
5431.750488	-100.087753
5437.133789	-100.093864
5442.517090	-99.946495
5447.900391	-100.077759
5453.283691	-100.249298
5458.666992	-100.074654
5464.050293	-100.302856
5469.433594	-100.168907
5474.816895	-100.277275
5480.200195	-100.136475
5485.583496	-100.268517
5490.966797	-100.398232
5496.350098	-100.472145
5501.733398	-100.641296
5507.116699	-100.539993
5512.500000	-100.178123
5517.883301	-100.423897
5523.266602	-100.182098
5528.649902	-100.020012
5534.033203	-100.946892
5539.416504	-100.077797
5544.799805	-99.517632
5550.183105	-99.804901
5555.566406	-100.686752
5560.949707	-100.587425
5566.333008	-100.415840
5571.716309	-100.449554
5577.099609	-100.079765
5582.482910	-99.956306
5587.866211	-100.179222
5593.249512	-100.431961
5598.632812	-100.199699
5604.016113	-100.342438
5609.399414	-100.170311
5614.782715	-99.986900
5620.166016	-100.212151
5625.549316	-100.271263
5630.932617	-99.910995
5636.315918	-100.054207
5641.699219	-100.033463
5647.082520	-100.025902
5652.465820	-100.186447
5657.849121	-99.771408
5663.232422	-99.817757
5668.615723	-100.066841
5673.999023	-100.260826
5679.382324	-100.336273
5684.765625	-100.419868
5690.148926	-100.190880
5695.532227	-100.097382
5700.915527	-100.110168
5706.298828	-100.660362
5711.682129	-100.375908
5717.065430	-100.092049
5722.448730	-100.444527
5727.832031	-100.508522
5733.215332	-100.275131
5738.598633	-99.674225
5743.981934	-99.679726
5749.365234	-100.200012
5754.748535	-100.198479
5760.131836	-99.949013
5765.515137	-100.257774
5770.898438	-100.066307
5776.281738	-100.200020
5781.665039	-100.022385
5787.048340	-100.084328
5792.431641	-99.859955
5797.814941	-100.604462
5803.198242	-100.370926
5808.581543	-100.232529
5813.964844	-100.402992
5819.348145	-100.446068
5824.731445	-100.392937
5830.114746	-100.896500
5835.498047	-100.688362
5840.881348	-100.611214
5846.264648	-100.462303
5851.647949	-100.404129
5857.031250	-100.722137
5862.414551	-100.278229
5867.797852	-100.421448
5873.181152	-99.866890
5878.564453	-99.894585
5883.947754	-100.048424
5889.331055	-100.094933
5894.714355	-100.642509
5900.097656	-100.649605
5905.480957	-100.418793
5910.864258	-100.496643
5916.247559	-100.546501
5921.630859	-101.078812
5927.014160	-100.909241
5932.397461	-100.502663
5937.780762	-99.863991
5943.164062	-100.472633
5948.547363	-100.101463
5953.930664	-99.814011
5959.313965	-100.598206
5964.697266	-100.408531
5970.080566	-100.921883
5975.463867	-100.229622
5980.847168	-99.661560
5986.230469	-99.695549
5991.613770	-100.008972
5996.997070	-100.145325
6002.380371	-100.173729
6007.763672	-99.889244
6013.146973	-100.573814
6018.530273	-100.434441
6023.913574	-100.373001
6029.296875	-100.106140
6034.680176	-100.478973
6040.063477	-100.473503
6045.446777	-99.973877
6050.830078	-99.665596
6056.213379	-100.616982
6061.596680	-101.009888
6066.979980	-100.330544
6072.363281	-100.309738
6077.746582	-100.546616
6083.129883	-100.375816
6088.513184	-100.127319
6093.896484	-100.436539
6099.279785	-100.548264
6104.663086	-100.423225
6110.046387	-100.486069
6115.429688	-100.288147
6120.812988	-100.610901
6126.196289	-100.438210
6131.579590	-100.028862
6136.962891	-99.668015
6142.346191	-100.273026
6147.729492	-100.497292
6153.112793	-100.302902
6158.496094	-100.262062
6163.879395	-99.953529
6169.262695	-99.519691
6174.645996	-100.119247
6180.029297	-99.939339
6185.412598	-99.855026
6190.795898	-100.206245
6196.179199	-100.356133
6201.562500	-100.374969
6206.945801	-100.125397
6212.329102	-99.938492
6217.712402	-99.397713
6223.095703	-99.985619
6228.479004	-100.224426
6233.862305	-100.057213
6239.245605	-99.663895
6244.628906	-100.053413
6250.012207	-100.425865
6255.395508	-100.087341
6260.778809	-100.276825
6266.162109	-100.726509
6271.545410	-100.328392
6276.928711	-99.996315
6282.312012	-100.027008
6287.695312	-100.568581
6293.078613	-100.911293
6298.461914	-100.455261
6303.845215	-100.657272
6309.228516	-100.560219
6314.611816	-100.705505
6319.995117	-100.341713
6325.378418	-100.147629
6330.761719	-100.256210
6336.145020	-100.523560
6341.528320	-100.863205
6346.911621	-99.926910
6352.294922	-100.078865
6357.678223	-99.948494
6363.061523	-100.220978
6368.444824	-100.621101
6373.828125	-100.586121
6379.211426	-100.460503
6384.594727	-100.744553
6389.978027	-100.254219
6395.361328	-100.493874
6400.744629	-100.371681
6406.127930	-99.836189
6411.511230	-99.750961
6416.894531	-100.317734
6422.277832	-100.148964
6427.661133	-99.836113
6433.044434	-100.422371
6438.427734	-100.185768
6443.811035	-100.605370
6449.194336	-100.643600
6454.577637	-100.525955
6459.960938	-100.600830
6465.344238	-100.375023
6470.727539	-99.939850
6476.110840	-100.309532
6481.494141	-100.391182
6486.877441	-100.376518
6492.260742	-100.456169
6497.644043	-100.628090
6503.027344	-100.713463
6508.410645	-100.352898
6513.793945	-99.460213
6519.177246	-99.862610
6524.560547	-100.310684
6529.943848	-100.312347
6535.327148	-100.520378
6540.710449	-100.304054
6546.093750	-100.050835
6551.477051	-100.010941
6556.860352	-100.375015
6562.243652	-100.415680
6567.626953	-100.769928
6573.010254	-100.413605
6578.393555	-100.346962
6583.776855	-101.044968
6589.160156	-100.768135
6594.543457	-100.420349
6599.926758	-100.408707
6605.310059	-99.954544
6610.693359	-99.912476
6616.076660	-101.094414
6621.459961	-100.646324
6626.843262	-100.365372
6632.226562	-100.049416
6637.609863	-100.505737
6642.993164	-100.288712
6648.376465	-99.891151
6653.759766	-100.523125
6659.143066	-100.425522
6664.526367	-100.338776
6669.909668	-100.244926
6675.292969	-100.024811
6680.676270	-100.027740
6686.059570	-100.078880
6691.442871	-100.321877
6696.826172	-100.180008
6702.209473	-100.150291
6707.592773	-99.798470
6712.976074	-99.780777
6718.359375	-100.320374
6723.742676	-100.386360
6729.125977	-100.408356
6734.509277	-100.372292
6739.892578	-100.665550
6745.275879	-100.407448
6750.659180	-100.699234
6756.042480	-100.598755
6761.425781	-100.615685
6766.809082	-100.075462
6772.192383	-100.213501
6777.575684	-100.092171
6782.958984	-100.447052
6788.342285	-100.512566
6793.725586	-100.069458
6799.108887	-99.584770
6804.492188	-99.766022
6809.875488	-99.486893
6815.258789	-100.293587
6820.642090	-100.292603
6826.025391	-100.233490
6831.408691	-100.374657
6836.791992	-100.257111
6842.175293	-100.479614
6847.558594	-99.898499
6852.941895	-99.823685
6858.325195	-99.729080
6863.708496	-99.954193
6869.091797	-100.468155
6874.475098	-100.275902
6879.858398	-100.198189
6885.241699	-100.205414
6890.625000	-100.313980
6896.008301	-100.375992
6901.391602	-100.566063
6906.774902	-99.814468
6912.158203	-99.851593
6917.541504	-100.189980
6922.924805	-100.636894
6928.308105	-100.577805
6933.691406	-100.053848
6939.074707	-99.953987
6944.458008	-100.401344
6949.841309	-100.726181
6955.224609	-100.536263
6960.607910	-100.064102
6965.991211	-99.796181
6971.374512	-100.234489
6976.757812	-100.050797
6982.141113	-99.773476
6987.524414	-100.038177
6992.907715	-100.156113
6998.291016	-99.834320
7003.674316	-100.286926
7009.057617	-100.252434
7014.440918	-100.551956
7019.824219	-100.440468
7025.207520	-100.221069
7030.590820	-99.947319
7035.974121	-100.418259
7041.357422	-100.374084
7046.740723	-99.929436
7052.124023	-99.834114
7057.507324	-100.006500
7062.890625	-100.354080
7068.273926	-100.582886
7073.657227	-100.531532
7079.040527	-100.432892
7084.423828	-100.235733
7089.807129	-100.071846
7095.190430	-100.066246
7100.573730	-100.409187
7105.957031	-99.952194
7111.340332	-100.255592
7116.723633	-100.376419
7122.106934	-100.326714
7127.490234	-100.234169
7132.873535	-99.576500
7138.256836	-99.404457
7143.640137	-99.359314
7149.023438	-100.178406
7154.406738	-101.092720
7159.790039	-100.049698
7165.173340	-100.153824
7170.556641	-100.109741
7175.939941	-100.399132
7181.323242	-99.920883
7186.706543	-99.562035
7192.089844	-99.749954
7197.473145	-100.168549
7202.856445	-100.199074
7208.239746	-100.157433
7213.623047	-100.279602
7219.006348	-100.121971
7224.389648	-100.024139
7229.772949	-100.203514
7235.156250	-100.419182
7240.539551	-100.192383
7245.922852	-100.275696
7251.306152	-100.143021
7256.689453	-100.341248
7262.072754	-100.642662
7267.456055	-100.600632
7272.839355	-99.605621
7278.222656	-99.469330
7283.605957	-99.619301
7288.989258	-99.689133
7294.372559	-99.808807
7299.755859	-99.803841
7305.139160	-100.115295
7310.522461	-100.271545
7315.905762	-100.091263
7321.289062	-99.445396
7326.672363	-99.793419
7332.055664	-100.305916
7337.438965	-100.054031
7342.822266	-100.091980
7348.205566	-99.564873
7353.588867	-99.960205
7358.972168	-99.804207
7364.355469	-100.354317
7369.738770	-100.096352
7375.122070	-99.650528
7380.505371	-99.595505
7385.888672	-99.701714
7391.271973	-99.767860
7396.655273	-100.106583
7402.038574	-99.789520
7407.421875	-99.677414
7412.805176	-99.795525
7418.188477	-99.192085
7423.571777	-99.291809
7428.955078	-99.725166
7434.338379	-99.994507
7439.721680	-99.906143
7445.104980	-99.722633
7450.488281	-99.394119
7455.871582	-99.388832
7461.254883	-99.640717
7466.638184	-99.457947
7472.021484	-99.255569
7477.404785	-99.082626
7482.788086	-99.029236
7488.171387	-98.813385
7493.554688	-99.362068
7498.937988	-99.735161
7504.321289	-99.463112
7509.704590	-99.629311
7515.087891	-99.797516
7520.471191	-99.005264
7525.854492	-98.909904
7531.237793	-99.523056
7536.621094	-99.571518
7542.004395	-99.453453
7547.387695	-99.355087
7552.770996	-98.970352
7558.154297	-99.834183
7563.537598	-99.247131
7568.920898	-99.520775
7574.304199	-99.630142
7579.687500	-99.528976
7585.070801	-99.004898
7590.454102	-99.239456
7595.837402	-99.707748
7601.220703	-99.646683
7606.604004	-99.793411
7611.987305	-99.463036
7617.370605	-99.593864
7622.753906	-99.441849
7628.137207	-99.581467
7633.520508	-99.305283
7638.903809	-98.933281
7644.287109	-99.610893
7649.670410	-99.706223
7655.053711	-99.570412
7660.437012	-99.287247
7665.820312	-99.415955
7671.203613	-99.761902
7676.586914	-99.758240
7681.970215	-99.246223
7687.353516	-98.883682
7692.736816	-99.293205
7698.120117	-100.164986
7703.503418	-99.832382
7708.886719	-100.189232
7714.270020	-100.134468
7719.653320	-99.968643
7725.036621	-99.445000
7730.419922	-99.187386
7735.803223	-99.315880
7741.186523	-99.215286
7746.569824	-99.212433
7751.953125	-99.222015
7757.336426	-99.580467
7762.719727	-99.712776
7768.103027	-99.666916
7773.486328	-99.359474
7778.869629	-99.263458
7784.252930	-99.695908
7789.636230	-99.825958
7795.019531	-99.092644
7800.402832	-98.981461
7805.786133	-99.182884
7811.169434	-99.060890
7816.552734	-99.152679
7821.936035	-99.511772
7827.319336	-99.468491
7832.702637	-99.271515
7838.085938	-99.164391
7843.469238	-99.074341
7848.852539	-99.133575
7854.235840	-99.255455
7859.619141	-99.293701
7865.002441	-99.771500
7870.385742	-99.392975
7875.769043	-99.025215
7881.152344	-99.054932
7886.535645	-99.001793
7891.918945	-99.630188
7897.302246	-99.058350
7902.685547	-98.884102
7908.068848	-99.682983
7913.452148	-99.563080
7918.835449	-99.167259
7924.218750	-99.420288
7929.602051	-99.117111
7934.985352	-99.043800
7940.368652	-99.130928
7945.751953	-99.032539
7951.135254	-99.200394
7956.518555	-98.906792
7961.901855	-99.098328
7967.285156	-99.575722
7972.668457	-99.398911
7978.051758	-98.925400
7983.435059	-98.878761
7988.818359	-98.828850
7994.201660	-98.940628
7999.584961	-98.758636
8004.968262	-98.771393
8010.351562	-99.331886
8015.734863	-99.406029
8021.118164	-99.152969
8026.501465	-98.686638
8031.884766	-98.984467
8037.268066	-99.370705
8042.651367	-99.112289
8048.034668	-98.552010
8053.417969	-98.413628
8058.801270	-99.361458
8064.184570	-99.317017
8069.567871	-99.347702
8074.951172	-99.177132
8080.334473	-99.001793
8085.717773	-99.023117
8091.101074	-98.825233
8096.484375	-98.639214
8101.867676	-99.026466
8107.250977	-99.394127
8112.634277	-99.279854
8118.017578	-99.250404
8123.400879	-99.381241
8128.784180	-98.912064
8134.167480	-98.242088
8139.550781	-98.972466
8144.934082	-99.774551
8150.317383	-99.168983
8155.700684	-99.000099
8161.083984	-98.898857
8166.467285	-99.218414
8171.850586	-99.073883
8177.233887	-99.304726
8182.617188	-98.994820
8188.000488	-98.568550
8193.383789	-98.493156
8198.767090	-99.321625
8204.150391	-99.828629
8209.533691	-99.189384
8214.916992	-98.360489
8220.300293	-98.621902
8225.683594	-98.916084
8231.066895	-99.074280
8236.450195	-99.715645
8241.833496	-99.528748
8247.216797	-98.998238
8252.600098	-98.905533
8257.983398	-99.570557
8263.366699	-98.982697
8268.750000	-99.216881
8274.133301	-99.381721
8279.516602	-99.616623
8284.899902	-99.528976
8290.283203	-99.421257
8295.666504	-99.690933
8301.049805	-99.132935
8306.433105	-99.092278
8311.816406	-99.263855
8317.199707	-99.064117
8322.583008	-98.771484
8327.966309	-99.037910
8333.349609	-99.110039
8338.732910	-99.093163
8344.116211	-99.624931
8349.499512	-99.732925
8354.882812	-99.343666
8360.266113	-98.704590
8365.649414	-98.857376
8371.032715	-99.201195
8376.416016	-99.599045
8381.799316	-99.978340
8387.182617	-99.474869
8392.565918	-99.170982
8397.949219	-99.246986
8403.332520	-99.812729
8408.715820	-99.858856
8414.099121	-99.311485
8419.482422	-99.871826
8424.865723	-99.433159
8430.249023	-97.780701
8435.632324	-99.068985
8441.015625	-99.447350
8446.398926	-99.260559
8451.782227	-99.216949
8457.165527	-95.884438
8462.548828	-96.125237
8467.932129	-98.890381
8473.315430	-99.426422
8478.698730	-99.715523
8484.082031	-99.296722
8489.465332	-98.328629
8494.848633	-99.534538
8500.231934	-99.993927
8505.615234	-99.653381
8510.998535	-99.447227
8516.381836	-99.984100
8521.765137	-99.358543
8527.148438	-99.515617
8532.531738	-99.973740
8537.915039	-99.239922
8543.298340	-99.144440
8548.681641	-99.134949
8554.064941	-99.260818
8559.448242	-99.650879
8564.831543	-99.351509
8570.214844	-99.777267
8575.598145	-99.673119
8580.981445	-99.426582
8586.364746	-98.983894
8591.748047	-98.905106
8597.131348	-98.989220
8602.514648	-98.983971
8607.897949	-99.368195
8613.281250	-99.473274
8618.664551	-99.790543
8624.047852	-99.190041
8629.431152	-99.325089
8634.814453	-99.513901
8640.197754	-99.502609
8645.581055	-99.431168
8650.964355	-99.302109
8656.347656	-99.174316
8661.730957	-99.376076
8667.114258	-99.344391
8672.497559	-99.439247
8677.880859	-99.077538
8683.264160	-99.435440
8688.647461	-99.228401
8694.030762	-98.945122
8699.414062	-99.305458
8704.797363	-98.755150
8710.180664	-98.400330
8715.563965	-98.799484
8720.947266	-99.696228
8726.330566	-99.637886
8731.713867	-99.607735
8737.097168	-99.854584
8742.480469	-99.679688
8747.863770	-99.552536
8753.247070	-99.548798
8758.630371	-99.207550
8764.013672	-99.318192
8769.396973	-99.554474
8774.780273	-98.850945
8780.163574	-98.943748
8785.546875	-99.866722
8790.930176	-99.738159
8796.313477	-99.057747
8801.696777	-99.136398
8807.080078	-99.355858
8812.463379	-99.400299
8817.846680	-98.906380
8823.229980	-98.884193
8828.613281	-99.251366
8833.996582	-99.188904
8839.379883	-99.442955
8844.763184	-99.801727
8850.146484	-99.608742
8855.529785	-99.737427
8860.913086	-99.275848
8866.296387	-99.464661
8871.679688	-99.398102
8877.062988	-99.703102
8882.446289	-99.574959
8887.829590	-99.721649
8893.212891	-99.180321
8898.596191	-99.055763
8903.979492	-99.251038
8909.362793	-99.512886
8914.746094	-99.718887
8920.129395	-99.663078
8925.512695	-99.581032
8930.895996	-99.609146
8936.279297	-99.423004
8941.662598	-99.593353
8947.045898	-99.141869
8952.429199	-99.122421
8957.812500	-99.395737
8963.195801	-99.118927
8968.579102	-99.318970
8973.962402	-99.467781
8979.345703	-99.263000
8984.729004	-98.755501
8990.112305	-98.978294
8995.495605	-99.046028
9000.878906	-99.009140
9006.262207	-99.174202
9011.645508	-99.613419
9017.028809	-99.477737
9022.412109	-98.889435
9027.795410	-98.912483
9033.178711	-99.202049
9038.562012	-99.402023
9043.945312	-99.186920
9049.328613	-98.994942
9054.711914	-99.503075
9060.095215	-99.455612
9065.478516	-99.426567
9070.861816	-99.512413
9076.245117	-99.798973
9081.628418	-100.062706
9087.011719	-100.042336
9092.395020	-99.241905
9097.778320	-98.929436
9103.161621	-99.136078
9108.544922	-99.497131
9113.928223	-99.477753
9119.311523	-99.122940
9124.694824	-99.309891
9130.078125	-99.201126
9135.461426	-98.639626
9140.844727	-99.190331
9146.228027	-99.446243
9151.611328	-98.927406
9156.994629	-98.556313
9162.377930	-98.894714
9167.761230	-98.966782
9173.144531	-99.417511
9178.527832	-99.661926
9183.911133	-99.462357
9189.294434	-99.985634
9194.677734	-100.206093
9200.061035	-100.027298
9205.444336	-99.771622
9210.827637	-99.093224
9216.210938	-99.336510
9221.594238	-99.383820
9226.977539	-99.183846
9232.360840	-99.385452
9237.744141	-99.017990
9243.127441	-98.904831
9248.510742	-99.287941
9253.894043	-99.816673
9259.277344	-99.307281
9264.660645	-99.081017
9270.043945	-99.268555
9275.427246	-99.456406
9280.810547	-99.018753
9286.193848	-98.575172
9291.577148	-98.390266
9296.960449	-99.021202
9302.343750	-99.324348
9307.727051	-100.385017
9313.110352	-99.592781
9318.493652	-99.303787
9323.876953	-99.522316
9329.260254	-99.267273
9334.643555	-99.214760
9340.026855	-99.337502
9345.410156	-98.909004
9350.793457	-99.029137
9356.176758	-99.580269
9361.560059	-99.525719
9366.943359	-99.128174
9372.326660	-98.954376
9377.709961	-99.186378
9383.093262	-99.047569
9388.476562	-99.170357
9393.859863	-99.449493
9399.243164	-99.037025
9404.626465	-98.870651
9410.009766	-98.962791
9415.393066	-99.264481
9420.776367	-99.613129
9426.159668	-99.421196
9431.542969	-99.010361
9436.926270	-99.275841
9442.309570	-99.517944
9447.692871	-99.456650
9453.076172	-99.091415
9458.459473	-99.602669
9463.842773	-99.488579
9469.226074	-99.473885
9474.609375	-99.149658
9479.992676	-99.167252
9485.375977	-99.414490
9490.759277	-99.374977
9496.142578	-98.885689
9501.525879	-99.147400
9506.909180	-99.136032
9512.292480	-99.849701
9517.675781	-99.692696
9523.059082	-99.457115
9528.442383	-99.618057
9533.825684	-99.657578
9539.208984	-99.223442
9544.592285	-98.858742
9549.975586	-99.187546
9555.358887	-99.317680
9560.742188	-99.642288
9566.125488	-99.294838
9571.508789	-99.734795
9576.892090	-99.391533
9582.275391	-99.412247
9587.658691	-99.758568
9593.041992	-99.395470
9598.425293	-98.933098
9603.808594	-99.254303
9609.191895	-98.987175
9614.575195	-99.236183
9619.958496	-99.247360
9625.341797	-99.675781
9630.725098	-99.938026
9636.108398	-99.390709
9641.491699	-98.991814
9646.875000	-98.973511
9652.258301	-99.613899
9657.641602	-99.232353
9663.024902	-99.604660
9668.408203	-100.138313
9673.791504	-99.484604
9679.174805	-98.755676
9684.558105	-99.116081
9689.941406	-99.730606
9695.324707	-99.253090
9700.708008	-99.217255
9706.091309	-99.304306
9711.474609	-99.324638
9716.857910	-99.350349
9722.241211	-98.987587
9727.624512	-99.450150
9733.007812	-99.573280
9738.391113	-99.262711
9743.774414	-99.054504
9749.157715	-99.111771
9754.541016	-99.766159
9759.924316	-99.584885
9765.307617	-99.607903
9770.690918	-99.680214
9776.074219	-98.800049
9781.457520	-99.400543
9786.840820	-99.095535
9792.224121	-98.891502
9797.607422	-98.884613
9802.990723	-99.128998
9808.374023	-98.649765
9813.757324	-99.036613
9819.140625	-99.525970
9824.523926	-99.630127
9829.907227	-98.953552
9835.290527	-99.713448
9840.673828	-99.523071
9846.057129	-99.253677
9851.440430	-99.182396
9856.823730	-99.624924
9862.207031	-99.459862
9867.590332	-99.611732
9872.973633	-99.064583
9878.356934	-99.436836
9883.740234	-99.992813
9889.123535	-99.423492
9894.506836	-99.322151
9899.890137	-99.363594
9905.273438	-99.669380
9910.656738	-99.445518
9916.040039	-98.976883
9921.423340	-98.872299
9926.806641	-98.964508
9932.189941	-99.471115
9937.573242	-99.754242
9942.956543	-99.314278
9948.339844	-99.205551
9953.723145	-99.060013
9959.106445	-99.637825
9964.489746	-99.524223
9969.873047	-99.170235
9975.256348	-99.353600
9980.639648	-99.691147
9986.022949	-99.606758
9991.406250	-99.189407
9996.789551	-99.827705
10002.172852	-99.411781
10007.556152	-99.495895
10012.939453	-99.626617
10018.322754	-99.091728
10023.706055	-98.898064
10029.089355	-99.178993
10034.472656	-99.172569
10039.855957	-99.245956
10045.239258	-99.378998
10050.622559	-98.988899
10056.005859	-98.880966
10061.389160	-99.561409
10066.772461	-99.816307
10072.155762	-98.800713
10077.539062	-99.061363
10082.922363	-98.727821
10088.305664	-99.180573
10093.688965	-98.926888
10099.072266	-99.240097
10104.455566	-99.151558
10109.838867	-99.274887
10115.222168	-99.197800
10120.605469	-99.073647
10125.988770	-99.183769
10131.372070	-99.418823
10136.755371	-99.708618
10142.138672	-99.569801
10147.521973	-99.538498
10152.905273	-99.648613
10158.288574	-99.674683
10163.671875	-99.324631
10169.055176	-99.365959
10174.438477	-99.497314
10179.821777	-99.223343
10185.205078	-99.274673
10190.588379	-99.591568
10195.971680	-99.515846
10201.354980	-99.137932
10206.738281	-99.212616
10212.121582	-99.412125
10217.504883	-99.429367
10222.888184	-98.912498
10228.271484	-99.292534
10233.654785	-99.579086
10239.038086	-99.559471
10244.421387	-98.880440
10249.804688	-99.073616
10255.187988	-99.085815
10260.571289	-99.153648
10265.954590	-98.986870
10271.337891	-99.123627
10276.721191	-99.296143
10282.104492	-99.255096
10287.487793	-99.072159
10292.871094	-99.497017
10298.254395	-99.520348
10303.637695	-98.943680
10309.020996	-98.755737
10314.404297	-98.909866
10319.787598	-98.400467
10325.170898	-98.941849
10330.554199	-99.585579
10335.937500	-99.360825
10341.320801	-99.560234
10346.704102	-99.178009
10352.087402	-98.731262
10357.470703	-99.021721
10362.854004	-99.165283
10368.237305	-98.985954
10373.620605	-99.028702
10379.003906	-99.271500
10384.387207	-99.619316
10389.770508	-99.536102
10395.153809	-99.311409
10400.537109	-99.220894
10405.920410	-99.430618
10411.303711	-99.487038
10416.687012	-99.450348
10422.070312	-99.215576
10427.453613	-99.242767
10432.836914	-99.065392
10438.220215	-98.603851
10443.603516	-98.936584
10448.986816	-99.223450
10454.370117	-99.238976
10459.753418	-99.446960
10465.136719	-99.509377
10470.520020	-99.754959
10475.903320	-99.410088
10481.286621	-99.169212
10486.669922	-99.452919
10492.053223	-99.450325
10497.436523	-99.405388
10502.819824	-99.304573
10508.203125	-99.047554
10513.586426	-98.781776
10518.969727	-98.654099
10524.353027	-99.207924
10529.736328	-99.313072
10535.119629	-99.316360
10540.502930	-99.309731
10545.886230	-99.817268
10551.269531	-99.713867
10556.652832	-99.285805
10562.036133	-98.871689
10567.419434	-99.190437
10572.802734	-98.985985
10578.186035	-99.340111
10583.569336	-99.153320
10588.952637	-99.540306
10594.335938	-99.588570
10599.719238	-99.217636
10605.102539	-99.086235
10610.485840	-98.263336
10615.869141	-98.745209
10621.252441	-98.937279
10626.635742	-98.871178
10632.019043	-98.944527
10637.402344	-99.450584
10642.785645	-98.840782
10648.168945	-99.114250
10653.552246	-99.573097
10658.935547	-99.111458
10664.318848	-99.834442
10669.702148	-99.167587
10675.085449	-99.112946
10680.468750	-98.878387
10685.852051	-98.938820
10691.235352	-99.053879
10696.618652	-98.866882
10702.001953	-99.167152
10707.385254	-99.076035
10712.768555	-99.200127
10718.151855	-99.672623
10723.535156	-99.188309
10728.918457	-99.391663
10734.301758	-99.702248
10739.685059	-99.352623
10745.068359	-99.383614
10750.451660	-99.991852
10755.834961	-99.670998
10761.218262	-99.231567
10766.601562	-98.872879
10771.984863	-99.266670
10777.368164	-99.345901
10782.751465	-99.460068
10788.134766	-99.212929
10793.518066	-98.952011
10798.901367	-98.716019
10804.284668	-98.880219
10809.667969	-98.590218
10815.051270	-99.496719
10820.434570	-99.296860
10825.817871	-98.832657
10831.201172	-98.994026
10836.584473	-98.932648
10841.967773	-99.080215
10847.351074	-99.023552
10852.734375	-98.373718
10858.117676	-99.027390
10863.500977	-99.920357
10868.884277	-99.685425
10874.267578	-99.764702
10879.650879	-99.591125
10885.034180	-99.315170
10890.417480	-99.434807
10895.800781	-99.288498
10901.184082	-98.951912
10906.567383	-99.261520
10911.950684	-99.094818
10917.333984	-98.631851
10922.717285	-99.365288
10928.100586	-99.191574
10933.483887	-98.988106
10938.867188	-98.938217
10944.250488	-98.943329
10949.633789	-98.795837
10955.017090	-99.385086
10960.400391	-99.677704
10965.783691	-98.743279
10971.166992	-98.523506
10976.550293	-98.714371
10981.933594	-98.762299
10987.316895	-99.230095
10992.700195	-99.091721
10998.083496	-98.626755
11003.466797	-98.893486
11008.850098	-98.901085
11014.233398	-99.237610
11019.616699	-98.606377
11025.000000	-98.984512
11030.383301	-98.771683
11035.766602	-98.435844
11041.149902	-98.604836
11046.533203	-98.817238
11051.916504	-99.392441
11057.299805	-99.387901
11062.683105	-98.786125
11068.066406	-98.314545
11073.449707	-98.139977
11078.833008	-98.942474
11084.216309	-98.857353
11089.599609	-99.001755
11094.982910	-99.073425
11100.366211	-98.827301
11105.749512	-99.538956
11111.132812	-99.811844
11116.516113	-99.334923
11121.899414	-98.803185
11127.282715	-99.144493
11132.666016	-98.927628
11138.049316	-98.345108
11143.432617	-98.615784
11148.815918	-98.789070
11154.199219	-98.945244
11159.582520	-99.082390
11164.965820	-99.081734
11170.349121	-98.994057
11175.732422	-98.953903
11181.115723	-98.401573
11186.499023	-98.758484
11191.882324	-99.090805
11197.265625	-99.153969
11202.648926	-99.555313
11208.032227	-99.180458
11213.415527	-98.885513
11218.798828	-99.337013
11224.182129	-99.029724
11229.565430	-98.902771
11234.948730	-98.352097
11240.332031	-98.853714
11245.715332	-99.393280
11251.098633	-99.117981
11256.481934	-99.087517
11261.865234	-99.076706
11267.248535	-98.621140
11272.631836	-98.722252
11278.015137	-98.517715
11283.398438	-99.014214
11288.781738	-99.407333
11294.165039	-99.120117
11299.548340	-98.768402
11304.931641	-98.742111
11310.314941	-98.915306
11315.698242	-99.138649
11321.081543	-98.882378
11326.464844	-99.288773
11331.848145	-98.995651
11337.231445	-98.969559
11342.614746	-98.897339
11347.998047	-98.791191
11353.381348	-98.526871
11358.764648	-98.563705
11364.147949	-98.664619
11369.531250	-99.106926
11374.914551	-98.751488
11380.297852	-98.377319
11385.681152	-98.608681
11391.064453	-98.451294
11396.447754	-98.929832
11401.831055	-98.513847
11407.214355	-98.477356
11412.597656	-99.081154
11417.980957	-99.208092
11423.364258	-99.217369
11428.747559	-98.954796
11434.130859	-98.779556
11439.514160	-98.840317
11444.897461	-99.020973
11450.280762	-98.314812
11455.664062	-98.772110
11461.047363	-98.436714
11466.430664	-98.864876
11471.813965	-99.327415
11477.197266	-98.875092
11482.580566	-98.805397
11487.963867	-98.881615
11493.347168	-99.279678
11498.730469	-99.089493
11504.113770	-99.147690
11509.497070	-98.780762
11514.880371	-98.892288
11520.263672	-98.868561
11525.646973	-98.801460
11531.030273	-98.705658
11536.413574	-98.885818
11541.796875	-99.108727
11547.180176	-99.049744
11552.563477	-99.119659
11557.946777	-99.043396
11563.330078	-99.183685
11568.713379	-98.640282
11574.096680	-98.330429
11579.479980	-98.526131
11584.863281	-98.651756
11590.246582	-98.399330
11595.629883	-98.424606
11601.013184	-98.600090
11606.396484	-98.454086
11611.779785	-98.586571
11617.163086	-98.440247
11622.546387	-98.717415
11627.929688	-99.236038
11633.312988	-98.624199
11638.696289	-98.824432
11644.079590	-99.705399
11649.462891	-98.874649
11654.846191	-99.195709
11660.229492	-98.110153
11665.612793	-98.304352
11670.996094	-99.045151
11676.379395	-98.777161
11681.762695	-98.288094
11687.145996	-98.330612
11692.529297	-98.997589
11697.912598	-98.786507
11703.295898	-98.758568
11708.679199	-99.089081
11714.062500	-99.274246
11719.445801	-98.973442
11724.829102	-98.775574
11730.212402	-98.675056
11735.595703	-98.844406
11740.979004	-99.089760
11746.362305	-98.922081
11751.745605	-98.438705
11757.128906	-98.757172
11762.512207	-99.549240
11767.895508	-98.938484
11773.278809	-98.916557
11778.662109	-98.722290
11784.045410	-98.766045
11789.428711	-98.619797
11794.812012	-98.705521
11800.195312	-98.275322
11805.578613	-98.235130
11810.961914	-98.766983
11816.345215	-99.008766
11821.728516	-98.392723
11827.111816	-98.075134
11832.495117	-98.181099
11837.878418	-98.528145
11843.261719	-99.037247
11848.645020	-99.039284
11854.028320	-98.632675
11859.411621	-99.110863
11864.794922	-99.186554
11870.178223	-99.032791
11875.561523	-99.035652
11880.944824	-98.732239
11886.328125	-98.077423
11891.711426	-98.270569
11897.094727	-98.525177
11902.478027	-98.591171
11907.861328	-98.205444
11913.244629	-98.448608
11918.627930	-98.183350
11924.011230	-98.094528
11929.394531	-98.171700
11934.777832	-98.085091
11940.161133	-98.756302
11945.544434	-99.494370
11950.927734	-99.126785
11956.311035	-98.788239
11961.694336	-98.714531
11967.077637	-98.806404
11972.460938	-98.615341
11977.844238	-98.656731
11983.227539	-98.875969
11988.610840	-98.606674
11993.994141	-98.173759
11999.377441	-98.132767
12004.760742	-98.269287
12010.144043	-99.079903
12015.527344	-98.894371
12020.910645	-98.072411
12026.293945	-98.267632
12031.677246	-98.823814
12037.060547	-98.638184
12042.443848	-98.477745
12047.827148	-98.343063
12053.210449	-98.612877
12058.593750	-98.387070
12063.977051	-98.430748
12069.360352	-98.506721
12074.743652	-98.884064
12080.126953	-98.821220
12085.510254	-98.829971
12090.893555	-98.811272
12096.276855	-98.569885
12101.660156	-98.595680
12107.043457	-98.697800
12112.426758	-98.934937
12117.810059	-98.781006
12123.193359	-98.584427
12128.576660	-98.589485
12133.959961	-98.563004
12139.343262	-99.172173
12144.726562	-98.674881
12150.109863	-98.399719
12155.493164	-98.663177
12160.876465	-98.974045
12166.259766	-99.091820
12171.643066	-99.214363
12177.026367	-98.634186
12182.409668	-98.740143
12187.792969	-98.620117
12193.176270	-98.510353
12198.559570	-98.754326
12203.942871	-98.515968
12209.326172	-98.998505
12214.709473	-98.800232
12220.092773	-98.629288
12225.476074	-98.800011
12230.859375	-98.902519
12236.242676	-99.196121
12241.625977	-98.948364
12247.009277	-98.475273
12252.392578	-98.419640
12257.775879	-98.935654
12263.159180	-99.254028
12268.542480	-98.869316
12273.925781	-98.694618
12279.309082	-98.965546
12284.692383	-99.210495
12290.075684	-99.326622
12295.458984	-99.266197
12300.842285	-98.650681
12306.225586	-98.524605
12311.608887	-99.281227
12316.992188	-98.866890
12322.375488	-98.784851
12327.758789	-99.260910
12333.142090	-99.383095
12338.525391	-99.031883
12343.908691	-99.259933
12349.291992	-98.721138
12354.675293	-98.804092
12360.058594	-98.649437
12365.441895	-98.476852
12370.825195	-98.730621
12376.208496	-98.999458
12381.591797	-98.944443
12386.975098	-98.769211
12392.358398	-98.737465
12397.741699	-99.203148
12403.125000	-99.793526
12408.508301	-99.542679
12413.891602	-99.149521
12419.274902	-98.961929
12424.658203	-99.155777
12430.041504	-99.063377
12435.424805	-98.910950
12440.808105	-99.093361
12446.191406	-98.535538
12451.574707	-98.249504
12456.958008	-99.271843
12462.341309	-99.035896
12467.724609	-99.624199
12473.107910	-98.882874
12478.491211	-99.003830
12483.874512	-99.408226
12489.257812	-99.252319
12494.641113	-98.889336
12500.024414	-99.362518
12505.407715	-99.434151
12510.791016	-98.894035
12516.174316	-98.745811
12521.557617	-99.119034
12526.940918	-99.494209
12532.324219	-99.287994
12537.707520	-98.816727
12543.090820	-99.164238
12548.474121	-99.269608
12553.857422	-99.200325
12559.240723	-99.308418
12564.624023	-98.830063
12570.007324	-98.304443
12575.390625	-98.957237
12580.773926	-99.171883
12586.157227	-99.335335
12591.540527	-98.794312
12596.923828	-98.783028
12602.307129	-98.925011
12607.690430	-99.190788
12613.073730	-99.396751
12618.457031	-99.638527
12623.840332	-99.562920
12629.223633	-99.189484
12634.606934	-99.138283
12639.990234	-99.104370
12645.373535	-99.526520
12650.756836	-99.009048
12656.140137	-98.580605
12661.523438	-98.640068
12666.906738	-99.060799
12672.290039	-98.860596
12677.673340	-99.036919
12683.056641	-99.376236
12688.439941	-99.272469
12693.823242	-99.564629
12699.206543	-99.220093
12704.589844	-99.523804
12709.973145	-99.470772
12715.356445	-99.717941
12720.739746	-99.816658
12726.123047	-99.494057
12731.506348	-99.412209
12736.889648	-98.836327
12742.272949	-98.564476
12747.656250	-99.024498
12753.039551	-99.294449
12758.422852	-99.343193
12763.806152	-99.052780
12769.189453	-99.124222
12774.572754	-99.388954
12779.956055	-99.451050
12785.339355	-99.175507
12790.722656	-99.697838
12796.105957	-99.273636
12801.489258	-99.188713
12806.872559	-98.908150
12812.255859	-98.775513
12817.639160	-99.662003
12823.022461	-99.827339
12828.405762	-99.611710
12833.789062	-99.477715
12839.172363	-99.234070
12844.555664	-99.322281
12849.938965	-99.481995
12855.322266	-99.079582
12860.705566	-99.437393
12866.088867	-99.453209
12871.472168	-98.734650
12876.855469	-99.308739
12882.238770	-99.432556
12887.622070	-99.292648
12893.005371	-99.241959
12898.388672	-98.918137
12903.771973	-98.930649
12909.155273	-99.877838
12914.538574	-99.720222
12919.921875	-99.174706
12925.305176	-99.557556
12930.688477	-99.747246
12936.071777	-99.935867
12941.455078	-99.620529
12946.838379	-99.249466
12952.221680	-99.101654
12957.604980	-99.287971
12962.988281	-99.694191
12968.371582	-99.977097
12973.754883	-99.910439
12979.138184	-99.521957
12984.521484	-99.428139
12989.904785	-99.423790
12995.288086	-98.870094
13000.671387	-99.129494
13006.054688	-99.460991
13011.437988	-99.697548
13016.821289	-100.066505
13022.204590	-99.358963
13027.587891	-98.964088
13032.971191	-99.294281
13038.354492	-99.479736
13043.737793	-99.594597
13049.121094	-99.707527
13054.504395	-99.273026
13059.887695	-99.241844
13065.270996	-98.855591
13070.654297	-99.597160
13076.037598	-99.679314
13081.420898	-99.734406
13086.804199	-99.669792
13092.187500	-99.536728
13097.570801	-99.147720
13102.954102	-99.399208
13108.337402	-99.258987
13113.720703	-99.670990
13119.104004	-99.458427
13124.487305	-99.042221
13129.870605	-99.314949
13135.253906	-99.638458
13140.637207	-99.693954
13146.020508	-100.108231
13151.403809	-99.809647
13156.787109	-99.693192
13162.170410	-99.373161
13167.553711	-99.442780
13172.937012	-99.328674
13178.320312	-99.161453
13183.703613	-99.595352
13189.086914	-99.797943
13194.470215	-100.037247
13199.853516	-99.656067
13205.236816	-99.294769
13210.620117	-99.885750
13216.003418	-99.490089
13221.386719	-99.329819
13226.770020	-99.211983
13232.153320	-99.635300
13237.536621	-99.808266
13242.919922	-99.800995
13248.303223	-99.460365
13253.686523	-100.385834
13259.069824	-99.993858
13264.453125	-99.267151
13269.836426	-99.756859
13275.219727	-99.676392
13280.603027	-99.144661
13285.986328	-99.643021
13291.369629	-99.738647
13296.752930	-99.327209
13302.136230	-99.511810
13307.519531	-99.488075
13312.902832	-99.125084
13318.286133	-99.183907
13323.669434	-99.274139
13329.052734	-99.225182
13334.436035	-99.311958
13339.819336	-99.183395
13345.202637	-99.384087
13350.585938	-99.451630
13355.969238	-99.126724
13361.352539	-99.372581
13366.735840	-99.852791
13372.119141	-99.838371
13377.502441	-98.745743
13382.885742	-99.009041
13388.269043	-100.000343
13393.652344	-99.673630
13399.035645	-99.314728
13404.418945	-99.380913
13409.802246	-99.428108
13415.185547	-99.645691
13420.568848	-99.607574
13425.952148	-99.481461
13431.335449	-99.588356
13436.718750	-99.715981
13442.102051	-99.839394
13447.485352	-99.369873
13452.868652	-99.238922
13458.251953	-99.039223
13463.635254	-99.326065
13469.018555	-99.716698
13474.401855	-99.416412
13479.785156	-98.914162
13485.168457	-99.475555
13490.551758	-100.407463
13495.935059	-100.398422
13501.318359	-100.361359
13506.701660	-99.849709
13512.084961	-99.430862
13517.468262	-99.903717
13522.851562	-100.111259
13528.234863	-99.826653
13533.618164	-99.847122
13539.001465	-100.160179
13544.384766	-99.652809
13549.768066	-99.603470
13555.151367	-99.834846
13560.534668	-99.383675
13565.917969	-99.307915
13571.301270	-99.558472
13576.684570	-99.614342
13582.067871	-100.098732
13587.451172	-99.706093
13592.834473	-99.547340
13598.217773	-99.290894
13603.601074	-99.255150
13608.984375	-99.841049
13614.367676	-100.123711
13619.750977	-99.750725
13625.134277	-99.493530
13630.517578	-99.207268
13635.900879	-99.871452
13641.284180	-99.426216
13646.667480	-99.730507
13652.050781	-99.910889
13657.434082	-99.572510
13662.817383	-99.487091
13668.200684	-99.084946
13673.583984	-100.013847
13678.967285	-99.832840
13684.350586	-99.908981
13689.733887	-99.744003
13695.117188	-99.904457
13700.500488	-100.717537
13705.883789	-100.153252
13711.267090	-99.621277
13716.650391	-99.712067
13722.033691	-100.183228
13727.416992	-100.286049
13732.800293	-99.935249
13738.183594	-99.548592
13743.566895	-99.353714
13748.950195	-100.236687
13754.333496	-99.754837
13759.716797	-99.307396
13765.100098	-99.190384
13770.483398	-99.647507
13775.866699	-99.431076
13781.250000	-99.921822
13786.633301	-99.661888
13792.016602	-99.664085
13797.399902	-99.826241
13802.783203	-99.998344
13808.166504	-99.556503
13813.549805	-99.306664
13818.933105	-99.966095
13824.316406	-99.502167
13829.699707	-99.578667
13835.083008	-99.450432
13840.466309	-99.395012
13845.849609	-99.398621
13851.232910	-99.183517
13856.616211	-99.617775
13861.999512	-100.147575
13867.382812	-99.920792
13872.766113	-99.659454
13878.149414	-99.683167
13883.532715	-99.995781
13888.916016	-100.270149
13894.299316	-99.890175
13899.682617	-99.451569
13905.065918	-99.408241
13910.449219	-99.447212
13915.832520	-99.406387
13921.215820	-99.788033
13926.599121	-100.076126
13931.982422	-100.148285
13937.365723	-100.033585
13942.749023	-99.699928
13948.132324	-99.738113
13953.515625	-100.052322
13958.898926	-99.601189
13964.282227	-99.519753
13969.665527	-99.450607
13975.048828	-99.963783
13980.432129	-100.690605
13985.815430	-99.733368
13991.198730	-99.808708
13996.582031	-99.233109
14001.965332	-99.603989
14007.348633	-99.798729
14012.731934	-100.414589
14018.115234	-100.896141
14023.498535	-100.087494
14028.881836	-100.404968
14034.265137	-100.710167
14039.648438	-100.034470
14045.031738	-99.052444
14050.415039	-98.849373
14055.798340	-99.567909
14061.181641	-99.649345
14066.564941	-99.608727
14071.948242	-99.591255
14077.331543	-100.081345
14082.714844	-99.833382
14088.098145	-99.843109
14093.481445	-99.967400
14098.864746	-99.841705
14104.248047	-99.819450
14109.631348	-99.732468
14115.014648	-99.886551
14120.397949	-99.959198
14125.781250	-99.329201
14131.164551	-99.772392
14136.547852	-99.747185
14141.931152	-100.003487
14147.314453	-99.975937
14152.697754	-99.519936
14158.081055	-99.488770
14163.464355	-99.815445
14168.847656	-99.844460
14174.230957	-99.633171
14179.614258	-99.539101
14184.997559	-99.291649
14190.380859	-99.292572
14195.764160	-99.199524
14201.147461	-98.984879
14206.530762	-99.335793
14211.914062	-99.672424
14217.297363	-99.447350
14222.680664	-100.087585
14228.063965	-99.815430
14233.447266	-99.341904
14238.830566	-99.188118
14244.213867	-99.674644
14249.597168	-99.602303
14254.980469	-99.808487
14260.363770	-99.453987
14265.747070	-99.408745
14271.130371	-99.403328
14276.513672	-99.704140
14281.896973	-99.894386
14287.280273	-100.051765
14292.663574	-99.420052
14298.046875	-99.525444
14303.430176	-100.182350
14308.813477	-99.738449
14314.196777	-99.594063
14319.580078	-99.586891
14324.963379	-99.472351
14330.346680	-99.782562
14335.729980	-99.695351
14341.113281	-99.127571
14346.496582	-99.682320
14351.879883	-99.446838
14357.263184	-99.072441
14362.646484	-99.271324
14368.029785	-99.273994
14373.413086	-99.302185
14378.796387	-99.684692
14384.179688	-99.798813
14389.562988	-99.629486
14394.946289	-99.705833
14400.329590	-99.732590
14405.712891	-99.872223
14411.096191	-99.825439
14416.479492	-99.031616
14421.862793	-98.967468
14427.246094	-98.939903
14432.629395	-99.397026
14438.012695	-99.694862
14443.395996	-99.841454
14448.779297	-100.177979
14454.162598	-100.179359
14459.545898	-99.627937
14464.929199	-99.569946
14470.312500	-100.188316
14475.695801	-100.118881
14481.079102	-99.799820
14486.462402	-99.744026
14491.845703	-99.844406
14497.229004	-99.487854
14502.612305	-99.516159
14507.995605	-99.906830
14513.378906	-99.851913
14518.762207	-99.711708
14524.145508	-99.959061
14529.528809	-99.211876
14534.912109	-99.646133
14540.295410	-99.733772
14545.678711	-99.786835
14551.062012	-99.619469
14556.445312	-99.428444
14561.828613	-100.080193
14567.211914	-99.662163
14572.595215	-99.408821
14577.978516	-99.660042
14583.361816	-100.475830
14588.745117	-100.477531
14594.128418	-99.782768
14599.511719	-99.445633
14604.895020	-99.646469
14610.278320	-99.879768
14615.661621	-99.558014
14621.044922	-99.394257
14626.428223	-99.951523
14631.811523	-100.098839
14637.194824	-99.607750
14642.578125	-100.000565
14647.961426	-100.220047
14653.344727	-99.737305
14658.728027	-99.679024
14664.111328	-99.846039
14669.494629	-99.499222
14674.877930	-99.552155
14680.261230	-95.086121
14685.644531	-95.539032
14691.027832	-99.482079
14696.411133	-99.437653
14701.794434	-99.222420
14707.177734	-100.035881
14712.561035	-99.727928
14717.944336	-99.624336
14723.327637	-99.709808
14728.710938	-99.697220
14734.094238	-99.482758
14739.477539	-99.313728
14744.860840	-99.433968
14750.244141	-99.540932
14755.627441	-99.475586
14761.010742	-98.874512
14766.394043	-99.413101
14771.777344	-100.096336
14777.160645	-99.973671
14782.543945	-99.501396
14787.927246	-99.804573
14793.310547	-99.703316
14798.693848	-99.577316
14804.077148	-99.635445
14809.460449	-99.161423
14814.843750	-100.023605
14820.227051	-99.123993
14825.610352	-99.460320
14830.993652	-99.891861
14836.376953	-100.066742
14841.760254	-100.146416
14847.143555	-99.286133
14852.526855	-99.750267
14857.910156	-99.980827
14863.293457	-99.390747
14868.676758	-99.549255
14874.060059	-99.333160
14879.443359	-99.309013
14884.826660	-99.644890
14890.209961	-99.082405
14895.593262	-99.066757
14900.976562	-99.461128
14906.359863	-99.180504
14911.743164	-99.771881
14917.126465	-100.075806
14922.509766	-99.439674
14927.893066	-99.042831
14933.276367	-99.133926
14938.659668	-99.605034
14944.042969	-99.817451
14949.426270	-100.112762
14954.809570	-99.948608
14960.192871	-99.438194
14965.576172	-99.167641
14970.959473	-99.419395
14976.342773	-99.679695
14981.726074	-99.386528
14987.109375	-100.000404
14992.492676	-100.114639
14997.875977	-99.156502
15003.259277	-99.633392
15008.642578	-100.292717
15014.025879	-99.755089
15019.409180	-99.518135
15024.792480	-99.550499
15030.175781	-99.518494
15035.559082	-99.462502
15040.942383	-100.007431
15046.325684	-99.932022
15051.708984	-99.638504
15057.092285	-99.863754
15062.475586	-100.107040
15067.858887	-99.621399
15073.242188	-99.210182
15078.625488	-99.386848
15084.008789	-99.648521
15089.392090	-99.714386
15094.775391	-99.453621
15100.158691	-99.238785
15105.541992	-99.262985
15110.925293	-99.151047
15116.308594	-98.952621
15121.691895	-99.331886
15127.075195	-100.089539
15132.458496	-99.654839
15137.841797	-99.925026
15143.225098	-99.882393
15148.608398	-99.950912
15153.991699	-99.681419
15159.375000	-99.543182
15164.758301	-99.359047
15170.141602	-99.340439
15175.524902	-99.632126
15180.908203	-99.434624
15186.291504	-99.629135
15191.674805	-99.976196
15197.058105	-99.856621
15202.441406	-99.585167
15207.824707	-99.472618
15213.208008	-99.602806
15218.591309	-99.740143
15223.974609	-99.845299
15229.357910	-99.796051
15234.741211	-99.597153
15240.124512	-99.439461
15245.507812	-99.455002
15250.891113	-99.074318
15256.274414	-99.306274
15261.657715	-99.584389
15267.041016	-100.152336
15272.424316	-100.125450
15277.807617	-100.409111
15283.190918	-100.143883
15288.574219	-99.750137
15293.957520	-99.708969
15299.340820	-100.293106
15304.724121	-100.089874
15310.107422	-99.727913
15315.490723	-100.362793
15320.874023	-100.203712
15326.257324	-100.199265
15331.640625	-100.125755
15337.023926	-100.119492
15342.407227	-100.086906
15347.790527	-99.904327
15353.173828	-99.570618
15358.557129	-99.473793
15363.940430	-99.849297
15369.323730	-99.582069
15374.707031	-99.162743
15380.090332	-99.831490
15385.473633	-99.864380
15390.856934	-99.698456
15396.240234	-99.838844
15401.623535	-99.152901
15407.006836	-99.190887
15412.390137	-99.530777
15417.773438	-99.459511
15423.156738	-99.578133
15428.540039	-99.464020
15433.923340	-99.906487
15439.306641	-99.839607
15444.689941	-99.642036
15450.073242	-99.387794
15455.456543	-99.920853
15460.839844	-99.555870
15466.223145	-100.046722
15471.606445	-99.736618
15476.989746	-99.447380
15482.373047	-100.174446
15487.756348	-99.570175
15493.139648	-99.200432
15498.522949	-99.335945
15503.906250	-99.414047
15509.289551	-99.512199
15514.672852	-99.639137
15520.056152	-100.063370
15525.439453	-99.422073
15530.822754	-99.124565
15536.206055	-99.798737
15541.589355	-100.013657
15546.972656	-99.445015
15552.355957	-99.659996
15557.739258	-99.590187
15563.122559	-99.775719
15568.505859	-99.731445
15573.889160	-100.182457
15579.272461	-100.454224
15584.655762	-99.803757
15590.039062	-99.625687
15595.422363	-99.684219
15600.805664	-99.690605
15606.188965	-99.970154
15611.572266	-99.910820
15616.955566	-99.383179
15622.338867	-99.298141
15627.722168	-99.354630
15633.105469	-99.521988
15638.488770	-99.880035
15643.872070	-99.642410
15649.255371	-99.322517
15654.638672	-97.739952
15660.021973	-97.041595
15665.405273	-99.257896
15670.788574	-99.738777
15676.171875	-99.759277
15681.555176	-99.556183
15686.938477	-99.156624
15692.321777	-99.254669
15697.705078	-99.706093
15703.088379	-99.929314
15708.471680	-99.593590
15713.854980	-99.816673
15719.238281	-99.249557
15724.621582	-99.264114
15730.004883	-99.602020
15735.388184	-99.242882
15740.771484	-99.111053
15746.154785	-99.507980
15751.538086	-99.788277
15756.921387	-100.142654
15762.304688	-100.188858
15767.687988	-100.013016
15773.071289	-99.686401
15778.454590	-99.152908
15783.837891	-99.212189
15789.221191	-99.577560
15794.604492	-100.117226
15799.987793	-99.845901
15805.371094	-100.093292
15810.754395	-99.620102
15816.137695	-99.423653
15821.520996	-99.145241
15826.904297	-99.553986
15832.287598	-99.658333
15837.670898	-99.548927
15843.054199	-99.514320
15848.437500	-99.995033
15853.820801	-100.013756
15859.204102	-99.485146
15864.587402	-99.488190
15869.970703	-99.427948
15875.354004	-99.423126
15880.737305	-98.904434
15886.120605	-98.813118
15891.503906	-99.324684
15896.887207	-99.112740
15902.270508	-99.106728
15907.653809	-99.408058
15913.037109	-99.094910
15918.420410	-99.073853
15923.803711	-99.193085
15929.187012	-98.871513
15934.570312	-98.972008
15939.953613	-98.908463
15945.336914	-98.559479
15950.720215	-98.764282
15956.103516	-99.167946
15961.486816	-98.937775
15966.870117	-98.677879
15972.253418	-98.712608
15977.636719	-99.115845
15983.020020	-98.822189
15988.403320	-98.368469
15993.786621	-98.163895
15999.169922	-97.901138
16004.553223	-98.278320
16009.936523	-98.245491
16015.319824	-98.522644
16020.703125	-98.880417
16026.086426	-98.232277
16031.469727	-98.996544
16036.853027	-98.869148
16042.236328	-99.139290
16047.619629	-99.002960
16053.002930	-98.468246
16058.386230	-98.839722
16063.769531	-98.694321
16069.152832	-99.129562
16074.536133	-99.198074
16079.919434	-98.888313
16085.302734	-98.626701
16090.686035	-99.098320
16096.069336	-98.946030
16101.452637	-99.151520
16106.835938	-99.490326
16112.219238	-99.680153
16117.602539	-99.015106
16122.985840	-99.289871
16128.369141	-99.610611
16133.752441	-99.271652
16139.135742	-99.190666
16144.519043	-99.165756
16149.902344	-99.633560
16155.285645	-98.959312
16160.668945	-98.885948
16166.052246	-99.370377
16171.435547	-99.419685
16176.818848	-99.023468
16182.202148	-99.373085
16187.585449	-99.555054
16192.968750	-98.978134
16198.352051	-99.741127
16203.735352	-100.294731
16209.118652	-99.998329
16214.501953	-99.473396
16219.885254	-99.607727
16225.268555	-99.772171
16230.651855	-99.668404
16236.035156	-98.617897
16241.418457	-99.104866
16246.801758	-99.121483
16252.185059	-99.719322
16257.568359	-99.774628
16262.951660	-99.349976
16268.334961	-99.569710
16273.718262	-100.034691
16279.101562	-99.726463
16284.484863	-99.226944
16289.868164	-99.551620
16295.251465	-99.607895
16300.634766	-99.843239
16306.018066	-99.644356
16311.401367	-99.587723
16316.784668	-99.592285
16322.167969	-99.856079
16327.551270	-99.520432
16332.934570	-99.869225
16338.317871	-99.615891
16343.701172	-99.147133
16349.084473	-99.893723
16354.467773	-100.238701
16359.851074	-100.031624
16365.234375	-99.469910
16370.617676	-99.172150
16376.000977	-99.595825
16381.384277	-99.480644
16386.767578	-99.787971
16392.150879	-99.773827
16397.534180	-99.631538
16402.917480	-99.615334
16408.300781	-99.609909
16413.684082	-100.077141
16419.067383	-99.638840
16424.450684	-99.061760
16429.833984	-99.292030
16435.217285	-99.396858
16440.600586	-99.513329
16445.983887	-99.141197
16451.367188	-98.990982
16456.750488	-99.453789
16462.133789	-99.670288
16467.517090	-99.699898
16472.900391	-99.417625
16478.283691	-99.416664
16483.666992	-99.628304
16489.050293	-99.735229
16494.433594	-99.796448
16499.816895	-100.187782
16505.200195	-99.862503
16510.583496	-99.612022
16515.966797	-99.210732
16521.350098	-98.678764
16526.733398	-99.644211
16532.116699	-99.540329
16537.500000	-99.357430
16542.883301	-99.861473
16548.266602	-99.814018
16553.649902	-99.704460
16559.033203	-99.794449
16564.416504	-99.603012
16569.799805	-99.447571
16575.183105	-99.752556
16580.566406	-99.327019
16585.949707	-99.385948
16591.333008	-99.659393
16596.716309	-99.471603
16602.099609	-99.090866
16607.482910	-99.043922
16612.866211	-99.526871
16618.249512	-99.786942
16623.632812	-99.263412
16629.016113	-99.454071
16634.399414	-99.828827
16639.782715	-99.661270
16645.166016	-99.376900
16650.549316	-99.013817
16655.932617	-99.563911
16661.315918	-99.679878
16666.699219	-99.322754
16672.082520	-99.059357
16677.465820	-99.491417
16682.849121	-99.809669
16688.232422	-99.592010
16693.615723	-99.670822
16698.999023	-99.946472
16704.382324	-99.438797
16709.765625	-99.227417
16715.148926	-99.408768
16720.532227	-99.888184
16725.915527	-99.805290
16731.298828	-99.512947
16736.682129	-99.724724
16742.065430	-99.716667
16747.448730	-99.446526
16752.832031	-99.550964
16758.215332	-99.604546
16763.598633	-99.578728
16768.981934	-100.153152
16774.365234	-99.754913
16779.748535	-99.641945
16785.131836	-99.355003
16790.515137	-99.374535
16795.898438	-100.075409
16801.281738	-99.647522
16806.665039	-99.813377
16812.048340	-99.509888
16817.431641	-99.662430
16822.814941	-99.710281
16828.198242	-99.599785
16833.581543	-99.682236
16838.964844	-99.375107
16844.348145	-99.425896
16849.731445	-99.420990
16855.114746	-99.540001
16860.498047	-99.624870
16865.881348	-99.729942
16871.264648	-99.650917
16876.647949	-99.650307
16882.031250	-99.169525
16887.414551	-99.092499
16892.797852	-100.129074
16898.181152	-100.092491
16903.564453	-99.687950
16908.947754	-99.796280
16914.331055	-99.451859
16919.714355	-97.852386
16925.097656	-99.204094
16930.480957	-99.552940
16935.864258	-100.016045
16941.247559	-99.977142
16946.630859	-99.978447
16952.014160	-100.002953
16957.397461	-99.635017
16962.780762	-99.375038
16968.164062	-99.692886
16973.547363	-98.650635
16978.930664	-98.998077
16984.313965	-99.812057
16989.697266	-99.454033
16995.080566	-99.082039
17000.463867	-99.526909
17005.847168	-100.146568
17011.230469	-99.914146
17016.613770	-99.396751
17021.997070	-99.290215
17027.380371	-99.347191
17032.763672	-99.237587
17038.146973	-100.185257
17043.530273	-100.222298
17048.913574	-99.569794
17054.296875	-99.449265
17059.680176	-99.336922
17065.063477	-99.478012
17070.446777	-99.554344
17075.830078	-99.152931
17081.213379	-99.439766
17086.596680	-100.087830
17091.979980	-100.055901
17097.363281	-99.151169
17102.746582	-99.384949
17108.129883	-100.087532
17113.513184	-99.532555
17118.896484	-99.289391
17124.279785	-99.548927
17129.663086	-99.579910
17135.046387	-99.712997
17140.429688	-99.759888
17145.812988	-99.533813
17151.196289	-99.421310
17156.579590	-100.032631
17161.962891	-99.802254
17167.346191	-99.294899
17172.729492	-99.448288
17178.112793	-99.768066
17183.496094	-99.957390
17188.879395	-99.868362
17194.262695	-100.039803
17199.645996	-99.911667
17205.029297	-100.048843
17210.412598	-99.824394
17215.795898	-99.730232
17221.179199	-99.821304
17226.562500	-100.223640
17231.945801	-100.075165
17237.329102	-99.813568
17242.712402	-99.788269
17248.095703	-99.844101
17253.479004	-100.021584
17258.862305	-99.994698
17264.245605	-100.295044
17269.628906	-100.276413
17275.012207	-99.864502
17280.395508	-99.753265
17285.778809	-100.339592
17291.162109	-99.750969
17296.545410	-99.848320
17301.928711	-100.201935
17307.312012	-99.448853
17312.695312	-99.802734
17318.078613	-99.628929
17323.461914	-99.384834
17328.845215	-99.348534
17334.228516	-99.765320
17339.611816	-99.442039
17344.995117	-99.341095
17350.378418	-99.778160
17355.761719	-99.250443
17361.145020	-99.654137
17366.528320	-100.082153
17371.911621	-100.075790
17377.294922	-100.179680
17382.678223	-100.125290
17388.061523	-99.565834
17393.444824	-99.433975
17398.828125	-99.503922
17404.211426	-100.423843
17409.594727	-99.810577
17414.978027	-100.047615
17420.361328	-99.732468
17425.744629	-99.591911
17431.127930	-100.024002
17436.511230	-100.147919
17441.894531	-100.249405
17447.277832	-99.625511
17452.661133	-99.628075
17458.044434	-99.648811
17463.427734	-99.289200
17468.811035	-98.870705
17474.194336	-99.119591
17479.577637	-99.279892
17484.960938	-99.526031
17490.344238	-99.385689
17495.727539	-99.205231
17501.110840	-99.428085
17506.494141	-99.696976
17511.877441	-99.567238
17517.260742	-99.597069
17522.644043	-99.701073
17528.027344	-99.949379
17533.410645	-99.710991
17538.793945	-99.564606
17544.177246	-99.733055
17549.560547	-99.805893
17554.943848	-99.826485
17560.327148	-100.036484
17565.710449	-100.040779
17571.093750	-99.834717
17576.477051	-99.861252
17581.860352	-99.424568
17587.243652	-99.562027
17592.626953	-99.789581
17598.010254	-99.887527
17603.393555	-99.635201
17608.776855	-99.748550
17614.160156	-99.828835
17619.543457	-100.060341
17624.926758	-99.693268
17630.310059	-99.144432
17635.693359	-99.210350
17641.076660	-99.528595
17646.459961	-99.987099
17651.843262	-99.741943
17657.226562	-99.516830
17662.609863	-99.481628
17667.993164	-99.934448
17673.376465	-99.592621
17678.759766	-99.871140
17684.143066	-100.038383
17689.526367	-99.948601
17694.909668	-99.452866
17700.292969	-99.703369
17705.676270	-99.870476
17711.059570	-99.940552
17716.442871	-99.906181
17721.826172	-99.614578
17727.209473	-99.967903
17732.592773	-100.243492
17737.976074	-100.008446
17743.359375	-99.827950
17748.742676	-99.683830
17754.125977	-100.097092
17759.509277	-100.132645
17764.892578	-99.311378
17770.275879	-99.503693
17775.659180	-99.576851
17781.042480	-99.497391
17786.425781	-99.777748
17791.809082	-99.509506
17797.192383	-99.547348
17802.575684	-99.743713
17807.958984	-99.817734
17813.342285	-98.920036
17818.725586	-99.467644
17824.108887	-99.306396
17829.492188	-99.788574
17834.875488	-99.748787
17840.258789	-99.826256
17845.642090	-99.811302
17851.025391	-99.996147
17856.408691	-99.975342
17861.791992	-99.766762
17867.175293	-99.615761
17872.558594	-99.802521
17877.941895	-99.755096
17883.325195	-99.661949
17888.708496	-99.302788
17894.091797	-99.299500
17899.475098	-99.507721
17904.858398	-99.509705
17910.241699	-98.988327
17915.625000	-99.232697
17921.008301	-98.961243
17926.391602	-99.083923
17931.774902	-99.067574
17937.158203	-99.037148
17942.541504	-99.219696
17947.924805	-99.052673
17953.308105	-98.966484
17958.691406	-99.707504
17964.074707	-99.826149
17969.458008	-99.714767
17974.841309	-99.640823
17980.224609	-99.427277
17985.607910	-99.152176
17990.991211	-99.414627
17996.374512	-99.547295
18001.757812	-99.264778
18007.141113	-99.392761
18012.524414	-99.526108
18017.907715	-100.115128
18023.291016	-99.277809
18028.674316	-99.107605
18034.057617	-99.493378
18039.440918	-99.648605
18044.824219	-99.458565
18050.207520	-99.156319
18055.590820	-99.317841
18060.974121	-99.427750
18066.357422	-99.439964
18071.740723	-99.607887
18077.124023	-99.277748
18082.507324	-98.956963
18087.890625	-99.397987
18093.273926	-99.654350
18098.657227	-99.549919
18104.040527	-98.857407
18109.423828	-98.837120
18114.807129	-99.352905
18120.190430	-99.398552
18125.573730	-99.127892
18130.957031	-99.393570
18136.340332	-99.486092
18141.723633	-99.195076
18147.106934	-98.992165
18152.490234	-99.287613
18157.873535	-98.668053
18163.256836	-98.948174
18168.640137	-98.961533
18174.023438	-99.670937
18179.406738	-99.051857
18184.790039	-98.919647
18190.173340	-99.085457
18195.556641	-99.458115
18200.939941	-99.124153
18206.323242	-99.136314
18211.706543	-98.942955
18217.089844	-98.903000
18222.473145	-98.786774
18227.856445	-99.445633
18233.239746	-99.486176
18238.623047	-99.033791
18244.006348	-98.923630
18249.389648	-99.009758
18254.772949	-98.564545
18260.156250	-98.867447
18265.539551	-98.848640
18270.922852	-99.147774
18276.306152	-99.332047
18281.689453	-98.905579
18287.072754	-98.459579
18292.456055	-98.756691
18297.839355	-98.571770
18303.222656	-98.838608
18308.605957	-99.161858
18313.989258	-99.134766
18319.372559	-99.019691
18324.755859	-98.914803
18330.139160	-99.030418
18335.522461	-98.443230
18340.905762	-98.751495
18346.289062	-98.470558
18351.672363	-98.987007
18357.055664	-99.176331
18362.438965	-98.377075
18367.822266	-98.643532
18373.205566	-99.092987
18378.588867	-99.005508
18383.972168	-98.843849
18389.355469	-98.542656
18394.738770	-99.415390
18400.122070	-99.544388
18405.505371	-99.051918
18410.888672	-98.817116
18416.271973	-98.878647
18421.655273	-98.959778
18427.038574	-98.448723
18432.421875	-98.429573
18437.805176	-98.668854
18443.188477	-98.496506
18448.571777	-98.897301
18453.955078	-98.496147
18459.338379	-98.819458
18464.721680	-98.808800
18470.104980	-98.619041
18475.488281	-99.252060
18480.871582	-99.159821
18486.254883	-98.883133
18491.638184	-99.154640
18497.021484	-99.050018
18502.404785	-98.171982
18507.788086	-98.541214
18513.171387	-98.605400
18518.554688	-99.143120
18523.937988	-98.844696
18529.321289	-98.341713
18534.704590	-98.593941
18540.087891	-98.745934
18545.471191	-98.751450
18550.854492	-98.686874
18556.237793	-98.473351
18561.621094	-98.692146
18567.004395	-98.906273
18572.387695	-99.093933
18577.770996	-98.731216
18583.154297	-98.805557
18588.537598	-99.139191
18593.920898	-98.716087
18599.304199	-98.730019
18604.687500	-98.570908
18610.070801	-98.621544
18615.454102	-98.662788
18620.837402	-99.161316
18626.220703	-99.024803
18631.604004	-98.521400
18636.987305	-99.156326
18642.370605	-99.253899
18647.753906	-98.673569
18653.137207	-98.044960
18658.520508	-99.152649
18663.903809	-99.386559
18669.287109	-99.151001
18674.670410	-98.772202
18680.053711	-99.012825
18685.437012	-99.070618
18690.820312	-98.368439
18696.203613	-98.321297
18701.586914	-98.459465
18706.970215	-98.585335
18712.353516	-98.708603
18717.736816	-98.920074
18723.120117	-98.238159
18728.503418	-98.334770
18733.886719	-98.873596
18739.270020	-98.598808
18744.653320	-98.728752
18750.036621	-99.035889
18755.419922	-98.986641
18760.803223	-98.554680
18766.186523	-98.538528
18771.569824	-98.691338
18776.953125	-98.609230
18782.336426	-98.699921
18787.719727	-98.871254
18793.103027	-98.966827
18798.486328	-98.317230
18803.869629	-98.123711
18809.252930	-99.032913
18814.636230	-98.521057
18820.019531	-98.230125
18825.402832	-99.079109
18830.786133	-99.456848
18836.169434	-98.707344
18841.552734	-98.418060
18846.936035	-98.904816
18852.319336	-97.928268
18857.702637	-97.823921
18863.085938	-98.466850
18868.469238	-98.323959
18873.852539	-98.729706
18879.235840	-98.660591
18884.619141	-98.724602
18890.002441	-98.428764
18895.385742	-98.244293
18900.769043	-98.503922
18906.152344	-98.656235
18911.535645	-98.772560
18916.918945	-98.674736
18922.302246	-98.575745
18927.685547	-99.050163
18933.068848	-98.979721
18938.452148	-98.553177
18943.835449	-98.371239
18949.218750	-98.491631
18954.602051	-98.661842
18959.985352	-98.783211
18965.368652	-98.166496
18970.751953	-98.440361
18976.135254	-98.491631
18981.518555	-98.778191
18986.901855	-98.458710
18992.285156	-98.508202
18997.668457	-99.099182
19003.051758	-98.868065
19008.435059	-98.779694
19013.818359	-98.690666
19019.201660	-99.163322
19024.584961	-99.012161
19029.968262	-99.109825
19035.351562	-99.247795
19040.734863	-99.011627
19046.118164	-98.402901
19051.501465	-98.692909
19056.884766	-98.900658
19062.268066	-98.877266
19067.651367	-98.976738
19073.034668	-98.688118
19078.417969	-98.974625
19083.801270	-98.342552
19089.184570	-98.414017
19094.567871	-98.839859
19099.951172	-98.773491
19105.334473	-98.914352
19110.717773	-98.221489
19116.101074	-98.055214
19121.484375	-98.852631
19126.867676	-98.650543
19132.250977	-98.709595
19137.634277	-98.791855
19143.017578	-98.917618
19148.400879	-98.776817
19153.784180	-98.641808
19159.167480	-98.468033
19164.550781	-98.567162
19169.934082	-98.290565
19175.317383	-98.557259
19180.700684	-98.712074
19186.083984	-98.585907
19191.467285	-98.640900
19196.850586	-98.585030
19202.233887	-98.324623
19207.617188	-98.750443
19213.000488	-98.457397
19218.383789	-98.215561
19223.767090	-99.090202
19229.150391	-98.922874
19234.533691	-98.849693
19239.916992	-99.165039
19245.300293	-98.556038
19250.683594	-98.655296
19256.066895	-98.657188
19261.450195	-98.276840
19266.833496	-98.654327
19272.216797	-98.792809
19277.600098	-98.908257
19282.983398	-98.594833
19288.366699	-98.686081
19293.750000	-98.629913
19299.133301	-98.904945
19304.516602	-99.539146
19309.899902	-98.916359
19315.283203	-99.038788
19320.666504	-98.598259
19326.049805	-98.815277
19331.433105	-98.424797
19336.816406	-98.900314
19342.199707	-98.806259
19347.583008	-98.722740
19352.966309	-98.692291
19358.349609	-98.783661
19363.732910	-98.645714
19369.116211	-98.979286
19374.499512	-98.866379
19379.882812	-99.062141
19385.266113	-99.033379
19390.649414	-98.749680
19396.032715	-99.592339
19401.416016	-99.208298
19406.799316	-98.735130
19412.182617	-98.955956
19417.565918	-98.946861
19422.949219	-99.256088
19428.332520	-98.995705
19433.715820	-98.683517
19439.099121	-98.668854
19444.482422	-98.857468
19449.865723	-99.404373
19455.249023	-98.488472
19460.632324	-98.930809
19466.015625	-99.006050
19471.398926	-99.048264
19476.782227	-99.230988
19482.165527	-99.335472
19487.548828	-99.527092
19492.932129	-99.423050
19498.315430	-98.792961
19503.698730	-98.820679
19509.082031	-98.705009
19514.465332	-98.723961
19519.848633	-98.524673
19525.231934	-98.787941
19530.615234	-98.782158
19535.998535	-98.859711
19541.381836	-99.205284
19546.765137	-99.402908
19552.148438	-99.100388
19557.531738	-98.871864
19562.915039	-99.075401
19568.298340	-99.050323
19573.681641	-98.711983
19579.064941	-98.912292
19584.448242	-98.824120
19589.831543	-99.460335
19595.214844	-99.142921
19600.598145	-98.900414
19605.981445	-98.570320
19611.364746	-98.889442
19616.748047	-98.852531
19622.131348	-99.311569
19627.514648	-99.093941
19632.897949	-98.993340
19638.281250	-99.646568
19643.664551	-99.880463
19649.047852	-99.482567
19654.431152	-100.053246
19659.814453	-99.061966
19665.197754	-99.328262
19670.581055	-99.395401
19675.964355	-99.168358
19681.347656	-98.756554
19686.730957	-98.940254
19692.114258	-98.886322
19697.497559	-98.799713
19702.880859	-99.009941
19708.264160	-99.321472
19713.647461	-99.080498
19719.030762	-98.370880
19724.414062	-98.537094
19729.797363	-98.890198
19735.180664	-98.794403
19740.563965	-98.410652
19745.947266	-98.879707
19751.330566	-99.340675
19756.713867	-99.393082
19762.097168	-98.954155
19767.480469	-99.516502
19772.863770	-99.340004
19778.247070	-98.904167
19783.630371	-98.684830
19789.013672	-99.500595
19794.396973	-100.025848
19799.780273	-99.358971
19805.163574	-99.222588
19810.546875	-99.422096
19815.930176	-99.334236
19821.313477	-99.431587
19826.696777	-99.145508
19832.080078	-99.004295
19837.463379	-98.841217
19842.846680	-98.888046
19848.229980	-99.213882
19853.613281	-99.102898
19858.996582	-98.880363
19864.379883	-99.059570
19869.763184	-99.012070
19875.146484	-98.910614
19880.529785	-98.931961
19885.913086	-98.639145
19891.296387	-98.677734
19896.679688	-98.906868
19902.062988	-99.176392
19907.446289	-98.989853
19912.829590	-99.697418
19918.212891	-99.558975
19923.596191	-98.936592
19928.979492	-99.023987
19934.362793	-98.835159
19939.746094	-98.263260
19945.129395	-98.948944
19950.512695	-99.092056
19955.895996	-98.945564
19961.279297	-98.999588
19966.662598	-98.866180
19972.045898	-98.917061
19977.429199	-98.732170
19982.812500	-98.820076
19988.195801	-99.117126
19993.579102	-98.448669
19998.962402	-99.085190
20004.345703	-98.977425
20009.729004	-99.114471
20015.112305	-99.841927
20020.495605	-99.132637
20025.878906	-98.808006
20031.262207	-99.259659
20036.645508	-99.222351
20042.028809	-98.916641
20047.412109	-98.835968
20052.795410	-99.486618
20058.178711	-99.265236
20063.562012	-99.290833
20068.945312	-98.995689
20074.328613	-99.014084
20079.711914	-99.004181
20085.095215	-99.303635
20090.478516	-98.954803
20095.861816	-98.975838
20101.245117	-99.131905
20106.628418	-98.909866
20112.011719	-99.048683
20117.395020	-99.408714
20122.778320	-99.813034
20128.161621	-99.952042
20133.544922	-99.499184
20138.928223	-99.058838
20144.311523	-99.164536
20149.694824	-99.131653
20155.078125	-98.967972
20160.461426	-98.858940
20165.844727	-99.006493
20171.228027	-98.870766
20176.611328	-99.249825
20181.994629	-99.186188
20187.377930	-99.420944
20192.761230	-99.040489
20198.144531	-98.613358
20203.527832	-98.912735
20208.911133	-99.442574
20214.294434	-99.357719
20219.677734	-99.573471
20225.061035	-99.138863
20230.444336	-98.941559
20235.827637	-98.753632
20241.210938	-99.555588
20246.594238	-98.978943
20251.977539	-98.938133
20257.360840	-99.546875
20262.744141	-99.357521
20268.127441	-99.032776
20273.510742	-99.359154
20278.894043	-99.272133
20284.277344	-99.350746
20289.660645	-99.062325
20295.043945	-99.340881
20300.427246	-99.465332
20305.810547	-99.420731
20311.193848	-99.652885
20316.577148	-99.281960
20321.960449	-99.547020
20327.343750	-99.917549
20332.727051	-100.238029
20338.110352	-99.957947
20343.493652	-99.619629
20348.876953	-99.802666
20354.260254	-99.784966
20359.643555	-100.140976
20365.026855	-99.954605
20370.410156	-100.036758
20375.793457	-99.778099
20381.176758	-99.688362
20386.560059	-100.272934
20391.943359	-100.275230
20397.326660	-100.521873
20402.709961	-100.201820
20408.093262	-99.979027
20413.476562	-100.382843
20418.859863	-100.630608
20424.243164	-100.640518
20429.626465	-100.774330
20435.009766	-100.053421
20440.393066	-100.132729
20445.776367	-100.339157
20451.159668	-100.644485
20456.542969	-101.231361
20461.926270	-100.840210
20467.309570	-101.209961
20472.692871	-100.559280
20478.076172	-101.006584
20483.459473	-101.932373
20488.842773	-101.503838
20494.226074	-101.259712
20499.609375	-100.893425
20504.992676	-101.271317
20510.375977	-101.269409
20515.759277	-101.486763
20521.142578	-101.497879
20526.525879	-101.415764
20531.909180	-101.255035
20537.292480	-101.871216
20542.675781	-101.874382
20548.059082	-101.038330
20553.442383	-101.633057
20558.825684	-102.318253
20564.208984	-102.548645
20569.592285	-102.374901
20574.975586	-102.607224
20580.358887	-102.480965
20585.742188	-102.818413
20591.125488	-102.774742
20596.508789	-102.898308
20601.892090	-102.406052
20607.275391	-102.419739
20612.658691	-102.684135
20618.041992	-103.195297
20623.425293	-103.117958
20628.808594	-102.541908
20634.191895	-102.800056
20639.575195	-103.435501
20644.958496	-103.354210
20650.341797	-103.386986
20655.725098	-103.510895
20661.108398	-103.426193
20666.491699	-104.222641
20671.875000	-104.250092
20677.258301	-103.963654
20682.641602	-103.835869
20688.024902	-104.071732
20693.408203	-104.411728
20698.791504	-104.317413
20704.174805	-104.347443
20709.558105	-104.715759
20714.941406	-105.059799
20720.324707	-104.919060
20725.708008	-105.159050
20731.091309	-105.194382
20736.474609	-104.988434
20741.857910	-105.066261
20747.241211	-105.724785
20752.624512	-105.916481
20758.007812	-106.349007
20763.391113	-106.169205
20768.774414	-106.059456
20774.157715	-106.137672
20779.541016	-106.388176
20784.924316	-106.201103
20790.307617	-106.308388
20795.690918	-106.571388
20801.074219	-107.339874
20806.457520	-107.070862
20811.840820	-107.162094
20817.224121	-107.295540
20822.607422	-107.515427
20827.990723	-107.500252
20833.374023	-107.916145
20838.757324	-107.514656
20844.140625	-108.296585
20849.523926	-108.244415
20854.907227	-107.805771
20860.290527	-108.049698
20865.673828	-108.364799
20871.057129	-108.856674
20876.440430	-109.345467
20881.823730	-109.149277
20887.207031	-109.441757
20892.590332	-109.598473
20897.973633	-109.791519
20903.356934	-109.410622
20908.740234	-110.136543
20914.123535	-109.940414
20919.506836	-109.821175
20924.890137	-110.650932
20930.273438	-110.788025
20935.656738	-110.915932
20941.040039	-111.080635
20946.423340	-111.120468
20951.806641	-111.549118
20957.189941	-112.066681
20962.573242	-112.224129
20967.956543	-112.199814
20973.339844	-112.604622
20978.723145	-113.003090
20984.106445	-113.190491
20989.489746	-113.730843
20994.873047	-113.714958
21000.256348	-113.294678
21005.639648	-113.400337
21011.022949	-113.821716
21016.406250	-114.308006
21021.789551	-114.421829
21027.172852	-115.106918
21032.556152	-114.824173
21037.939453	-115.145607
21043.322754	-115.487442
21048.706055	-115.850479
21054.089355	-115.679375
21059.472656	-116.293129
21064.855957	-116.924416
21070.239258	-116.806740
21075.622559	-117.086479
21081.005859	-117.554916
21086.389160	-118.058067
21091.772461	-117.918419
21097.155762	-118.547737
21102.539062	-118.891922
21107.922363	-118.744720
21113.305664	-119.146919
21118.688965	-119.713692
21124.072266	-119.336372
21129.455566	-119.699272
21134.838867	-120.017380
21140.222168	-120.701584
21145.605469	-120.318558
21150.988770	-120.550095
21156.372070	-121.195023
21161.755371	-121.842041
21167.138672	-121.924004
21172.521973	-122.191727
21177.905273	-122.553795
21183.288574	-123.130608
21188.671875	-123.338371
21194.055176	-123.649605
21199.438477	-123.729012
21204.821777	-124.451927
21210.205078	-124.491196
21215.588379	-124.938019
21220.971680	-125.188759
21226.354980	-126.063568
21231.738281	-126.454498
21237.121582	-126.643837
21242.504883	-127.047798
21247.888184	-127.664459
21253.271484	-128.122421
21258.654785	-127.838348
21264.038086	-128.022781
21269.421387	-128.853821
21274.804688	-128.722046
21280.187988	-129.410004
21285.571289	-129.540955
21290.954590	-129.369125
21296.337891	-130.360703
21301.721191	-130.969528
21307.104492	-130.560181
21312.487793	-131.884155
21317.871094	-131.990631
21323.254395	-132.515228
21328.637695	-132.527435
21334.020996	-132.750885
21339.404297	-132.713089
21344.787598	-132.827042
21350.170898	-133.613800
21355.554199	-133.746033
21360.937500	-134.823639
21366.320801	-134.403809
21371.704102	-134.907639
21377.087402	-135.315155
21382.470703	-135.540909
21387.854004	-135.867279
21393.237305	-135.890762
21398.620605	-135.832504
21404.003906	-136.229797
21409.387207	-136.653488
21414.770508	-136.917191
21420.153809	-136.692230
21425.537109	-137.111786
21430.920410	-136.901581
21436.303711	-137.581345
21441.687012	-137.263092
21447.070312	-137.837357
21452.453613	-137.493454
21457.836914	-137.918091
21463.220215	-137.617477
21468.603516	-138.111328
21473.986816	-137.615341
21479.370117	-137.853745
21484.753418	-138.199219
21490.136719	-137.964859
21495.520020	-138.156631
21500.903320	-138.166260
21506.286621	-138.070450
21511.669922	-138.284775
21517.053223	-138.215164
21522.436523	-138.187790
21527.819824	-138.285034
21533.203125	-138.294647
21538.586426	-138.320312
21543.969727	-138.368530
21549.353027	-138.297943
21554.736328	-138.371277
21560.119629	-138.318268
21565.502930	-138.335709
21570.886230	-138.429733
21576.269531	-138.280792
21581.652832	-138.424103
21587.036133	-138.390503
21592.419434	-138.358932
21597.802734	-138.396133
21603.186035	-138.396286
21608.569336	-138.377335
21613.952637	-138.390167
21619.335938	-138.419540
21624.719238	-138.363327
21630.102539	-138.412384
21635.485840	-138.387253
21640.869141	-138.415695
21646.252441	-138.403671
21651.635742	-138.386444
21657.019043	-138.425873
21662.402344	-138.390747
21667.785645	-138.408401
21673.168945	-138.414780
21678.552246	-138.400146
21683.935547	-138.416382
21689.318848	-138.401474
21694.702148	-138.423599
21700.085449	-138.404160
21705.468750	-138.408646
21710.852051	-138.415619
21716.235352	-138.412064
21721.618652	-138.411774
21727.001953	-138.417725
21732.385254	-138.412994
21737.768555	-138.417191
21743.151855	-138.413422
21748.535156	-138.416367
21753.918457	-138.418213
21759.301758	-138.415756
21764.685059	-138.417328
21770.068359	-138.419876
21775.451660	-138.417450
21780.834961	-138.418518
21786.218262	-138.420456
21791.601562	-138.419586
21796.984863	-138.420990
21802.368164	-138.420105
21807.751465	-138.421127
21813.134766	-138.421585
21818.518066	-138.421722
21823.901367	-138.422134
21829.284668	-138.422638
21834.667969	-138.422668
21840.051270	-138.423553
21845.434570	-138.423172
21850.817871	-138.423904
21856.201172	-138.424316
21861.584473	-138.424332
21866.967773	-138.424789
21872.351074	-138.425156
21877.734375	-138.425293
21883.117676	-138.425430
21888.500977	-138.425720
21893.884277	-138.425873
21899.267578	-138.426300
21904.650879	-138.426346
21910.034180	-138.426697
21915.417480	-138.426849
21920.800781	-138.427338
21926.184082	-138.427444
21931.567383	-138.427567
21936.950684	-138.427643
21942.333984	-138.427719
21947.717285	-138.428116
21953.100586	-138.427917
21958.483887	-138.428452
21963.867188	-138.428329
21969.250488	-138.428299
21974.633789	-138.428528
21980.017090	-138.429062
21985.400391	-138.428726
21990.783691	-138.428894
21996.166992	-138.429459
22001.550293	-138.428177
22006.933594	-138.428879
22012.316895	-138.429260
22017.700195	-138.429718
22023.083496	-138.429047
22028.466797	-138.429489
22033.850098	-138.429413
22039.233398	-138.429443
22044.616699	-138.429428
