Frequency (Hz)	Level (dB)
5.383301	-81.287376
10.766602	-80.562141
16.149902	-68.366997
21.533203	-57.471695
26.916504	-57.986595
32.299805	-54.170769
37.683105	-50.594219
43.066406	-49.731384
48.449707	-47.399437
53.833008	-46.488876
59.216309	-45.640606
64.599609	-42.767056
69.982910	-41.825325
75.366211	-43.693325
80.749512	-43.266571
86.132812	-42.410309
91.516113	-41.654999
96.899414	-40.125160
102.282715	-39.422531
107.666016	-40.142776
113.049316	-41.277710
118.432617	-46.312256
123.815918	-44.300617
129.199219	-45.641815
134.582520	-47.973774
139.965820	-50.143475
145.349121	-51.427303
150.732422	-52.077255
156.115723	-52.669727
161.499023	-51.045502
166.882324	-50.545395
172.265625	-50.309044
177.648926	-50.452190
183.032227	-50.968784
188.415527	-50.309864
193.798828	-51.100231
199.182129	-52.361481
204.565430	-53.387390
209.948730	-54.195599
215.332031	-54.376251
220.715332	-54.945084
226.098633	-53.531898
231.481934	-53.752411
236.865234	-55.662861
242.248535	-56.206642
247.631836	-56.959110
253.015137	-57.540703
258.398438	-57.799496
263.781738	-58.597404
269.165039	-59.159592
274.548340	-60.302036
279.931641	-61.093235
285.314941	-61.607327
290.698242	-61.102764
296.081543	-60.744576
301.464844	-60.495281
306.848145	-60.624397
312.231445	-59.231354
317.614746	-57.410004
322.998047	-56.159977
328.381348	-54.595390
333.764648	-55.181671
339.147949	-56.476048
344.531250	-57.644478
349.914551	-59.210587
355.297852	-60.523285
360.681152	-60.985378
366.064453	-61.678104
371.447754	-61.225792
376.831055	-61.831863
382.214355	-61.314232
387.597656	-60.500252
392.980957	-60.113071
398.364258	-59.501522
403.747559	-59.812576
409.130859	-58.716522
414.514160	-59.334869
419.897461	-60.887581
425.280762	-61.068382
430.664062	-62.032185
436.047363	-62.895321
441.430664	-64.188568
446.813965	-63.884254
452.197266	-61.815289
457.580566	-63.670666
462.963867	-66.562241
468.347168	-67.180824
473.730469	-67.160339
479.113770	-67.287575
484.497070	-66.507835
489.880371	-60.739124
495.263672	-57.056717
500.646973	-59.599098
506.030273	-61.478748
511.413574	-61.042316
516.796875	-60.147751
522.180176	-59.624493
527.563477	-59.766289
532.946777	-59.515003
538.330078	-60.623711
543.713379	-62.254627
549.096680	-63.247185
554.479980	-64.310776
559.863281	-65.572411
565.246582	-65.857422
570.629883	-65.806679
576.013184	-66.174049
581.396484	-65.536758
586.779785	-65.127823
592.163086	-63.780231
597.546387	-63.035965
602.929688	-62.726208
608.312988	-62.377491
613.696289	-62.656891
619.079590	-62.524769
624.462891	-62.782330
629.846191	-63.223579
635.229492	-64.302353
640.612793	-64.508392
645.996094	-65.125534
651.379395	-65.438057
656.762695	-65.685005
662.145996	-65.106812
667.529297	-64.817856
672.912598	-64.774254
678.295898	-65.300636
683.679199	-65.417961
689.062500	-66.169044
694.445801	-67.477768
699.829102	-68.719795
705.212402	-68.838715
710.595703	-69.151466
715.979004	-69.235519
721.362305	-68.925217
726.745605	-68.547043
732.128906	-68.174164
737.512207	-68.002831
742.895508	-67.901360
748.278809	-67.598763
753.662109	-68.207466
759.045410	-68.458382
764.428711	-68.113251
769.812012	-68.808037
775.195312	-68.251762
780.578613	-68.383057
785.961914	-68.778809
791.345215	-69.123695
796.728516	-69.894676
802.111816	-69.892426
807.495117	-69.292854
812.878418	-68.853851
818.261719	-68.452324
823.645020	-68.476082
829.028320	-67.507767
834.411621	-67.491135
839.794922	-67.336670
845.178223	-66.953751
850.561523	-66.502647
855.944824	-65.722862
861.328125	-65.071342
866.711426	-64.885773
872.094727	-64.646950
877.478027	-64.786743
882.861328	-64.879562
888.244629	-64.947128
893.627930	-65.336319
899.011230	-65.220840
904.394531	-65.416939
909.777832	-66.141388
915.161133	-66.283424
920.544434	-65.727974
925.927734	-64.811668
931.311035	-65.193253
936.694336	-65.039307
942.077637	-65.854279
947.460938	-67.881783
952.844238	-69.347878
958.227539	-70.764786
963.610840	-71.927666
968.994141	-72.210129
974.377441	-72.049591
979.760742	-71.430809
985.144043	-67.274986
990.527344	-67.236320
995.910645	-69.058006
1001.293945	-70.976624
1006.677246	-71.323380
1012.060547	-71.081482
1017.443848	-71.426353
1022.827148	-70.714027
1028.210449	-69.444550
1033.593750	-68.606262
1038.977051	-68.540176
1044.360352	-68.485512
1049.743652	-68.793968
1055.126953	-68.694466
1060.510254	-68.018456
1065.893555	-68.467117
1071.276855	-68.838188
1076.660156	-69.090416
1082.043457	-69.554535
1087.426758	-69.566856
1092.810059	-68.597908
1098.193359	-68.113770
1103.576660	-68.012024
1108.959961	-67.476974
1114.343262	-67.473221
1119.726562	-67.720901
1125.109863	-68.628227
1130.493164	-70.002525
1135.876465	-70.287300
1141.259766	-70.874725
1146.643066	-71.407921
1152.026367	-70.780502
1157.409668	-70.884109
1162.792969	-71.928474
1168.176270	-72.937363
1173.559570	-74.056015
1178.942871	-73.664070
1184.326172	-74.558884
1189.709473	-73.648277
1195.092773	-74.087524
1200.476074	-74.763405
1205.859375	-75.381760
1211.242676	-75.354836
1216.625977	-74.975159
1222.009277	-75.079376
1227.392578	-76.141174
1232.775879	-76.450745
1238.159180	-76.872192
1243.542480	-76.807823
1248.925781	-76.287560
1254.309082	-76.111954
1259.692383	-76.144524
1265.075684	-75.464310
1270.458984	-74.771439
1275.842285	-73.902443
1281.225586	-73.182625
1286.608887	-71.849449
1291.992188	-71.682838
1297.375488	-71.736877
1302.758789	-71.599251
1308.142090	-72.007042
1313.525391	-73.218628
1318.908691	-73.252144
1324.291992	-73.695946
1329.675293	-74.896347
1335.058594	-75.386292
1340.441895	-75.612282
1345.825195	-76.276093
1351.208496	-76.463356
1356.591797	-77.390167
1361.975098	-77.930672
1367.358398	-78.152946
1372.741699	-77.966385
1378.125000	-77.723152
1383.508301	-77.647110
1388.891602	-76.924538
1394.274902	-76.469849
1399.658203	-75.141655
1405.041504	-71.986504
1410.424805	-71.616394
1415.808105	-73.584831
1421.191406	-73.746071
1426.574707	-74.528122
1431.958008	-74.689774
1437.341309	-74.318481
1442.724609	-73.557121
1448.107910	-72.968109
1453.491211	-73.546898
1458.874512	-73.975792
1464.257812	-74.125504
1469.641113	-74.236702
1475.024414	-74.428047
1480.407715	-74.030075
1485.791016	-74.518402
1491.174316	-74.846519
1496.557617	-75.481339
1501.940918	-75.718529
1507.324219	-76.036247
1512.707520	-75.552559
1518.090820	-74.880669
1523.474121	-74.581177
1528.857422	-74.696442
1534.240723	-74.193954
1539.624023	-74.557816
1545.007324	-74.447678
1550.390625	-74.815353
1555.773926	-75.520454
1561.157227	-76.487419
1566.540527	-77.277786
1571.923828	-77.246269
1577.307129	-75.728104
1582.690430	-74.543709
1588.073730	-73.544350
1593.457031	-73.317993
1598.840332	-73.057724
1604.223633	-72.688271
1609.606934	-72.976860
1614.990234	-73.044823
1620.373535	-72.741783
1625.756836	-72.181580
1631.140137	-71.875732
1636.523438	-71.924622
1641.906738	-71.928230
1647.290039	-71.852425
1652.673340	-72.314583
1658.056641	-71.781311
1663.439941	-71.733536
1668.823242	-72.570770
1674.206543	-73.862488
1679.589844	-73.432770
1684.973145	-73.126991
1690.356445	-73.176369
1695.739746	-73.462662
1701.123047	-74.012535
1706.506348	-74.456482
1711.889648	-74.332870
1717.272949	-74.525002
1722.656250	-75.244041
1728.039551	-76.420486
1733.422852	-76.885826
1738.806152	-76.486946
1744.189453	-76.074280
1749.572754	-76.889511
1754.956055	-77.107101
1760.339355	-77.775742
1765.722656	-77.500412
1771.105957	-77.869026
1776.489258	-78.066696
1781.872559	-77.494766
1787.255859	-76.522545
1792.639160	-77.935211
1798.022461	-78.145142
1803.405762	-78.214287
1808.789062	-78.458961
1814.172363	-78.757103
1819.555664	-77.898987
1824.938965	-76.784958
1830.322266	-76.570938
1835.705566	-76.313560
1841.088867	-75.729454
1846.472168	-75.918983
1851.855469	-76.100990
1857.238770	-76.527107
1862.622070	-76.227219
1868.005371	-76.959663
1873.388672	-77.924675
1878.771973	-78.558502
1884.155273	-78.926437
1889.538574	-78.724731
1894.921875	-78.712746
1900.305176	-79.236610
1905.688477	-79.988510
1911.071777	-80.539558
1916.455078	-80.856735
1921.838379	-80.826950
1927.221680	-79.798668
1932.604980	-80.173569
1937.988281	-79.987610
1943.371582	-79.517647
1948.754883	-79.275101
1954.138184	-79.567596
1959.521484	-80.455330
1964.904785	-80.529778
1970.288086	-80.149513
1975.671387	-81.195351
1981.054688	-80.831566
1986.437988	-81.674332
1991.821289	-82.041878
1997.204590	-81.720177
2002.587891	-80.904678
2007.971191	-80.338989
2013.354492	-79.330040
2018.737793	-79.211571
2024.121094	-79.109215
2029.504395	-77.823120
2034.887695	-76.666588
2040.270996	-78.363739
2045.654297	-78.119286
2051.037598	-78.590759
2056.420898	-78.868835
2061.804199	-78.809929
2067.187500	-78.936661
2072.570801	-79.314835
2077.954102	-79.921486
2083.337402	-80.142044
2088.720703	-79.854637
2094.104004	-78.852463
2099.487305	-78.717331
2104.870605	-78.429092
2110.253906	-77.909668
2115.637207	-77.821960
2121.020508	-77.501732
2126.403809	-77.240944
2131.787109	-77.766838
2137.170410	-76.861244
2142.553711	-76.624153
2147.937012	-76.740753
2153.320312	-76.815643
2158.703613	-76.999710
2164.086914	-77.294769
2169.470215	-78.173767
2174.853516	-78.904747
2180.236816	-78.840309
2185.620117	-78.637711
2191.003418	-78.638756
2196.386719	-77.957108
2201.770020	-77.407547
2207.153320	-76.875504
2212.536621	-76.791603
2217.919922	-76.630333
2223.303223	-76.502144
2228.686523	-76.560928
2234.069824	-77.209122
2239.453125	-77.962433
2244.836426	-78.484024
2250.219727	-78.968353
2255.603027	-79.497627
2260.986328	-80.268227
2266.369629	-80.746773
2271.752930	-81.824570
2277.136230	-82.065758
2282.519531	-81.818756
2287.902832	-82.526550
2293.286133	-82.552917
2298.669434	-82.503281
2304.052734	-82.324661
2309.436035	-82.079002
2314.819336	-81.954819
2320.202637	-81.894020
2325.585938	-82.054428
2330.969238	-82.263550
2336.352539	-82.457489
2341.735840	-81.838509
2347.119141	-81.825073
2352.502441	-82.191666
2357.885742	-81.635338
2363.269043	-80.647758
2368.652344	-81.388977
2374.035645	-80.956726
2379.418945	-81.015060
2384.802246	-82.112518
2390.185547	-82.648476
2395.568848	-82.363182
2400.952148	-83.342712
2406.335449	-84.249199
2411.718750	-84.594467
2417.102051	-83.824562
2422.485352	-84.437965
2427.868652	-84.241051
2433.251953	-84.139259
2438.635254	-82.087746
2444.018555	-83.370605
2449.401855	-84.747742
2454.785156	-85.152977
2460.168457	-85.246933
2465.551758	-86.136833
2470.935059	-86.006683
2476.318359	-85.754845
2481.701660	-86.409195
2487.084961	-85.358124
2492.468262	-83.742371
2497.851562	-83.391251
2503.234863	-84.056870
2508.618164	-83.837814
2514.001465	-83.651192
2519.384766	-83.753433
2524.768066	-84.198120
2530.151367	-84.509087
2535.534668	-84.896416
2540.917969	-84.988548
2546.301270	-84.747108
2551.684570	-84.621758
2557.067871	-85.009842
2562.451172	-85.620895
2567.834473	-85.558800
2573.217773	-85.886208
2578.601074	-86.510086
2583.984375	-86.698692
2589.367676	-86.786041
2594.750977	-86.975304
2600.134277	-86.593956
2605.517578	-87.284698
2610.900879	-88.237114
2616.284180	-88.779305
2621.667480	-88.654442
2627.050781	-88.324570
2632.434082	-88.649124
2637.817383	-88.271965
2643.200684	-87.816574
2648.583984	-87.618736
2653.967285	-87.461311
2659.350586	-87.745430
2664.733887	-87.873451
2670.117188	-87.239601
2675.500488	-87.294258
2680.883789	-87.314583
2686.267090	-87.750801
2691.650391	-87.701408
2697.033691	-87.281784
2702.416992	-87.170074
2707.800293	-86.967751
2713.183594	-86.494614
2718.566895	-86.688446
2723.950195	-87.005310
2729.333496	-87.787369
2734.716797	-87.471642
2740.100098	-87.116508
2745.483398	-87.103371
2750.866699	-86.522438
2756.250000	-86.174713
2761.633301	-85.982704
2767.016602	-86.133499
2772.399902	-87.095833
2777.783203	-87.153145
2783.166504	-87.171150
2788.549805	-86.982246
2793.933105	-87.477036
2799.316406	-87.420967
2804.699707	-87.097466
2810.083008	-86.165421
2815.466309	-86.400284
2820.849609	-86.831871
2826.232910	-86.610313
2831.616211	-86.971771
2836.999512	-87.138031
2842.382812	-87.833702
2847.766113	-88.082344
2853.149414	-88.890579
2858.532715	-90.059647
2863.916016	-90.111732
2869.299316	-89.503220
2874.682617	-88.922134
2880.065918	-88.106300
2885.449219	-87.885986
2890.832520	-87.828316
2896.215820	-87.142593
2901.599121	-86.501404
2906.982422	-86.551216
2912.365723	-86.204811
2917.749023	-87.495659
2923.132324	-88.236641
2928.515625	-88.387894
2933.898926	-88.973137
2939.282227	-89.009270
2944.665527	-89.048470
2950.048828	-88.882690
2955.432129	-88.759697
2960.815430	-89.145546
2966.198730	-88.857216
2971.582031	-89.170006
2976.965332	-89.324249
2982.348633	-89.471458
2987.731934	-89.318779
2993.115234	-89.702034
2998.498535	-89.683655
3003.881836	-90.245995
3009.265137	-90.475563
3014.648438	-90.949715
3020.031738	-90.967430
3025.415039	-90.369385
3030.798340	-90.070000
3036.181641	-90.640663
3041.564941	-90.738754
3046.948242	-89.907738
3052.331543	-89.904579
3057.714844	-90.249451
3063.098145	-90.623703
3068.481445	-90.318092
3073.864746	-90.027962
3079.248047	-89.865883
3084.631348	-89.770424
3090.014648	-89.442062
3095.397949	-88.796974
3100.781250	-88.452377
3106.164551	-87.402901
3111.547852	-86.814926
3116.931152	-87.112511
3122.314453	-87.197891
3127.697754	-87.606110
3133.081055	-88.257744
3138.464355	-89.350800
3143.847656	-89.664482
3149.230957	-90.156715
3154.614258	-90.240044
3159.997559	-89.906776
3165.380859	-90.507217
3170.764160	-90.496941
3176.147461	-90.642723
3181.530762	-89.582726
3186.914062	-89.627655
3192.297363	-90.153030
3197.680664	-89.110474
3203.063965	-89.366371
3208.447266	-89.218613
3213.830566	-89.140495
3219.213867	-89.823555
3224.597168	-90.003578
3229.980469	-89.764137
3235.363770	-89.796234
3240.747070	-89.608322
3246.130371	-89.640228
3251.513672	-89.505424
3256.896973	-89.143410
3262.280273	-89.991753
3267.663574	-89.199715
3273.046875	-89.639412
3278.430176	-90.440231
3283.813477	-91.333481
3289.196777	-91.478920
3294.580078	-91.053528
3299.963379	-90.852875
3305.346680	-90.047676
3310.729980	-89.881462
3316.113281	-90.096413
3321.496582	-90.185265
3326.879883	-89.442116
3332.263184	-89.550507
3337.646484	-88.590981
3343.029785	-88.193451
3348.413086	-87.662506
3353.796387	-88.213867
3359.179688	-87.510963
3364.562988	-87.541901
3369.946289	-87.382187
3375.329590	-87.811134
3380.712891	-88.456017
3386.096191	-89.335388
3391.479492	-90.027878
3396.862793	-90.691193
3402.246094	-91.245369
3407.629395	-90.980865
3413.012695	-90.658096
3418.395996	-90.923965
3423.779297	-91.527344
3429.162598	-91.799866
3434.545898	-91.874550
3439.929199	-92.556419
3445.312500	-93.441536
3450.695801	-92.612694
3456.079102	-92.427383
3461.462402	-92.915321
3466.845703	-92.677780
3472.229004	-92.415062
3477.612305	-92.148567
3482.995605	-91.676491
3488.378906	-91.169426
3493.762207	-91.265045
3499.145508	-91.529266
3504.528809	-91.094711
3509.912109	-90.686165
3515.295410	-90.524643
3520.678711	-91.041397
3526.062012	-92.179451
3531.445312	-92.333313
3536.828613	-91.823921
3542.211914	-91.736320
3547.595215	-92.305237
3552.978516	-92.312439
3558.361816	-91.945908
3563.745117	-92.338409
3569.128418	-92.887779
3574.511719	-92.609726
3579.895020	-92.646828
3585.278320	-91.941811
3590.661621	-91.676674
3596.044922	-91.657303
3601.428223	-91.145561
3606.811523	-91.871216
3612.194824	-92.156288
3617.578125	-91.971771
3622.961426	-92.170044
3628.344727	-91.866547
3633.728027	-92.224373
3639.111328	-92.391472
3644.494629	-91.745628
3649.877930	-90.837112
3655.261230	-90.210846
3660.644531	-89.952454
3666.027832	-89.267487
3671.411133	-89.913612
3676.794434	-90.279099
3682.177734	-90.832970
3687.561035	-90.967972
3692.944336	-90.063904
3698.327637	-90.304604
3703.710938	-91.380829
3709.094238	-91.349220
3714.477539	-91.775063
3719.860840	-92.029686
3725.244141	-91.980148
3730.627441	-92.186356
3736.010742	-91.495544
3741.394043	-90.882660
3746.777344	-90.830147
3752.160645	-90.807693
3757.543945	-91.008347
3762.927246	-90.141647
3768.310547	-90.672577
3773.693848	-91.219727
3779.077148	-91.271881
3784.460449	-91.042717
3789.843750	-91.417412
3795.227051	-91.324387
3800.610352	-91.132851
3805.993652	-91.239532
3811.376953	-92.665695
3816.760254	-93.045425
3822.143555	-92.941338
3827.526855	-92.689850
3832.910156	-93.328140
3838.293457	-93.649429
3843.676758	-93.897583
3849.060059	-94.283775
3854.443359	-94.398438
3859.826660	-93.981506
3865.209961	-94.128693
3870.593262	-94.328186
3875.976562	-94.382950
3881.359863	-93.413139
3886.743164	-93.192924
3892.126465	-93.497307
3897.509766	-93.758087
3902.893066	-93.833199
3908.276367	-94.263008
3913.659668	-93.786263
3919.042969	-93.757515
3924.426270	-93.772316
3929.809570	-93.765617
3935.192871	-93.510597
3940.576172	-92.887512
3945.959473	-92.515244
3951.342773	-92.823753
3956.726074	-92.716873
3962.109375	-93.307556
3967.492676	-92.839645
3972.875977	-92.518692
3978.259277	-92.414139
3983.642578	-92.417747
3989.025879	-92.269218
3994.409180	-92.332237
3999.792480	-92.362572
4005.175781	-91.957855
4010.559082	-91.773026
4015.942383	-91.985672
4021.325684	-91.795609
4026.708984	-90.892845
4032.092285	-90.840897
4037.475586	-90.962189
4042.858887	-91.231819
4048.242188	-92.160889
4053.625488	-92.309502
4059.008789	-92.357445
4064.392090	-92.832512
4069.775391	-92.061546
4075.158691	-92.471230
4080.541992	-92.515587
4085.925293	-92.850647
4091.308594	-92.426819
4096.691895	-92.061874
4102.075195	-92.327522
4107.458496	-92.751488
4112.841797	-92.601456
4118.225098	-93.090439
4123.608398	-93.746925
4128.991699	-93.528976
4134.375000	-93.214104
4139.758301	-92.561211
4145.141602	-91.655655
4150.524902	-90.871498
4155.908203	-90.488533
4161.291504	-90.848579
4166.674805	-91.137405
4172.058105	-92.377235
4177.441406	-92.868248
4182.824707	-93.640244
4188.208008	-93.811607
4193.591309	-93.935966
4198.974609	-93.895943
4204.357910	-92.879761
4209.741211	-93.029816
4215.124512	-93.788292
4220.507812	-93.446831
4225.891113	-93.447250
4231.274414	-93.818954
4236.657715	-94.084373
4242.041016	-94.554024
4247.424316	-94.571037
4252.807617	-94.657074
4258.190918	-94.061523
4263.574219	-93.904510
4268.957520	-93.208580
4274.340820	-92.663506
4279.724121	-92.581955
4285.107422	-92.771812
4290.490723	-92.363205
4295.874023	-93.320221
4301.257324	-93.497131
4306.640625	-93.814308
4312.023926	-93.371376
4317.407227	-93.766495
4322.790527	-93.793770
4328.173828	-92.427094
4333.557129	-91.625595
4338.940430	-90.762802
4344.323730	-89.985245
4349.707031	-90.092438
4355.090332	-89.721481
4360.473633	-89.553703
4365.856934	-88.189140
4371.240234	-86.361237
4376.623535	-85.163071
4382.006836	-84.166512
4387.390137	-84.027046
4392.773438	-84.264626
4398.156738	-85.446228
4403.540039	-87.319946
4408.923340	-87.450188
4414.306641	-87.600769
4419.689941	-86.382545
4425.073242	-86.707443
4430.456543	-85.254356
4435.839844	-85.331398
4441.223145	-85.457367
4446.606445	-86.237480
4451.989746	-87.924667
4457.373047	-89.234734
4462.756348	-89.655144
4468.139648	-89.155815
4473.522949	-87.402565
4478.906250	-85.383080
4484.289551	-83.481079
4489.672852	-82.246521
4495.056152	-80.667053
4500.439453	-78.599434
4505.822754	-76.255844
4511.206055	-75.251625
4516.589355	-73.422165
4521.972656	-70.698425
4527.355957	-69.117989
4532.739258	-69.392067
4538.122559	-70.357849
4543.505859	-73.475838
4548.889160	-77.348373
4554.272461	-78.456497
4559.655762	-76.411446
4565.039062	-73.768616
4570.422363	-70.810638
4575.805664	-71.619453
4581.188965	-77.861122
4586.572266	-82.909859
4591.955566	-84.518944
4597.338867	-83.939270
4602.722168	-83.701767
4608.105469	-83.189346
4613.488770	-81.655869
4618.872070	-82.766830
4624.255371	-85.496269
4629.638672	-86.052483
4635.021973	-87.008133
4640.405273	-86.014587
4645.788574	-81.783363
4651.171875	-77.264137
4656.555176	-74.926018
4661.938477	-73.676971
4667.321777	-74.173317
4672.705078	-76.124016
4678.088379	-77.403770
4683.471680	-78.096642
4688.854980	-79.250183
4694.238281	-79.250832
4699.621582	-77.737846
4705.004883	-75.956802
4710.388184	-75.506226
4715.771484	-75.907303
4721.154785	-77.450302
4726.538086	-80.428307
4731.921387	-81.410912
4737.304688	-82.156601
4742.687988	-82.210052
4748.071289	-82.406578
4753.454590	-81.655952
4758.837891	-82.915604
4764.221191	-87.509956
4769.604492	-89.881012
4774.987793	-90.503235
4780.371094	-90.713676
4785.754395	-91.017815
4791.137695	-90.497955
4796.520996	-90.506569
4801.904297	-91.102112
4807.287598	-90.848991
4812.670898	-91.172096
4818.054199	-91.089798
4823.437500	-90.507591
4828.820801	-90.535217
4834.204102	-90.550194
4839.587402	-91.018394
4844.970703	-91.810188
4850.354004	-90.939003
4855.737305	-91.070976
4861.120605	-91.587570
4866.503906	-91.776566
4871.887207	-91.510826
4877.270508	-89.962852
4882.653809	-89.727219
4888.037109	-90.192307
4893.420410	-90.440178
4898.803711	-91.274734
4904.187012	-91.602577
4909.570312	-92.311996
4914.953613	-92.778130
4920.336914	-92.050064
4925.720215	-91.860237
4931.103516	-91.457947
4936.486816	-91.565109
4941.870117	-92.484314
4947.253418	-92.980118
4952.636719	-92.438637
4958.020020	-92.183090
4963.403320	-91.748878
4968.786621	-91.893250
4974.169922	-91.985634
4979.553223	-91.948357
4984.936523	-92.392609
4990.319824	-92.718727
4995.703125	-92.983177
5001.086426	-92.700493
5006.469727	-92.996490
5011.853027	-92.571823
5017.236328	-92.376724
5022.619629	-93.020012
5028.002930	-92.642311
5033.386230	-92.330803
5038.769531	-91.656746
5044.152832	-91.597588
5049.536133	-92.444489
5054.919434	-92.554329
5060.302734	-92.826469
5065.686035	-92.436005
5071.069336	-92.154846
5076.452637	-91.671402
5081.835938	-88.714600
5087.219238	-90.559288
5092.602539	-91.350464
5097.985840	-91.371475
5103.369141	-91.267319
5108.752441	-92.092194
5114.135742	-91.740379
5119.519043	-91.615479
5124.902344	-92.075790
5130.285645	-92.070526
5135.668945	-92.463882
5141.052246	-92.812439
5146.435547	-93.020866
5151.818848	-93.089005
5157.202148	-92.817947
5162.585449	-93.520134
5167.968750	-93.322716
5173.352051	-93.379494
5178.735352	-93.710579
5184.118652	-94.096527
5189.501953	-94.676933
5194.885254	-95.299370
5200.268555	-95.107536
5205.651855	-94.926689
5211.035156	-94.730301
5216.418457	-94.751106
5221.801758	-94.517891
5227.185059	-93.776245
5232.568359	-93.703873
5237.951660	-93.831787
5243.334961	-93.787384
5248.718262	-93.822372
5254.101562	-93.337296
5259.484863	-93.141243
5264.868164	-93.077316
5270.251465	-93.790779
5275.634766	-93.397102
5281.018066	-92.699684
5286.401367	-91.612808
5291.784668	-92.558578
5297.167969	-92.580971
5302.551270	-93.049393
5307.934570	-94.148949
5313.317871	-93.694748
5318.701172	-93.539513
5324.084473	-92.979309
5329.467773	-93.044319
5334.851074	-93.132370
5340.234375	-93.661346
5345.617676	-93.987305
5351.000977	-94.749420
5356.384277	-95.345490
5361.767578	-95.074623
5367.150879	-95.072289
5372.534180	-95.742844
5377.917480	-95.550438
5383.300781	-95.431435
5388.684082	-95.438782
5394.067383	-95.248863
5399.450684	-95.074173
5404.833984	-95.561256
5410.217285	-95.502190
5415.600586	-95.799927
5420.983887	-95.352448
5426.367188	-94.735214
5431.750488	-94.168694
5437.133789	-94.580078
5442.517090	-94.795967
5447.900391	-94.562225
5453.283691	-94.580589
5458.666992	-94.809845
5464.050293	-94.709518
5469.433594	-94.933113
5474.816895	-95.506874
5480.200195	-95.490257
5485.583496	-94.261330
5490.966797	-93.065659
5496.350098	-94.899223
5501.733398	-94.909271
5507.116699	-95.036873
5512.500000	-94.549911
5517.883301	-93.789459
5523.266602	-93.594971
5528.649902	-93.554550
5534.033203	-93.488159
5539.416504	-92.765686
5544.799805	-92.385208
5550.183105	-92.904350
5555.566406	-93.525986
5560.949707	-94.162613
5566.333008	-94.543961
5571.716309	-95.013626
5577.099609	-95.361237
5582.482910	-96.144913
5587.866211	-95.318199
5593.249512	-94.619774
5598.632812	-95.080040
5604.016113	-94.418198
5609.399414	-94.097878
5614.782715	-94.524117
5620.166016	-94.229210
5625.549316	-93.908737
5630.932617	-94.149612
5636.315918	-94.877907
5641.699219	-94.748070
5647.082520	-94.460457
5652.465820	-94.784218
5657.849121	-94.740814
5663.232422	-95.025032
5668.615723	-94.684479
5673.999023	-93.980804
5679.382324	-93.895271
5684.765625	-93.643585
5690.148926	-91.954185
5695.532227	-92.111061
5700.915527	-93.672966
5706.298828	-94.118446
5711.682129	-93.824219
5717.065430	-94.252808
5722.448730	-94.577637
5727.832031	-95.234215
5733.215332	-95.151222
5738.598633	-95.295219
5743.981934	-95.662582
5749.365234	-95.146332
5754.748535	-94.833618
5760.131836	-94.687294
5765.515137	-95.154579
5770.898438	-95.027985
5776.281738	-94.959267
5781.665039	-94.202660
5787.048340	-94.154800
5792.431641	-94.528488
5797.814941	-94.494637
5803.198242	-95.140358
5808.581543	-95.192017
5813.964844	-95.463493
5819.348145	-95.711380
5824.731445	-95.350807
5830.114746	-95.238495
5835.498047	-95.311920
5840.881348	-95.252747
5846.264648	-95.499298
5851.647949	-95.080353
5857.031250	-95.451164
5862.414551	-95.944702
5867.797852	-95.421410
5873.181152	-95.511154
5878.564453	-96.002960
5883.947754	-96.538048
5889.331055	-96.346054
5894.714355	-96.567719
5900.097656	-97.201118
5905.480957	-96.339867
5910.864258	-95.866310
5916.247559	-95.301468
5921.630859	-95.674385
5927.014160	-95.691162
5932.397461	-95.602669
5937.780762	-96.133087
5943.164062	-96.115318
5948.547363	-95.857277
5953.930664	-95.537971
5959.313965	-96.152954
5964.697266	-96.516678
5970.080566	-96.663315
5975.463867	-96.836060
5980.847168	-96.087219
5986.230469	-96.222221
5991.613770	-96.317139
5996.997070	-96.623413
6002.380371	-96.542824
6007.763672	-96.673866
6013.146973	-95.728455
6018.530273	-95.859657
6023.913574	-96.385216
6029.296875	-96.110031
6034.680176	-95.969116
6040.063477	-95.858269
6045.446777	-95.711815
6050.830078	-95.435089
6056.213379	-96.083305
6061.596680	-96.737152
6066.979980	-96.929970
6072.363281	-96.801605
6077.746582	-96.297073
6083.129883	-96.283096
6088.513184	-96.319229
6093.896484	-96.680069
6099.279785	-95.189598
6104.663086	-96.381302
6110.046387	-96.505043
6115.429688	-95.857285
6120.812988	-97.010590
6126.196289	-96.637444
6131.579590	-95.723549
6136.962891	-95.755859
6142.346191	-96.146881
6147.729492	-96.035271
6153.112793	-96.226357
6158.496094	-95.954865
6163.879395	-95.655922
6169.262695	-96.224876
6174.645996	-95.609573
6180.029297	-95.552650
6185.412598	-95.284096
6190.795898	-94.957703
6196.179199	-95.726097
6201.562500	-95.601707
6206.945801	-95.669594
6212.329102	-95.771011
6217.712402	-96.322762
6223.095703	-96.620781
6228.479004	-97.464012
6233.862305	-97.070091
6239.245605	-97.058937
6244.628906	-96.883316
6250.012207	-97.254829
6255.395508	-97.611145
6260.778809	-97.688843
6266.162109	-97.629150
6271.545410	-97.056252
6276.928711	-96.789421
6282.312012	-96.914871
6287.695312	-97.078224
6293.078613	-96.510132
6298.461914	-96.458420
6303.845215	-96.546600
6309.228516	-97.229927
6314.611816	-97.193062
6319.995117	-97.234863
6325.378418	-97.352394
6330.761719	-97.174126
6336.145020	-96.708466
6341.528320	-96.531624
6346.911621	-95.869247
6352.294922	-95.542725
6357.678223	-95.851883
6363.061523	-96.233788
6368.444824	-95.936066
6373.828125	-95.501884
6379.211426	-95.111000
6384.594727	-95.276558
6389.978027	-95.561958
6395.361328	-95.912811
6400.744629	-95.839134
6406.127930	-95.987251
6411.511230	-96.024887
6416.894531	-96.584465
6422.277832	-95.734268
6427.661133	-95.769920
6433.044434	-95.659340
6438.427734	-95.758736
6443.811035	-95.179367
6449.194336	-95.670921
6454.577637	-95.719383
6459.960938	-95.939064
6465.344238	-95.851158
6470.727539	-95.815376
6476.110840	-96.545914
6481.494141	-96.786667
6486.877441	-96.601768
6492.260742	-96.492973
6497.644043	-96.405830
6503.027344	-95.794563
6508.410645	-95.375313
6513.793945	-95.200661
6519.177246	-94.727798
6524.560547	-94.270782
6529.943848	-94.946686
6535.327148	-95.370560
6540.710449	-95.704994
6546.093750	-95.701859
6551.477051	-96.199005
6556.860352	-97.145142
6562.243652	-97.441696
6567.626953	-96.940506
6573.010254	-95.976959
6578.393555	-95.171127
6583.776855	-95.007889
6589.160156	-94.803856
6594.543457	-95.045441
6599.926758	-94.356003
6605.310059	-94.230034
6610.693359	-94.090233
6616.076660	-93.793678
6621.459961	-94.004082
6626.843262	-94.321159
6632.226562	-94.446243
6637.609863	-94.527122
6642.993164	-94.789116
6648.376465	-94.999924
6653.759766	-94.614212
6659.143066	-95.119133
6664.526367	-94.364716
6669.909668	-93.851364
6675.292969	-93.935081
6680.676270	-94.570091
6686.059570	-94.704079
6691.442871	-94.930977
6696.826172	-95.073135
6702.209473	-94.028435
6707.592773	-93.462723
6712.976074	-93.798988
6718.359375	-93.717598
6723.742676	-92.806213
6729.125977	-92.910988
6734.509277	-93.336960
6739.892578	-93.584946
6745.275879	-93.139549
6750.659180	-92.996819
6756.042480	-94.108337
6761.425781	-94.058022
6766.809082	-94.615135
6772.192383	-94.709976
6777.575684	-94.304131
6782.958984	-93.946281
6788.342285	-93.342094
6793.725586	-92.993279
6799.108887	-93.359505
6804.492188	-93.792587
6809.875488	-93.284775
6815.258789	-93.717384
6820.642090	-93.960732
6826.025391	-94.001175
6831.408691	-93.703911
6836.791992	-93.095192
6842.175293	-92.840691
6847.558594	-92.789581
6852.941895	-92.284081
6858.325195	-91.573311
6863.708496	-91.354996
6869.091797	-90.922424
6874.475098	-91.045525
6879.858398	-91.336136
6885.241699	-92.141991
6890.625000	-92.741310
6896.008301	-93.472473
6901.391602	-93.998184
6906.774902	-93.950974
6912.158203	-93.644585
6917.541504	-93.782021
6922.924805	-94.311096
6928.308105	-94.529121
6933.691406	-94.784088
6939.074707	-94.545723
6944.458008	-93.608810
6949.841309	-93.882584
6955.224609	-94.444595
6960.607910	-94.787247
6965.991211	-94.234779
6971.374512	-93.946808
6976.757812	-94.624786
6982.141113	-94.720032
6987.524414	-94.492439
6992.907715	-94.068176
6998.291016	-94.665092
7003.674316	-94.667816
7009.057617	-94.788818
7014.440918	-94.852829
7019.824219	-95.297516
7025.207520	-94.566376
7030.590820	-93.662872
7035.974121	-93.632629
7041.357422	-93.191811
7046.740723	-92.856789
7052.124023	-92.518646
7057.507324	-92.448692
7062.890625	-91.859268
7068.273926	-92.777626
7073.657227	-93.048645
7079.040527	-92.961884
7084.423828	-92.848190
7089.807129	-93.422157
7095.190430	-93.870018
7100.573730	-94.077553
7105.957031	-94.443352
7111.340332	-94.254883
7116.723633	-93.526451
7122.106934	-94.006485
7127.490234	-94.423340
7132.873535	-94.456680
7138.256836	-94.818581
7143.640137	-94.767342
7149.023438	-94.244217
7154.406738	-94.322388
7159.790039	-94.442589
7165.173340	-94.408592
7170.556641	-94.582588
7175.939941	-94.649117
7181.323242	-95.571060
7186.706543	-95.290909
7192.089844	-95.437141
7197.473145	-95.161621
7202.856445	-95.712669
7208.239746	-95.650169
7213.623047	-95.526443
7219.006348	-95.203438
7224.389648	-95.182732
7229.772949	-95.339172
7235.156250	-95.300171
7240.539551	-95.233047
7245.922852	-95.099083
7251.306152	-95.385574
7256.689453	-95.437592
7262.072754	-95.161835
7267.456055	-94.898163
7272.839355	-95.011971
7278.222656	-94.591324
7283.605957	-94.841629
7288.989258	-94.372261
7294.372559	-94.320587
7299.755859	-94.232613
7305.139160	-94.413605
7310.522461	-94.521286
7315.905762	-93.562866
7321.289062	-93.852951
7326.672363	-93.705894
7332.055664	-93.805756
7337.438965	-93.487915
7342.822266	-92.781464
7348.205566	-92.459068
7353.588867	-93.764671
7358.972168	-93.114227
7364.355469	-92.526474
7369.738770	-92.329277
7375.122070	-92.282104
7380.505371	-92.399742
7385.888672	-91.681595
7391.271973	-90.893326
7396.655273	-91.332664
7402.038574	-91.717026
7407.421875	-92.044724
7412.805176	-92.332253
7418.188477	-92.756973
7423.571777	-93.344894
7428.955078	-94.092186
7434.338379	-94.456863
7439.721680	-94.931641
7445.104980	-94.146355
7450.488281	-93.539902
7455.871582	-92.988396
7461.254883	-92.287827
7466.638184	-92.634003
7472.021484	-93.460327
7477.404785	-92.583183
7482.788086	-93.162491
7488.171387	-93.498062
7493.554688	-93.423897
7498.937988	-93.972595
7504.321289	-94.976402
7509.704590	-94.738464
7515.087891	-94.736313
7520.471191	-94.465324
7525.854492	-95.141769
7531.237793	-94.694321
7536.621094	-94.556786
7542.004395	-94.830643
7547.387695	-94.395782
7552.770996	-94.484688
7558.154297	-93.298523
7563.537598	-93.135201
7568.920898	-92.869156
7574.304199	-92.628441
7579.687500	-92.559151
7585.070801	-90.948387
7590.454102	-90.594231
7595.837402	-90.754066
7601.220703	-91.310799
7606.604004	-91.469246
7611.987305	-91.262077
7617.370605	-92.014832
7622.753906	-92.120148
7628.137207	-92.455162
7633.520508	-92.681198
7638.903809	-92.520615
7644.287109	-93.030579
7649.670410	-92.950760
7655.053711	-93.039413
7660.437012	-93.751778
7665.820312	-94.432991
7671.203613	-94.814209
7676.586914	-94.553886
7681.970215	-94.715233
7687.353516	-95.097198
7692.736816	-95.096786
7698.120117	-95.213593
7703.503418	-95.839226
7708.886719	-95.797989
7714.270020	-95.544922
7719.653320	-95.142570
7725.036621	-95.063309
7730.419922	-94.992203
7735.803223	-95.584183
7741.186523	-94.706444
7746.569824	-94.830612
7751.953125	-95.017899
7757.336426	-94.983253
7762.719727	-94.753975
7768.103027	-94.789497
7773.486328	-94.901581
7778.869629	-95.370804
7784.252930	-94.902786
7789.636230	-94.329987
7795.019531	-94.932823
7800.402832	-94.873795
7805.786133	-95.420731
7811.169434	-95.442299
7816.552734	-95.316330
7821.936035	-95.170425
7827.319336	-95.074211
7832.702637	-95.316765
7838.085938	-95.418068
7843.469238	-95.089684
7848.852539	-94.979813
7854.235840	-94.729332
7859.619141	-94.698700
7865.002441	-94.066322
7870.385742	-93.712761
7875.769043	-93.582863
7881.152344	-93.448708
7886.535645	-93.625092
7891.918945	-93.842682
7897.302246	-93.625206
7902.685547	-93.922592
7908.068848	-94.331779
7913.452148	-93.849823
7918.835449	-93.793297
7924.218750	-93.582359
7929.602051	-92.628868
7934.985352	-93.588638
7940.368652	-93.937874
7945.751953	-93.677467
7951.135254	-93.318977
7956.518555	-93.559959
7961.901855	-93.739136
7967.285156	-94.092773
7972.668457	-94.274734
7978.051758	-95.205826
7983.435059	-95.516792
7988.818359	-96.041237
7994.201660	-95.887375
7999.584961	-96.101479
8004.968262	-95.565407
8010.351562	-95.287247
8015.734863	-95.420891
8021.118164	-95.824890
8026.501465	-95.389244
8031.884766	-95.583778
8037.268066	-95.724854
8042.651367	-95.414650
8048.034668	-94.911560
8053.417969	-94.994438
8058.801270	-94.615044
8064.184570	-94.106873
8069.567871	-94.329559
8074.951172	-93.786346
8080.334473	-94.212372
8085.717773	-94.708748
8091.101074	-95.039619
8096.484375	-95.496315
8101.867676	-96.176140
8107.250977	-96.451302
8112.634277	-95.923897
8118.017578	-96.460098
8123.400879	-96.001923
8128.784180	-95.997604
8134.167480	-95.995918
8139.550781	-94.875824
8144.934082	-94.497070
8150.317383	-94.475571
8155.700684	-94.877090
8161.083984	-94.669312
8166.467285	-94.759697
8171.850586	-95.428848
8177.233887	-95.687531
8182.617188	-95.664703
8188.000488	-95.359840
8193.383789	-95.180168
8198.767090	-95.164513
8204.150391	-94.704453
8209.533691	-94.195618
8214.916992	-93.500191
8220.300293	-93.373024
8225.683594	-93.118172
8231.066895	-92.856934
8236.450195	-93.170723
8241.833496	-93.624588
8247.216797	-93.959053
8252.600098	-93.915581
8257.983398	-93.452332
8263.366699	-93.831284
8268.750000	-94.231171
8274.133301	-94.289261
8279.516602	-94.290733
8284.899902	-94.564888
8290.283203	-95.249535
8295.666504	-95.513535
8301.049805	-95.775032
8306.433105	-96.616989
8311.816406	-97.234695
8317.199707	-97.035255
8322.583008	-96.969948
8327.966309	-96.530380
8333.349609	-95.192825
8338.732910	-95.234505
8344.116211	-95.505157
8349.499512	-95.894730
8354.882812	-95.954155
8360.266113	-95.918396
8365.649414	-96.080170
8371.032715	-95.802650
8376.416016	-95.396057
8381.799316	-96.429352
8387.182617	-96.089096
8392.565918	-95.641068
8397.949219	-95.787224
8403.332520	-96.170708
8408.715820	-97.078293
8414.099121	-97.458961
8419.482422	-96.931038
8424.865723	-96.535828
8430.249023	-96.334534
8435.632324	-96.831062
8441.015625	-96.486946
8446.398926	-96.032768
8451.782227	-96.096390
8457.165527	-95.881546
8462.548828	-94.769897
8467.932129	-94.215698
8473.315430	-95.037552
8478.698730	-94.494881
8484.082031	-94.818558
8489.465332	-95.105820
8494.848633	-95.056236
8500.231934	-95.147148
8505.615234	-94.938469
8510.998535	-95.248558
8516.381836	-94.633812
8521.765137	-94.811600
8527.148438	-94.408783
8532.531738	-94.104301
8537.915039	-93.830719
8543.298340	-93.437920
8548.681641	-94.408653
8554.064941	-94.339684
8559.448242	-94.266632
8564.831543	-94.624687
8570.214844	-94.976624
8575.598145	-94.773636
8580.981445	-94.632965
8586.364746	-94.755325
8591.748047	-94.844765
8597.131348	-94.625153
8602.514648	-94.502831
8607.897949	-94.918839
8613.281250	-94.608505
8618.664551	-93.587242
8624.047852	-94.079811
8629.431152	-93.808098
8634.814453	-94.196632
8640.197754	-93.635208
8645.581055	-93.875923
8650.964355	-94.460175
8656.347656	-94.414032
8661.730957	-94.702446
8667.114258	-94.083336
8672.497559	-93.612724
8677.880859	-93.565010
8683.264160	-93.557663
8688.647461	-94.080681
8694.030762	-94.783913
8699.414062	-94.505928
8704.797363	-95.090942
8710.180664	-95.661713
8715.563965	-96.218140
8720.947266	-96.241203
8726.330566	-96.044891
8731.713867	-96.333969
8737.097168	-95.978104
8742.480469	-95.001816
8747.863770	-95.753105
8753.247070	-95.831741
8758.630371	-95.413261
8764.013672	-95.720993
8769.396973	-95.154114
8774.780273	-95.638474
8780.163574	-95.435425
8785.546875	-96.226723
8790.930176	-96.387810
8796.313477	-96.263512
8801.696777	-96.029907
8807.080078	-96.224289
8812.463379	-96.643448
8817.846680	-96.999191
8823.229980	-96.665901
8828.613281	-96.603394
8833.996582	-96.438545
8839.379883	-96.143456
8844.763184	-95.652596
8850.146484	-95.725365
8855.529785	-95.601326
8860.913086	-95.900673
8866.296387	-95.774216
8871.679688	-95.895134
8877.062988	-95.503670
8882.446289	-95.192352
8887.829590	-95.470245
8893.212891	-95.639412
8898.596191	-95.591454
8903.979492	-96.357330
8909.362793	-96.548576
8914.746094	-96.275726
8920.129395	-96.258339
8925.512695	-95.863914
8930.895996	-96.154892
8936.279297	-95.929192
8941.662598	-96.250656
8947.045898	-96.431015
8952.429199	-96.041046
8957.812500	-95.729904
8963.195801	-95.637321
8968.579102	-95.725227
8973.962402	-96.549255
8979.345703	-96.367142
8984.729004	-96.234749
8990.112305	-96.392960
8995.495605	-95.833214
9000.878906	-96.124313
9006.262207	-96.152611
9011.645508	-95.989594
9017.028809	-95.577034
9022.412109	-96.186295
9027.795410	-96.028252
9033.178711	-96.077538
9038.562012	-96.418182
9043.945312	-96.102806
9049.328613	-96.047134
9054.711914	-95.953346
9060.095215	-96.135742
9065.478516	-95.930359
9070.861816	-96.778107
9076.245117	-96.387375
9081.628418	-95.656487
9087.011719	-95.852196
9092.395020	-96.297623
9097.778320	-96.502907
9103.161621	-96.877533
9108.544922	-96.708191
9113.928223	-96.131363
9119.311523	-95.989540
9124.694824	-95.781601
9130.078125	-95.917831
9135.461426	-95.557808
9140.844727	-95.425270
9146.228027	-94.987984
9151.611328	-94.863548
9156.994629	-95.595459
9162.377930	-95.561226
9167.761230	-95.339394
9173.144531	-95.365891
9178.527832	-95.634819
9183.911133	-95.332222
9189.294434	-95.246567
9194.677734	-94.852379
9200.061035	-93.905182
9205.444336	-93.717461
9210.827637	-93.153557
9216.210938	-93.298836
9221.594238	-93.822128
9226.977539	-94.303261
9232.360840	-94.699791
9237.744141	-95.395348
9243.127441	-95.403610
9248.510742	-95.513771
9253.894043	-95.423904
9259.277344	-96.044037
9264.660645	-96.826660
9270.043945	-96.753235
9275.427246	-96.898552
9280.810547	-96.440437
9286.193848	-95.977722
9291.577148	-96.439110
9296.960449	-97.025337
9302.343750	-96.995804
9307.727051	-96.330887
9313.110352	-96.591972
9318.493652	-96.266800
9323.876953	-96.252777
9329.260254	-95.949600
9334.643555	-95.801186
9340.026855	-95.554932
9345.410156	-95.561081
9350.793457	-95.933792
9356.176758	-96.031876
9361.560059	-96.008133
9366.943359	-96.698730
9372.326660	-96.255775
9377.709961	-96.177856
9383.093262	-96.586639
9388.476562	-96.718407
9393.859863	-96.544456
9399.243164	-97.213631
9404.626465	-96.409531
9410.009766	-95.962967
9415.393066	-96.853745
9420.776367	-96.520882
9426.159668	-96.302681
9431.542969	-96.551651
9436.926270	-96.638084
9442.309570	-96.626083
9447.692871	-95.961174
9453.076172	-96.181450
9458.459473	-96.303200
9463.842773	-95.685898
9469.226074	-95.802689
9474.609375	-95.906013
9479.992676	-95.369942
9485.375977	-95.184486
9490.759277	-95.459976
9496.142578	-95.661613
9501.525879	-94.969948
9506.909180	-95.302246
9512.292480	-94.375328
9517.675781	-93.958809
9523.059082	-94.020523
9528.442383	-92.841423
9533.825684	-92.854752
9539.208984	-93.021660
9544.592285	-94.144531
9549.975586	-95.042908
9555.358887	-95.456734
9560.742188	-95.478981
9566.125488	-95.390999
9571.508789	-95.805153
9576.892090	-95.364471
9582.275391	-95.716820
9587.658691	-95.563248
9593.041992	-96.599228
9598.425293	-95.908279
9603.808594	-95.761101
9609.191895	-96.069427
9614.575195	-96.358063
9619.958496	-95.586098
9625.341797	-95.254196
9630.725098	-95.521141
9636.108398	-95.595078
9641.491699	-95.453018
9646.875000	-96.259392
9652.258301	-97.131996
9657.641602	-96.494873
9663.024902	-95.990387
9668.408203	-96.075531
9673.791504	-95.954323
9679.174805	-95.375092
9684.558105	-95.415504
9689.941406	-94.733055
9695.324707	-95.127426
9700.708008	-95.525208
9706.091309	-95.362915
9711.474609	-95.806892
9716.857910	-95.805885
9722.241211	-95.656448
9727.624512	-95.790695
9733.007812	-95.911476
9738.391113	-95.633125
9743.774414	-95.824959
9749.157715	-95.990288
9754.541016	-95.606636
9759.924316	-95.157959
9765.307617	-94.932686
9770.690918	-95.504326
9776.074219	-96.133484
9781.457520	-95.384827
9786.840820	-95.611092
9792.224121	-95.911575
9797.607422	-95.351227
9802.990723	-94.992928
9808.374023	-95.093117
9813.757324	-95.597763
9819.140625	-95.732895
9824.523926	-95.356232
9829.907227	-95.645599
9835.290527	-94.731979
9840.673828	-94.518463
9846.057129	-95.097404
9851.440430	-95.271042
9856.823730	-95.724403
9862.207031	-96.501198
9867.590332	-96.448425
9872.973633	-96.151627
9878.356934	-95.957130
9883.740234	-95.780655
9889.123535	-96.487556
9894.506836	-96.010735
9899.890137	-95.619339
9905.273438	-95.895355
9910.656738	-96.397705
9916.040039	-96.213127
9921.423340	-96.187881
9926.806641	-96.008118
9932.189941	-95.715378
9937.573242	-96.510475
9942.956543	-96.491623
9948.339844	-96.582260
9953.723145	-96.489563
9959.106445	-95.960487
9964.489746	-95.980812
9969.873047	-96.076546
9975.256348	-95.968613
9980.639648	-96.074524
9986.022949	-96.142311
9991.406250	-95.911240
9996.789551	-95.847984
10002.172852	-96.766541
10007.556152	-96.023491
10012.939453	-95.191025
10018.322754	-94.742653
10023.706055	-94.527245
10029.089355	-94.493362
10034.472656	-94.140579
10039.855957	-94.362892
10045.239258	-94.651138
10050.622559	-94.278725
10056.005859	-94.547981
10061.389160	-94.028488
10066.772461	-94.840210
10072.155762	-96.231850
10077.539062	-96.957603
10082.922363	-96.986610
10088.305664	-96.206284
10093.688965	-95.814888
10099.072266	-96.466873
10104.455566	-96.177681
10109.838867	-95.555794
10115.222168	-95.076195
10120.605469	-94.691032
10125.988770	-94.907516
10131.372070	-94.966499
10136.755371	-95.734116
10142.138672	-95.452644
10147.521973	-96.220810
10152.905273	-96.511620
10158.288574	-96.372490
10163.671875	-96.096870
10169.055176	-96.487305
10174.438477	-96.320824
10179.821777	-96.071671
10185.205078	-96.335487
10190.588379	-96.354980
10195.971680	-96.390915
10201.354980	-96.315033
10206.738281	-95.651825
10212.121582	-95.940727
10217.504883	-95.416672
10222.888184	-95.149780
10228.271484	-95.292412
10233.654785	-95.544235
10239.038086	-95.655510
10244.421387	-95.034027
10249.804688	-95.104805
10255.187988	-94.979225
10260.571289	-94.009468
10265.954590	-94.344376
10271.337891	-94.454872
10276.721191	-94.869255
10282.104492	-94.163246
10287.487793	-94.502609
10292.871094	-95.429115
10298.254395	-95.496681
10303.637695	-95.102913
10309.020996	-94.182076
10314.404297	-94.318695
10319.787598	-95.201408
10325.170898	-94.957954
10330.554199	-94.965675
10335.937500	-94.938232
10341.320801	-94.923798
10346.704102	-94.523468
10352.087402	-94.721420
10357.470703	-95.185036
10362.854004	-95.377884
10368.237305	-95.032906
10373.620605	-94.838318
10379.003906	-95.823738
10384.387207	-95.954849
10389.770508	-96.090393
10395.153809	-96.512398
10400.537109	-96.278259
10405.920410	-96.443336
10411.303711	-96.520500
10416.687012	-96.580711
10422.070312	-96.432449
10427.453613	-96.667114
10432.836914	-96.062073
10438.220215	-96.650635
10443.603516	-96.481300
10448.986816	-96.105835
10454.370117	-95.220032
10459.753418	-96.008690
10465.136719	-95.313232
10470.520020	-95.316605
10475.903320	-95.450104
10481.286621	-94.764839
10486.669922	-94.380974
10492.053223	-94.612694
10497.436523	-94.000076
10502.819824	-94.368652
10508.203125	-95.235062
10513.586426	-95.078232
10518.969727	-95.319641
10524.353027	-95.860886
10529.736328	-96.118156
10535.119629	-96.447807
10540.502930	-96.348389
10545.886230	-95.799347
10551.269531	-96.094833
10556.652832	-95.753723
10562.036133	-95.366829
10567.419434	-95.578156
10572.802734	-95.439201
10578.186035	-95.735321
10583.569336	-95.510506
10588.952637	-95.653114
10594.335938	-95.411674
10599.719238	-95.890778
10605.102539	-96.523979
10610.485840	-96.762917
10615.869141	-96.364021
10621.252441	-95.983475
10626.635742	-96.273132
10632.019043	-95.593140
10637.402344	-95.031075
10642.785645	-94.920876
10648.168945	-95.899017
10653.552246	-95.967804
10658.935547	-95.448532
10664.318848	-96.067268
10669.702148	-96.197777
10675.085449	-95.829880
10680.468750	-96.302475
10685.852051	-96.122826
10691.235352	-96.033188
10696.618652	-96.126060
10702.001953	-96.237602
10707.385254	-96.257309
10712.768555	-96.333878
10718.151855	-96.142418
10723.535156	-96.196457
10728.918457	-96.390427
10734.301758	-96.512352
10739.685059	-96.692726
10745.068359	-96.054573
10750.451660	-95.874031
10755.834961	-95.957268
10761.218262	-95.938431
10766.601562	-95.709366
10771.984863	-95.440422
10777.368164	-95.167259
10782.751465	-95.577919
10788.134766	-95.996208
10793.518066	-95.560760
10798.901367	-95.576965
10804.284668	-95.786331
10809.667969	-95.809898
10815.051270	-95.471428
10820.434570	-95.101685
10825.817871	-94.944145
10831.201172	-94.558434
10836.584473	-95.382378
10841.967773	-95.468552
10847.351074	-94.848083
10852.734375	-95.009140
10858.117676	-95.679459
10863.500977	-95.513481
10868.884277	-94.969635
10874.267578	-95.653702
10879.650879	-95.529884
10885.034180	-95.680473
10890.417480	-96.005219
10895.800781	-95.433922
10901.184082	-95.393875
10906.567383	-94.824219
10911.950684	-95.290504
10917.333984	-95.013962
10922.717285	-95.398483
10928.100586	-95.621857
10933.483887	-95.401260
10938.867188	-94.934052
10944.250488	-95.142136
10949.633789	-94.968163
10955.017090	-95.354958
10960.400391	-94.700386
10965.783691	-94.295944
10971.166992	-94.386673
10976.550293	-93.747520
10981.933594	-93.285896
10987.316895	-93.133705
10992.700195	-93.780685
10998.083496	-93.922356
11003.466797	-94.122726
11008.850098	-94.109528
11014.233398	-93.927277
11019.616699	-93.894341
11025.000000	-94.027710
11030.383301	-94.247917
11035.766602	-94.269188
11041.149902	-94.749924
11046.533203	-93.982117
11051.916504	-94.195557
11057.299805	-94.035362
11062.683105	-93.929199
11068.066406	-93.646576
11073.449707	-93.496040
11078.833008	-93.086708
11084.216309	-92.946617
11089.599609	-93.128082
11094.982910	-93.223541
11100.366211	-93.431480
11105.749512	-93.851448
11111.132812	-94.867157
11116.516113	-94.735664
11121.899414	-94.502052
11127.282715	-94.153038
11132.666016	-94.121887
11138.049316	-93.383202
11143.432617	-93.583099
11148.815918	-94.096283
11154.199219	-94.030289
11159.582520	-94.153725
11164.965820	-94.690948
11170.349121	-94.906578
11175.732422	-95.193069
11181.115723	-95.496681
11186.499023	-95.472313
11191.882324	-95.667381
11197.265625	-95.707497
11202.648926	-94.984032
11208.032227	-94.967506
11213.415527	-94.604912
11218.798828	-94.382652
11224.182129	-94.303825
11229.565430	-94.908394
11234.948730	-94.961823
11240.332031	-94.791153
11245.715332	-94.512596
11251.098633	-94.368050
11256.481934	-94.670998
11261.865234	-95.094887
11267.248535	-95.108917
11272.631836	-94.900696
11278.015137	-95.246918
11283.398438	-94.439644
11288.781738	-94.280090
11294.165039	-94.119156
11299.548340	-94.584091
11304.931641	-94.944374
11310.314941	-94.832832
11315.698242	-94.521194
11321.081543	-94.644493
11326.464844	-95.620560
11331.848145	-95.592545
11337.231445	-95.337578
11342.614746	-95.275253
11347.998047	-95.126442
11353.381348	-93.983902
11358.764648	-94.634888
11364.147949	-95.195938
11369.531250	-95.239342
11374.914551	-95.519554
11380.297852	-95.024811
11385.681152	-94.590660
11391.064453	-94.782097
11396.447754	-95.219383
11401.831055	-95.220360
11407.214355	-95.198311
11412.597656	-94.992165
11417.980957	-94.974174
11423.364258	-95.542885
11428.747559	-95.805824
11434.130859	-96.092140
11439.514160	-95.665398
11444.897461	-95.672783
11450.280762	-95.489372
11455.664062	-94.544006
11461.047363	-94.947372
11466.430664	-94.407776
11471.813965	-94.870941
11477.197266	-94.514534
11482.580566	-94.176842
11487.963867	-94.719376
11493.347168	-95.086967
11498.730469	-95.346710
11504.113770	-95.900894
11509.497070	-95.797173
11514.880371	-95.161591
11520.263672	-95.546486
11525.646973	-95.363411
11531.030273	-95.531570
11536.413574	-95.655876
11541.796875	-95.588921
11547.180176	-95.866234
11552.563477	-96.207680
11557.946777	-96.547142
11563.330078	-97.203705
11568.713379	-96.787102
11574.096680	-96.733330
11579.479980	-96.400902
11584.863281	-96.587219
11590.246582	-96.115051
11595.629883	-96.223785
11601.013184	-96.061226
11606.396484	-94.038582
11611.779785	-95.302856
11617.163086	-96.311897
11622.546387	-96.041725
11627.929688	-96.327019
11633.312988	-96.659653
11638.696289	-96.339111
11644.079590	-95.592690
11649.462891	-94.868492
11654.846191	-95.515121
11660.229492	-95.396027
11665.612793	-95.233841
11670.996094	-95.869408
11676.379395	-95.415504
11681.762695	-95.403854
11687.145996	-95.906570
11692.529297	-96.014603
11697.912598	-95.963692
11703.295898	-95.860893
11708.679199	-96.014534
11714.062500	-95.897148
11719.445801	-95.830276
11724.829102	-96.192322
11730.212402	-96.048454
11735.595703	-96.127998
11740.979004	-96.185104
11746.362305	-96.210808
11751.745605	-95.729210
11757.128906	-95.742767
11762.512207	-95.224709
11767.895508	-95.325607
11773.278809	-95.580177
11778.662109	-94.572968
11784.045410	-94.368584
11789.428711	-94.290993
11794.812012	-94.058670
11800.195312	-94.700317
11805.578613	-95.256836
11810.961914	-95.378090
11816.345215	-95.773529
11821.728516	-96.514847
11827.111816	-96.271179
11832.495117	-95.978996
11837.878418	-96.262459
11843.261719	-95.785126
11848.645020	-96.030998
11854.028320	-96.630157
11859.411621	-96.458534
11864.794922	-96.218842
11870.178223	-96.003601
11875.561523	-95.584724
11880.944824	-96.066673
11886.328125	-96.336090
11891.711426	-96.180191
11897.094727	-95.721085
11902.478027	-96.578758
11907.861328	-96.532593
11913.244629	-95.930725
11918.627930	-96.075958
11924.011230	-96.107811
11929.394531	-96.197624
11934.777832	-96.368286
11940.161133	-96.767342
11945.544434	-96.185524
11950.927734	-96.565926
11956.311035	-97.385460
11961.694336	-96.791191
11967.077637	-96.713028
11972.460938	-96.718651
11977.844238	-96.225800
11983.227539	-96.218765
11988.610840	-95.798553
11993.994141	-95.074097
11999.377441	-96.182426
12004.760742	-96.829224
12010.144043	-96.837547
12015.527344	-96.716667
12020.910645	-96.505272
12026.293945	-96.535950
12031.677246	-96.241791
12037.060547	-96.274216
12042.443848	-96.913651
12047.827148	-96.457748
12053.210449	-96.703842
12058.593750	-96.272591
12063.977051	-96.534332
12069.360352	-96.862587
12074.743652	-97.173309
12080.126953	-96.774269
12085.510254	-96.462105
12090.893555	-96.765083
12096.276855	-97.341972
12101.660156	-97.274078
12107.043457	-96.683380
12112.426758	-96.395927
12117.810059	-96.612885
12123.193359	-96.315979
12128.576660	-96.559341
12133.959961	-96.722717
12139.343262	-96.639915
12144.726562	-97.213295
12150.109863	-96.978386
12155.493164	-97.336311
12160.876465	-97.261826
12166.259766	-96.821793
12171.643066	-96.993355
12177.026367	-96.840210
12182.409668	-97.192497
12187.792969	-96.568840
12193.176270	-96.956512
12198.559570	-96.908287
12203.942871	-96.895424
12209.326172	-96.719337
12214.709473	-96.914543
12220.092773	-97.067085
12225.476074	-96.728088
12230.859375	-96.436745
12236.242676	-96.873711
12241.625977	-97.638161
12247.009277	-97.179237
12252.392578	-97.236267
12257.775879	-97.346313
12263.159180	-97.389771
12268.542480	-97.288475
12273.925781	-96.251427
12279.309082	-96.709221
12284.692383	-96.605621
12290.075684	-96.779099
12295.458984	-97.335907
12300.842285	-97.333168
12306.225586	-97.149658
12311.608887	-96.712799
12316.992188	-97.050133
12322.375488	-97.505814
12327.758789	-97.475090
12333.142090	-97.621841
12338.525391	-98.003349
12343.908691	-97.723518
12349.291992	-97.761124
12354.675293	-97.666168
12360.058594	-97.789886
12365.441895	-97.667564
12370.825195	-98.095261
12376.208496	-97.721397
12381.591797	-98.002960
12386.975098	-98.433846
12392.358398	-98.026840
12397.741699	-97.803322
12403.125000	-97.662872
12408.508301	-97.559982
12413.891602	-97.290596
12419.274902	-97.100777
12424.658203	-97.538666
12430.041504	-97.334557
12435.424805	-97.475388
12440.808105	-97.341492
12446.191406	-97.608192
12451.574707	-97.298111
12456.958008	-97.788147
12462.341309	-97.993401
12467.724609	-98.403854
12473.107910	-98.537476
12478.491211	-97.705635
12483.874512	-97.759293
12489.257812	-97.951469
12494.641113	-98.248245
12500.024414	-98.354012
12505.407715	-98.540672
12510.791016	-98.205185
12516.174316	-98.095253
12521.557617	-97.861908
12526.940918	-97.375931
12532.324219	-97.625473
12537.707520	-98.312355
12543.090820	-98.351547
12548.474121	-97.519417
12553.857422	-97.602196
12559.240723	-97.577126
12564.624023	-97.701607
12570.007324	-97.532753
12575.390625	-97.706200
12580.773926	-97.734299
12586.157227	-97.370102
12591.540527	-98.341232
12596.923828	-98.461166
12602.307129	-97.730873
12607.690430	-97.262047
12613.073730	-97.806015
12618.457031	-97.509026
12623.840332	-97.735229
12629.223633	-98.318718
12634.606934	-98.766335
12639.990234	-99.052162
12645.373535	-98.259476
12650.756836	-97.964706
12656.140137	-97.768402
12661.523438	-98.266479
12666.906738	-98.071861
12672.290039	-97.872040
12677.673340	-98.262115
12683.056641	-98.569550
12688.439941	-98.870834
12693.823242	-98.638313
12699.206543	-98.006844
12704.589844	-98.008820
12709.973145	-98.310112
12715.356445	-97.979813
12720.739746	-98.109978
12726.123047	-98.160614
12731.506348	-98.151146
12736.889648	-97.697441
12742.272949	-97.997566
12747.656250	-98.739166
12753.039551	-98.298820
12758.422852	-97.892258
12763.806152	-98.020180
12769.189453	-98.459869
12774.572754	-98.100800
12779.956055	-97.743156
12785.339355	-97.759117
12790.722656	-97.850296
12796.105957	-97.433113
12801.489258	-97.378929
12806.872559	-96.981979
12812.255859	-97.410042
12817.639160	-97.766861
12823.022461	-97.757217
12828.405762	-97.934456
12833.789062	-97.674011
12839.172363	-97.922752
12844.555664	-97.790955
12849.938965	-98.092545
12855.322266	-97.772392
12860.705566	-97.510376
12866.088867	-97.562164
12871.472168	-97.083939
12876.855469	-96.785530
12882.238770	-96.960388
12887.622070	-97.312576
12893.005371	-97.326431
12898.388672	-97.513878
12903.771973	-97.340385
12909.155273	-97.297340
12914.538574	-97.566391
12919.921875	-97.152611
12925.305176	-97.154495
12930.688477	-97.477776
12936.071777	-97.019371
12941.455078	-96.558228
12946.838379	-96.980453
12952.221680	-97.116272
12957.604980	-97.320885
12962.988281	-97.081543
12968.371582	-96.680542
12973.754883	-97.689316
12979.138184	-97.589371
12984.521484	-97.756943
12989.904785	-97.735542
12995.288086	-97.915131
13000.671387	-98.090546
13006.054688	-98.037758
13011.437988	-98.403244
13016.821289	-98.275551
13022.204590	-98.250771
13027.587891	-97.913589
13032.971191	-97.751877
13038.354492	-98.237976
13043.737793	-98.086143
13049.121094	-97.314590
13054.504395	-97.449493
13059.887695	-98.337929
13065.270996	-98.321266
13070.654297	-97.206757
13076.037598	-97.010201
13081.420898	-97.261009
13086.804199	-96.654747
13092.187500	-96.979973
13097.570801	-97.902267
13102.954102	-97.117058
13108.337402	-97.110107
13113.720703	-96.855064
13119.104004	-97.327271
13124.487305	-97.618904
13129.870605	-97.176285
13135.253906	-97.072624
13140.637207	-97.324814
13146.020508	-97.660698
13151.403809	-97.719482
13156.787109	-97.997482
13162.170410	-98.357185
13167.553711	-98.248283
13172.937012	-97.459946
13178.320312	-96.969810
13183.703613	-97.209900
13189.086914	-98.009514
13194.470215	-97.460800
13199.853516	-96.635750
13205.236816	-96.938133
13210.620117	-96.409325
13216.003418	-96.162407
13221.386719	-96.736618
13226.770020	-96.588936
13232.153320	-97.004372
13237.536621	-97.335091
13242.919922	-96.995453
13248.303223	-96.924507
13253.686523	-97.806076
13259.069824	-98.235504
13264.453125	-97.641151
13269.836426	-97.253349
13275.219727	-98.035683
13280.603027	-97.639114
13285.986328	-97.956863
13291.369629	-98.243240
13296.752930	-97.796783
13302.136230	-97.279129
13307.519531	-96.775368
13312.902832	-97.044441
13318.286133	-97.350357
13323.669434	-96.737190
13329.052734	-96.868347
13334.436035	-96.435593
13339.819336	-96.490715
13345.202637	-96.306259
13350.585938	-96.526154
13355.969238	-96.900818
13361.352539	-96.582741
13366.735840	-96.651642
13372.119141	-96.430016
13377.502441	-95.984787
13382.885742	-96.146751
13388.269043	-96.632713
13393.652344	-96.751579
13399.035645	-96.397644
13404.418945	-96.469933
13409.802246	-96.589439
13415.185547	-97.028252
13420.568848	-97.155014
13425.952148	-96.843040
13431.335449	-96.953636
13436.718750	-97.069489
13442.102051	-97.235481
13447.485352	-97.175278
13452.868652	-97.796158
13458.251953	-97.720268
13463.635254	-97.706551
13469.018555	-97.804848
13474.401855	-98.018600
13479.785156	-97.635056
13485.168457	-98.100365
13490.551758	-97.609024
13495.935059	-97.547745
13501.318359	-97.547386
13506.701660	-97.978737
13512.084961	-98.117119
13517.468262	-97.858826
13522.851562	-98.091118
13528.234863	-98.038010
13533.618164	-97.857117
13539.001465	-97.461327
13544.384766	-97.459831
13549.768066	-97.314476
13555.151367	-96.999046
13560.534668	-97.692657
13565.917969	-97.679207
13571.301270	-97.437904
13576.684570	-97.651482
13582.067871	-98.130325
13587.451172	-97.600975
13592.834473	-97.782471
13598.217773	-98.209320
13603.601074	-97.877228
13608.984375	-98.048050
13614.367676	-98.192406
13619.750977	-97.451195
13625.134277	-97.559189
13630.517578	-98.334892
13635.900879	-98.816132
13641.284180	-99.103729
13646.667480	-98.175079
13652.050781	-97.781700
13657.434082	-97.774338
13662.817383	-97.595490
13668.200684	-97.468460
13673.583984	-97.192329
13678.967285	-97.744408
13684.350586	-98.052704
13689.733887	-97.499329
13695.117188	-97.687653
13700.500488	-97.526970
13705.883789	-98.005577
13711.267090	-97.276009
13716.650391	-97.700974
13722.033691	-97.976624
13727.416992	-97.607124
13732.800293	-98.112785
13738.183594	-97.996033
13743.566895	-97.613037
13748.950195	-97.575043
13754.333496	-98.394501
13759.716797	-98.196060
13765.100098	-97.799881
13770.483398	-97.675941
13775.866699	-97.969467
13781.250000	-98.789085
13786.633301	-98.531113
13792.016602	-98.719376
13797.399902	-98.747612
13802.783203	-98.610580
13808.166504	-98.502953
13813.549805	-98.078369
13818.933105	-98.359184
13824.316406	-98.417000
13829.699707	-98.156960
13835.083008	-98.463173
13840.466309	-97.960335
13845.849609	-97.798355
13851.232910	-97.929283
13856.616211	-97.516899
13861.999512	-96.880013
13867.382812	-97.035599
13872.766113	-97.832481
13878.149414	-97.176773
13883.532715	-96.291191
13888.916016	-96.561516
13894.299316	-96.304016
13899.682617	-95.955086
13905.065918	-96.486816
13910.449219	-96.408920
13915.832520	-96.258987
13921.215820	-96.628029
13926.599121	-96.551643
13931.982422	-96.338287
13937.365723	-96.703133
13942.749023	-96.416893
13948.132324	-95.906776
13953.515625	-96.202805
13958.898926	-96.075432
13964.282227	-95.726746
13969.665527	-96.004440
13975.048828	-96.226936
13980.432129	-95.594360
13985.815430	-95.011963
13991.198730	-95.257965
13996.582031	-95.689011
14001.965332	-96.826553
14007.348633	-96.406540
14012.731934	-96.950760
14018.115234	-97.246094
14023.498535	-97.501266
14028.881836	-97.234932
14034.265137	-97.838806
14039.648438	-98.200485
14045.031738	-98.213326
14050.415039	-97.477249
14055.798340	-97.597977
14061.181641	-97.492332
14066.564941	-97.741470
14071.948242	-98.199974
14077.331543	-97.294624
14082.714844	-97.364540
14088.098145	-96.584755
14093.481445	-96.890526
14098.864746	-96.624847
14104.248047	-96.604752
14109.631348	-96.108109
14115.014648	-95.897453
14120.397949	-96.365570
14125.781250	-96.009262
14131.164551	-96.890213
14136.547852	-97.324585
14141.931152	-97.849022
14147.314453	-97.699516
14152.697754	-98.399323
14158.081055	-97.969009
14163.464355	-97.866844
14168.847656	-98.131523
14174.230957	-97.402199
14179.614258	-98.111794
14184.997559	-98.694824
14190.380859	-98.033379
14195.764160	-97.556053
14201.147461	-97.546776
14206.530762	-97.542648
14211.914062	-97.254562
14217.297363	-96.979324
14222.680664	-96.701019
14228.063965	-97.132217
14233.447266	-96.636879
14238.830566	-96.175659
14244.213867	-95.969025
14249.597168	-95.411690
14254.980469	-94.548981
14260.363770	-94.717316
14265.747070	-94.942726
14271.130371	-94.642036
14276.513672	-95.146286
14281.896973	-95.961418
14287.280273	-96.433907
14292.663574	-96.656914
14298.046875	-96.587944
14303.430176	-97.309586
14308.813477	-97.646835
14314.196777	-97.691841
14319.580078	-97.823311
14324.963379	-97.384186
14330.346680	-97.307159
14335.729980	-97.501015
14341.113281	-97.781044
14346.496582	-97.933929
14351.879883	-98.056503
14357.263184	-98.518967
14362.646484	-97.711746
14368.029785	-98.039139
14373.413086	-98.678200
14378.796387	-98.782684
14384.179688	-98.332115
14389.562988	-97.021599
14394.946289	-97.137695
14400.329590	-97.044449
14405.712891	-96.991196
14411.096191	-96.801826
14416.479492	-96.445786
14421.862793	-96.008141
14427.246094	-96.450249
14432.629395	-96.163620
14438.012695	-96.523438
14443.395996	-96.867363
14448.779297	-96.447189
14454.162598	-96.521202
14459.545898	-97.195786
14464.929199	-96.253220
14470.312500	-95.900047
14475.695801	-96.460907
14481.079102	-96.526840
14486.462402	-96.441757
14491.845703	-96.968369
14497.229004	-97.488037
14502.612305	-96.784706
14507.995605	-94.513031
14513.378906	-96.098854
14518.762207	-97.495224
14524.145508	-97.331375
14529.528809	-97.345795
14534.912109	-97.127129
14540.295410	-96.882278
14545.678711	-97.124741
14551.062012	-97.645676
14556.445312	-97.197937
14561.828613	-97.686264
14567.211914	-97.384377
14572.595215	-97.571136
14577.978516	-97.664230
14583.361816	-96.946724
14588.745117	-96.704430
14594.128418	-96.832222
14599.511719	-97.313606
14604.895020	-97.695465
14610.278320	-97.259094
14615.661621	-96.963097
14621.044922	-96.601593
14626.428223	-96.119827
14631.811523	-95.788452
14637.194824	-96.613113
14642.578125	-96.092522
14647.961426	-95.814262
14653.344727	-95.685165
14658.728027	-95.377052
14664.111328	-94.967865
14669.494629	-94.505836
14674.877930	-94.031471
14680.261230	-94.432961
14685.644531	-94.616776
14691.027832	-94.861572
14696.411133	-94.308632
14701.794434	-94.368774
14707.177734	-94.710991
14712.561035	-95.177383
14717.944336	-95.341721
14723.327637	-95.978577
14728.710938	-95.934723
14734.094238	-96.842888
14739.477539	-97.043015
14744.860840	-96.758575
14750.244141	-97.185593
14755.627441	-96.452026
14761.010742	-96.419037
14766.394043	-96.468513
14771.777344	-96.764557
14777.160645	-96.575851
14782.543945	-96.513885
14787.927246	-96.325233
14793.310547	-96.345352
14798.693848	-96.774864
14804.077148	-96.390770
14809.460449	-96.239601
14814.843750	-95.953125
14820.227051	-95.705391
14825.610352	-95.830521
14830.993652	-95.373848
14836.376953	-95.029556
14841.760254	-94.991776
14847.143555	-95.433914
14852.526855	-95.270668
14857.910156	-95.615845
14863.293457	-95.439072
14868.676758	-95.867027
14874.060059	-96.230553
14879.443359	-96.269821
14884.826660	-95.682838
14890.209961	-95.938477
14895.593262	-95.926094
14900.976562	-95.947021
14906.359863	-96.016739
14911.743164	-95.943115
14917.126465	-95.693298
14922.509766	-94.708282
14927.893066	-94.924873
14933.276367	-95.210342
14938.659668	-95.130684
14944.042969	-94.984802
14949.426270	-94.545761
14954.809570	-94.447189
14960.192871	-94.125557
14965.576172	-93.537292
14970.959473	-94.990517
14976.342773	-95.935547
14981.726074	-95.620415
14987.109375	-96.093109
14992.492676	-95.846367
14997.875977	-95.437782
15003.259277	-96.196922
15008.642578	-96.503212
15014.025879	-96.018539
15019.409180	-96.397751
15024.792480	-96.914742
15030.175781	-97.136612
15035.559082	-96.651917
15040.942383	-97.097214
15046.325684	-96.701279
15051.708984	-97.524284
15057.092285	-97.880058
15062.475586	-97.466858
15067.858887	-97.798187
15073.242188	-97.782494
15078.625488	-98.232033
15084.008789	-97.980888
15089.392090	-97.400085
15094.775391	-97.594917
15100.158691	-97.498360
15105.541992	-97.493729
15110.925293	-96.630478
15116.308594	-96.264748
15121.691895	-95.247772
15127.075195	-95.544014
15132.458496	-95.810646
15137.841797	-95.833893
15143.225098	-95.444397
15148.608398	-95.846848
15153.991699	-96.386284
15159.375000	-96.058189
15164.758301	-96.205070
15170.141602	-96.061111
15175.524902	-96.292610
15180.908203	-95.997223
15186.291504	-95.717339
15191.674805	-95.421669
15197.058105	-94.765877
15202.441406	-93.955246
15207.824707	-93.889610
15213.208008	-94.052742
15218.591309	-93.181717
15223.974609	-92.878464
15229.357910	-93.137558
15234.741211	-93.606636
15240.124512	-94.048096
15245.507812	-93.676819
15250.891113	-93.908577
15256.274414	-93.963623
15261.657715	-94.293839
15267.041016	-94.653221
15272.424316	-95.236832
15277.807617	-96.367378
15283.190918	-96.537827
15288.574219	-96.762619
15293.957520	-97.272278
15299.340820	-97.236115
15304.724121	-97.606606
15310.107422	-98.114937
15315.490723	-98.038094
15320.874023	-97.884789
15326.257324	-98.052368
15331.640625	-98.099930
15337.023926	-98.211533
15342.407227	-97.972092
15347.790527	-97.381401
15353.173828	-97.545982
15358.557129	-97.363937
15363.940430	-97.211967
15369.323730	-96.515945
15374.707031	-97.151039
15380.090332	-96.888741
15385.473633	-97.261505
15390.856934	-97.749687
15396.240234	-97.728302
15401.623535	-97.765221
15407.006836	-97.613724
15412.390137	-97.657333
15417.773438	-97.503860
15423.156738	-97.707108
15428.540039	-97.263565
15433.923340	-97.006180
15439.306641	-97.803497
15444.689941	-97.980988
15450.073242	-97.429993
15455.456543	-97.401009
15460.839844	-97.088295
15466.223145	-96.177444
15471.606445	-96.067665
15476.989746	-96.280708
15482.373047	-95.951752
15487.756348	-96.488686
15493.139648	-96.611229
15498.522949	-96.257164
15503.906250	-96.409760
15509.289551	-97.015305
15514.672852	-97.760574
15520.056152	-97.379585
15525.439453	-97.076202
15530.822754	-97.221718
15536.206055	-97.017860
15541.589355	-97.369881
15546.972656	-97.159378
15552.355957	-96.985039
15557.739258	-97.725555
15563.122559	-97.471779
15568.505859	-97.359016
15573.889160	-97.143654
15579.272461	-96.937859
15584.655762	-97.030388
15590.039062	-96.601349
15595.422363	-96.378281
15600.805664	-96.353241
15606.188965	-96.353050
15611.572266	-96.479843
15616.955566	-96.144058
15622.338867	-96.069313
15627.722168	-95.870041
15633.105469	-96.554955
15638.488770	-96.492973
15643.872070	-95.878830
15649.255371	-96.657585
15654.638672	-96.090775
15660.021973	-95.802895
15665.405273	-96.007530
15670.788574	-96.314568
15676.171875	-96.829224
15681.555176	-96.903252
15686.938477	-97.243050
15692.321777	-96.814529
15697.705078	-96.511810
15703.088379	-96.331444
15708.471680	-96.468842
15713.854980	-96.432213
15719.238281	-96.079163
15724.621582	-96.016357
15730.004883	-95.651154
15735.388184	-95.718056
15740.771484	-96.133904
15746.154785	-95.595314
15751.538086	-95.819832
15756.921387	-96.667641
15762.304688	-97.029381
15767.687988	-97.259781
15773.071289	-97.979340
15778.454590	-97.770889
15783.837891	-97.172844
15789.221191	-97.710770
15794.604492	-97.004196
15799.987793	-96.782516
15805.371094	-96.678917
15810.754395	-96.711449
15816.137695	-96.784401
15821.520996	-97.010323
15826.904297	-96.975555
15832.287598	-97.154854
15837.670898	-97.011139
15843.054199	-97.204803
15848.437500	-97.008499
15853.820801	-97.159538
15859.204102	-97.131302
15864.587402	-97.033096
15869.970703	-96.638931
15875.354004	-96.133461
15880.737305	-96.251030
15886.120605	-96.824608
15891.503906	-97.186661
15896.887207	-96.648170
15902.270508	-96.753700
15907.653809	-97.162338
15913.037109	-96.972610
15918.420410	-97.349098
15923.803711	-97.106010
15929.187012	-96.693489
15934.570312	-96.043648
15939.953613	-95.707428
15945.336914	-96.074150
15950.720215	-96.935234
15956.103516	-96.336777
15961.486816	-95.820312
15966.870117	-95.682014
15972.253418	-96.869316
15977.636719	-95.943001
15983.020020	-95.634277
15988.403320	-96.318817
15993.786621	-96.394875
15999.169922	-96.058578
16004.553223	-94.913757
16009.936523	-94.480446
16015.319824	-94.539780
16020.703125	-93.767128
16026.086426	-94.005287
16031.469727	-93.753677
16036.853027	-93.546906
16042.236328	-93.334808
16047.619629	-93.588699
16053.002930	-94.326942
16058.386230	-93.924278
16063.769531	-93.980049
16069.152832	-94.824791
16074.536133	-94.157173
16079.919434	-93.601631
16085.302734	-94.359268
16090.686035	-94.542168
16096.069336	-94.935951
16101.452637	-95.453171
16106.835938	-95.362488
16112.219238	-95.894188
16117.602539	-96.505096
16122.985840	-96.431374
16128.369141	-96.297691
16133.752441	-95.963745
16139.135742	-96.645256
16144.519043	-96.514503
16149.902344	-96.456795
16155.285645	-96.605186
16160.668945	-96.877258
16166.052246	-97.173508
16171.435547	-96.733665
16176.818848	-97.486877
16182.202148	-97.602318
16187.585449	-97.685318
16192.968750	-97.898895
16198.352051	-97.767647
16203.735352	-98.012199
16209.118652	-98.299347
16214.501953	-98.802261
16219.885254	-99.187042
16225.268555	-98.014450
16230.651855	-97.480499
16236.035156	-97.665833
16241.418457	-98.206642
16246.801758	-98.000626
16252.185059	-98.053108
16257.568359	-97.566391
16262.951660	-96.590179
16268.334961	-96.924675
16273.718262	-97.172569
16279.101562	-97.008919
16284.484863	-97.110359
16289.868164	-97.155159
16295.251465	-96.575981
16300.634766	-97.429459
16306.018066	-97.416634
16311.401367	-96.802299
16316.784668	-96.474152
16322.167969	-96.732758
16327.551270	-97.109154
16332.934570	-97.026207
16338.317871	-96.994583
16343.701172	-97.234360
16349.084473	-98.018051
16354.467773	-97.816986
16359.851074	-98.157776
16365.234375	-98.138206
16370.617676	-98.048203
16376.000977	-97.616547
16381.384277	-97.726196
16386.767578	-97.892975
16392.150879	-97.211098
16397.534180	-97.006096
16402.917480	-97.291756
16408.300781	-97.233238
16413.684082	-97.523994
16419.067383	-97.726913
16424.450684	-97.703735
16429.833984	-97.966835
16435.217285	-97.891953
16440.600586	-97.431511
16445.983887	-97.777306
16451.367188	-98.112801
16456.750488	-98.535141
16462.133789	-97.969131
16467.517090	-97.941406
16472.900391	-98.500938
16478.283691	-98.706902
16483.666992	-98.552002
16489.050293	-98.048965
16494.433594	-98.355980
16499.816895	-98.504364
16505.200195	-98.582191
16510.583496	-98.633987
16515.966797	-98.257271
16521.350098	-97.998741
16526.733398	-97.743599
16532.116699	-97.874802
16537.500000	-97.452026
16542.883301	-97.439835
16548.266602	-97.675514
16553.649902	-97.767609
16559.033203	-97.339447
16564.416504	-97.314178
16569.799805	-97.485161
16575.183105	-97.732010
16580.566406	-97.558945
16585.949707	-97.695374
16591.333008	-97.916779
16596.716309	-97.967354
16602.099609	-97.637901
16607.482910	-97.847290
16612.866211	-98.055443
16618.249512	-97.777168
16623.632812	-97.455360
16629.016113	-97.224510
16634.399414	-96.889816
16639.782715	-97.364273
16645.166016	-97.705734
16650.549316	-97.531670
16655.932617	-97.884514
16661.315918	-97.551636
16666.699219	-97.954193
16672.082520	-98.120766
16677.465820	-97.330833
16682.849121	-97.772430
16688.232422	-97.299156
16693.615723	-97.007607
16698.999023	-97.569199
16704.382324	-97.430290
16709.765625	-97.148796
16715.148926	-97.674278
16720.532227	-96.985107
16725.915527	-96.728104
16731.298828	-96.977875
16736.682129	-96.937111
16742.065430	-97.046516
16747.448730	-97.730927
16752.832031	-98.441124
16758.215332	-97.551117
16763.598633	-97.292587
16768.981934	-97.982002
16774.365234	-97.893105
16779.748535	-97.395615
16785.131836	-97.695366
16790.515137	-97.457855
16795.898438	-97.578194
16801.281738	-98.350136
16806.665039	-98.581741
16812.048340	-98.105621
16817.431641	-97.791519
16822.814941	-97.793015
16828.198242	-97.436607
16833.581543	-98.269089
16838.964844	-98.583656
16844.348145	-98.271790
16849.731445	-98.022652
16855.114746	-98.140930
16860.498047	-98.062096
16865.881348	-98.112015
16871.264648	-98.512314
16876.647949	-98.251244
16882.031250	-97.523735
16887.414551	-97.396507
16892.797852	-98.214531
16898.181152	-98.219429
16903.564453	-97.643669
16908.947754	-97.493912
16914.331055	-97.577698
16919.714355	-97.606903
16925.097656	-97.928177
16930.480957	-97.853973
16935.864258	-98.258446
16941.247559	-98.350098
16946.630859	-98.111298
16952.014160	-97.900520
16957.397461	-98.442123
16962.780762	-98.025742
16968.164062	-98.234146
16973.547363	-98.403938
16978.930664	-97.711365
16984.313965	-97.612854
16989.697266	-99.098228
16995.080566	-98.912613
17000.463867	-98.220314
17005.847168	-97.799950
17011.230469	-97.982658
17016.613770	-98.622467
17021.997070	-98.285431
17027.380371	-97.510193
17032.763672	-97.802162
17038.146973	-98.209900
17043.530273	-98.065956
17048.913574	-98.092293
17054.296875	-97.346947
17059.680176	-98.042221
17065.063477	-98.246468
17070.446777	-97.958427
17075.830078	-98.207291
17081.213379	-98.175476
17086.596680	-97.909729
17091.979980	-97.907730
17097.363281	-97.809364
17102.746582	-97.419029
17108.129883	-97.672607
17113.513184	-98.257736
17118.896484	-98.018661
17124.279785	-97.874359
17129.663086	-97.897545
17135.046387	-97.862846
17140.429688	-98.120735
17145.812988	-97.531212
17151.196289	-97.366402
17156.579590	-97.803337
17161.962891	-97.785034
17167.346191	-97.931908
17172.729492	-97.671997
17178.112793	-97.940598
17183.496094	-97.934486
17188.879395	-97.706947
17194.262695	-97.897949
17199.645996	-97.648148
17205.029297	-98.614586
17210.412598	-98.564682
17215.795898	-97.866814
17221.179199	-97.717163
17226.562500	-97.736847
17231.945801	-98.203865
17237.329102	-98.565117
17242.712402	-98.003616
17248.095703	-98.179764
17253.479004	-98.795914
17258.862305	-98.944420
17264.245605	-98.310661
17269.628906	-98.593094
17275.012207	-98.481667
17280.395508	-98.127541
17285.778809	-98.576691
17291.162109	-98.705421
17296.545410	-98.849396
17301.928711	-98.671829
17307.312012	-98.553909
17312.695312	-98.589851
17318.078613	-99.342751
17323.461914	-98.957237
17328.845215	-98.239212
17334.228516	-97.886826
17339.611816	-97.865921
17344.995117	-98.423386
17350.378418	-98.933289
17355.761719	-98.860893
17361.145020	-99.173294
17366.528320	-99.495392
17371.911621	-99.347092
17377.294922	-98.827095
17382.678223	-97.879257
17388.061523	-98.271423
17393.444824	-98.911850
17398.828125	-98.873451
17404.211426	-98.385811
17409.594727	-97.644989
17414.978027	-98.314751
17420.361328	-98.262245
17425.744629	-98.395706
17431.127930	-98.540871
17436.511230	-98.771896
17441.894531	-98.840027
17447.277832	-98.965363
17452.661133	-98.963608
17458.044434	-98.654274
17463.427734	-98.658447
17468.811035	-98.959320
17474.194336	-99.058502
17479.577637	-98.600555
17484.960938	-98.818031
17490.344238	-99.647758
17495.727539	-99.253616
17501.110840	-99.184608
17506.494141	-99.310829
17511.877441	-99.015854
17517.260742	-99.121246
17522.644043	-98.814102
17528.027344	-99.096107
17533.410645	-98.859741
17538.793945	-98.573677
17544.177246	-98.623016
17549.560547	-98.670471
17554.943848	-98.513176
17560.327148	-98.260971
17565.710449	-98.587494
17571.093750	-99.144386
17576.477051	-98.827171
17581.860352	-99.017662
17587.243652	-99.295792
17592.626953	-99.265694
17598.010254	-99.106636
17603.393555	-98.124397
17608.776855	-98.219139
17614.160156	-99.033951
17619.543457	-98.971458
17624.926758	-99.356415
17630.310059	-99.339676
17635.693359	-99.128700
17641.076660	-98.732880
17646.459961	-98.962921
17651.843262	-98.814606
17657.226562	-99.397720
17662.609863	-99.782242
17667.993164	-99.066696
17673.376465	-99.121796
17678.759766	-99.251495
17684.143066	-99.019531
17689.526367	-99.459389
17694.909668	-99.211777
17700.292969	-99.021751
17705.676270	-99.377914
17711.059570	-99.133972
17716.442871	-99.131523
17721.826172	-99.598221
17727.209473	-98.566002
17732.592773	-98.555794
17737.976074	-99.228241
17743.359375	-98.652939
17748.742676	-99.231339
17754.125977	-99.299133
17759.509277	-99.384132
17764.892578	-99.048454
17770.275879	-99.862343
17775.659180	-99.557701
17781.042480	-99.271202
17786.425781	-99.413010
17791.809082	-98.505997
17797.192383	-98.583839
17802.575684	-98.772629
17807.958984	-98.638077
17813.342285	-98.972618
17818.725586	-99.242226
17824.108887	-98.628365
17829.492188	-99.049301
17834.875488	-99.020378
17840.258789	-98.924194
17845.642090	-98.762878
17851.025391	-98.501686
17856.408691	-98.721931
17861.791992	-99.366714
17867.175293	-99.077202
17872.558594	-99.235085
17877.941895	-98.926552
17883.325195	-98.671227
17888.708496	-98.355988
17894.091797	-99.024452
17899.475098	-98.744713
17904.858398	-98.988861
17910.241699	-98.887886
17915.625000	-98.407486
17921.008301	-99.159645
17926.391602	-98.638954
17931.774902	-98.954498
17937.158203	-98.589554
17942.541504	-98.345917
17947.924805	-98.297173
17953.308105	-98.580429
17958.691406	-98.377808
17964.074707	-98.383339
17969.458008	-98.282524
17974.841309	-98.695656
17980.224609	-98.361511
17985.607910	-97.841103
17990.991211	-98.293671
17996.374512	-98.611351
18001.757812	-98.484558
18007.141113	-98.412094
18012.524414	-98.591011
18017.907715	-98.818062
18023.291016	-98.817345
18028.674316	-98.440971
18034.057617	-98.580887
18039.440918	-98.536575
18044.824219	-98.147461
18050.207520	-98.027039
18055.590820	-98.632500
18060.974121	-98.350258
18066.357422	-98.535454
18071.740723	-98.295975
18077.124023	-98.343056
18082.507324	-98.769371
18087.890625	-98.329987
18093.273926	-98.400238
18098.657227	-98.190201
18104.040527	-98.459335
18109.423828	-98.648949
18114.807129	-99.133995
18120.190430	-99.102325
18125.573730	-99.024796
18130.957031	-98.757149
18136.340332	-97.882385
18141.723633	-98.198624
18147.106934	-99.147461
18152.490234	-98.216980
18157.873535	-97.789650
18163.256836	-98.110077
18168.640137	-98.431747
18174.023438	-98.613693
18179.406738	-98.875732
18184.790039	-98.463181
18190.173340	-98.545700
18195.556641	-98.361992
18200.939941	-98.309364
18206.323242	-97.660362
18211.706543	-98.084732
18217.089844	-98.044868
18222.473145	-97.903252
18227.856445	-97.453026
18233.239746	-97.368271
18238.623047	-97.750237
18244.006348	-98.068375
18249.389648	-98.113853
18254.772949	-98.101677
18260.156250	-97.775719
18265.539551	-97.923134
18270.922852	-97.545242
18276.306152	-97.396980
18281.689453	-97.821732
18287.072754	-97.898346
18292.456055	-98.065514
18297.839355	-97.879692
18303.222656	-98.109665
18308.605957	-97.717346
18313.989258	-98.259338
18319.372559	-98.502480
18324.755859	-97.665909
18330.139160	-97.811600
18335.522461	-97.624321
18340.905762	-97.262001
18346.289062	-97.392685
18351.672363	-97.798096
18357.055664	-97.853355
18362.438965	-97.966515
18367.822266	-97.470551
18373.205566	-97.173996
18378.588867	-97.405899
18383.972168	-97.398148
18389.355469	-97.564110
18394.738770	-98.168625
18400.122070	-98.019035
18405.505371	-97.530891
18410.888672	-97.452698
18416.271973	-97.926888
18421.655273	-97.952553
18427.038574	-97.499741
18432.421875	-97.771080
18437.805176	-97.838501
18443.188477	-97.418205
18448.571777	-97.113998
18453.955078	-97.474312
18459.338379	-97.525040
18464.721680	-97.465271
18470.104980	-97.783829
18475.488281	-97.758095
18480.871582	-97.433716
18486.254883	-97.068665
18491.638184	-97.261032
18497.021484	-97.439857
18502.404785	-97.508408
18507.788086	-97.652695
18513.171387	-98.222061
18518.554688	-97.790878
18523.937988	-97.302277
18529.321289	-97.467079
18534.704590	-97.542686
18540.087891	-97.858109
18545.471191	-98.037979
18550.854492	-98.081070
18556.237793	-97.880814
18561.621094	-98.013580
18567.004395	-98.249924
18572.387695	-98.173622
18577.770996	-97.983345
18583.154297	-97.430275
18588.537598	-97.719788
18593.920898	-97.800819
18599.304199	-97.951660
18604.687500	-97.556244
18610.070801	-97.748932
18615.454102	-97.576889
18620.837402	-97.591812
18626.220703	-97.362061
18631.604004	-97.799355
18636.987305	-97.613121
18642.370605	-96.600983
18647.753906	-97.768616
18653.137207	-97.686089
18658.520508	-97.452438
18663.903809	-97.662506
18669.287109	-98.250343
18674.670410	-97.956108
18680.053711	-97.971275
18685.437012	-98.118065
18690.820312	-97.927841
18696.203613	-97.321648
18701.586914	-97.331047
18706.970215	-97.531891
18712.353516	-98.011810
18717.736816	-97.632675
18723.120117	-97.486694
18728.503418	-97.350983
18733.886719	-96.991646
18739.270020	-96.724304
18744.653320	-96.738396
18750.036621	-97.424644
18755.419922	-97.997520
18760.803223	-97.752541
18766.186523	-97.496376
18771.569824	-96.908646
18776.953125	-97.196205
18782.336426	-97.601349
18787.719727	-98.232536
18793.103027	-97.606606
18798.486328	-96.873688
18803.869629	-96.938248
18809.252930	-97.152763
18814.636230	-97.370537
18820.019531	-97.797264
18825.402832	-97.729301
18830.786133	-96.904022
18836.169434	-97.633278
18841.552734	-97.517624
18846.936035	-97.385017
18852.319336	-97.315628
18857.702637	-97.518494
18863.085938	-97.245003
18868.469238	-97.018562
18873.852539	-97.028290
18879.235840	-97.621643
18884.619141	-97.691101
18890.002441	-97.217026
18895.385742	-97.868423
18900.769043	-97.341064
18906.152344	-97.247559
18911.535645	-97.433723
18916.918945	-97.851494
18922.302246	-98.159180
18927.685547	-97.864555
18933.068848	-97.869843
18938.452148	-97.486389
18943.835449	-97.261620
18949.218750	-97.916916
18954.602051	-98.392593
18959.985352	-97.757050
18965.368652	-97.489372
18970.751953	-97.314919
18976.135254	-97.087830
18981.518555	-97.350418
18986.901855	-97.781891
18992.285156	-97.402428
18997.668457	-97.246849
19003.051758	-97.531258
19008.435059	-97.401550
19013.818359	-98.063652
19019.201660	-97.669884
19024.584961	-97.455231
19029.968262	-97.458565
19035.351562	-97.544014
19040.734863	-97.529213
19046.118164	-97.506477
19051.501465	-97.180847
19056.884766	-97.637772
19062.268066	-97.326698
19067.651367	-97.578613
19073.034668	-97.815285
19078.417969	-97.851303
19083.801270	-97.736015
19089.184570	-97.622574
19094.567871	-98.136909
19099.951172	-97.724777
19105.334473	-97.815559
19110.717773	-97.963448
19116.101074	-98.192772
19121.484375	-98.003883
19126.867676	-97.856087
19132.250977	-97.846802
19137.634277	-98.145554
19143.017578	-98.324478
19148.400879	-97.759987
19153.784180	-97.857841
19159.167480	-97.568275
19164.550781	-96.942154
19169.934082	-97.248878
19175.317383	-97.828629
19180.700684	-98.185921
19186.083984	-97.681145
19191.467285	-97.851074
19196.850586	-98.330872
19202.233887	-97.637917
19207.617188	-97.410217
19213.000488	-97.812981
19218.383789	-98.034988
19223.767090	-98.391983
19229.150391	-98.502480
19234.533691	-97.822426
19239.916992	-98.285126
19245.300293	-98.273224
19250.683594	-98.050171
19256.066895	-97.430031
19261.450195	-97.310616
19266.833496	-97.772224
19272.216797	-98.163765
19277.600098	-97.901711
19282.983398	-97.595322
19288.366699	-97.179298
19293.750000	-97.769707
19299.133301	-98.025894
19304.516602	-97.672752
19309.899902	-98.406235
19315.283203	-98.353714
19320.666504	-98.119072
19326.049805	-98.169243
19331.433105	-98.174438
19336.816406	-98.091194
19342.199707	-98.866074
19347.583008	-98.594193
19352.966309	-97.626518
19358.349609	-97.749062
19363.732910	-98.199310
19369.116211	-98.061325
19374.499512	-97.786652
19379.882812	-97.731003
19385.266113	-98.493507
19390.649414	-98.252396
19396.032715	-97.425110
19401.416016	-97.981262
19406.799316	-97.760323
19412.182617	-96.859093
19417.565918	-96.209244
19422.949219	-96.545097
19428.332520	-96.453316
19433.715820	-97.050735
19439.099121	-97.225319
19444.482422	-97.141747
19449.865723	-97.472443
19455.249023	-97.184914
19460.632324	-97.154877
19466.015625	-97.337982
19471.398926	-97.699661
19476.782227	-97.654137
19482.165527	-98.247948
19487.548828	-98.403763
19492.932129	-97.972404
19498.315430	-98.130981
19503.698730	-98.678528
19509.082031	-97.998779
19514.465332	-97.914108
19519.848633	-97.653191
19525.231934	-98.025986
19530.615234	-98.312889
19535.998535	-98.435982
19541.381836	-98.322594
19546.765137	-97.963264
19552.148438	-97.672798
19557.531738	-98.184181
19562.915039	-97.969894
19568.298340	-98.172432
19573.681641	-97.881721
19579.064941	-97.984238
19584.448242	-98.535530
19589.831543	-99.057411
19595.214844	-98.398735
19600.598145	-98.498611
19605.981445	-98.810005
19611.364746	-98.013260
19616.748047	-97.948715
19622.131348	-97.694862
19627.514648	-97.808907
19632.897949	-98.007195
19638.281250	-98.262672
19643.664551	-98.631104
19649.047852	-98.979195
19654.431152	-99.092995
19659.814453	-98.777924
19665.197754	-98.759750
19670.581055	-98.248474
19675.964355	-98.243156
19681.347656	-98.805305
19686.730957	-98.864349
19692.114258	-98.641022
19697.497559	-98.572083
19702.880859	-98.586281
19708.264160	-98.526695
19713.647461	-98.812584
19719.030762	-98.125931
19724.414062	-98.691940
19729.797363	-98.766518
19735.180664	-98.929184
19740.563965	-99.360977
19745.947266	-98.737656
19751.330566	-98.494293
19756.713867	-98.831642
19762.097168	-98.555031
19767.480469	-98.715851
19772.863770	-98.531044
19778.247070	-98.604568
19783.630371	-98.869377
19789.013672	-99.237015
19794.396973	-98.975716
19799.780273	-99.022026
19805.163574	-99.140511
19810.546875	-99.161469
19815.930176	-98.536934
19821.313477	-98.419830
19826.696777	-98.402405
19832.080078	-98.327965
19837.463379	-98.825073
19842.846680	-99.273964
19848.229980	-99.011673
19853.613281	-98.547691
19858.996582	-98.627686
19864.379883	-98.526047
19869.763184	-98.622398
19875.146484	-98.718002
19880.529785	-98.519615
19885.913086	-98.794456
19891.296387	-98.722160
19896.679688	-97.837624
19902.062988	-97.979095
19907.446289	-98.307266
19912.829590	-98.331337
19918.212891	-98.455093
19923.596191	-98.676498
19928.979492	-98.525558
19934.362793	-98.594421
19939.746094	-99.002869
19945.129395	-98.968666
19950.512695	-98.957893
19955.895996	-98.991127
19961.279297	-98.648308
19966.662598	-98.547791
19972.045898	-98.284866
19977.429199	-98.450813
19982.812500	-99.059570
19988.195801	-99.025307
19993.579102	-98.529648
19998.962402	-98.247719
20004.345703	-98.334793
20009.729004	-98.689034
20015.112305	-98.974419
20020.495605	-98.757416
20025.878906	-98.721016
20031.262207	-98.766060
20036.645508	-98.903313
20042.028809	-98.618752
20047.412109	-98.391090
20052.795410	-98.484940
20058.178711	-98.235527
20063.562012	-98.299332
20068.945312	-98.635468
20074.328613	-98.427177
20079.711914	-98.599426
20085.095215	-99.288033
20090.478516	-99.623871
20095.861816	-98.779640
20101.245117	-99.329987
20106.628418	-99.009254
20112.011719	-98.677811
20117.395020	-98.156593
20122.778320	-98.933128
20128.161621	-99.474373
20133.544922	-99.095795
20138.928223	-99.253227
20144.311523	-99.473808
20149.694824	-98.756828
20155.078125	-98.888206
20160.461426	-98.782463
20165.844727	-99.108803
20171.228027	-99.198959
20176.611328	-99.538063
20181.994629	-99.045639
20187.377930	-98.084015
20192.761230	-98.534088
20198.144531	-98.796013
20203.527832	-99.044609
20208.911133	-99.015884
20214.294434	-98.646538
20219.677734	-99.159683
20225.061035	-99.226746
20230.444336	-99.087662
20235.827637	-98.710068
20241.210938	-99.053497
20246.594238	-99.286392
20251.977539	-99.165314
20257.360840	-98.882553
20262.744141	-99.163124
20268.127441	-99.177223
20273.510742	-98.906654
20278.894043	-98.716377
20284.277344	-99.431953
20289.660645	-99.135048
20295.043945	-98.805649
20300.427246	-98.620598
20305.810547	-98.961868
20311.193848	-99.649826
20316.577148	-99.547241
20321.960449	-99.373253
20327.343750	-99.295723
20332.727051	-99.489677
20338.110352	-100.122841
20343.493652	-99.646873
20348.876953	-99.705612
20354.260254	-99.854004
20359.643555	-99.872963
20365.026855	-99.800240
20370.410156	-99.616791
20375.793457	-99.378647
20381.176758	-99.980705
20386.560059	-100.379295
20391.943359	-99.601440
20397.326660	-99.285103
20402.709961	-100.141113
20408.093262	-100.619995
20413.476562	-99.930496
20418.859863	-100.583267
20424.243164	-100.167603
20429.626465	-100.195908
20435.009766	-100.122978
20440.393066	-99.814659
20445.776367	-100.308617
20451.159668	-99.755882
20456.542969	-100.385109
20461.926270	-100.220375
20467.309570	-100.875168
20472.692871	-100.675903
20478.076172	-100.677979
20483.459473	-101.252953
20488.842773	-101.389008
20494.226074	-101.484764
20499.609375	-100.904747
20504.992676	-100.413605
20510.375977	-100.439781
20515.759277	-101.023109
20521.142578	-101.225739
20526.525879	-100.934998
20531.909180	-101.109917
20537.292480	-101.096542
20542.675781	-101.876854
20548.059082	-101.928429
20553.442383	-101.372482
20558.825684	-101.620926
20564.208984	-101.737701
20569.592285	-100.994125
20574.975586	-102.010376
20580.358887	-102.087700
20585.742188	-101.595589
20591.125488	-101.791687
20596.508789	-102.420914
20601.892090	-102.202690
20607.275391	-102.723381
20612.658691	-102.527184
20618.041992	-102.773727
20623.425293	-102.799057
20628.808594	-103.398483
20634.191895	-103.598351
20639.575195	-102.785202
20644.958496	-102.914093
20650.341797	-103.335457
20655.725098	-103.298439
20661.108398	-103.523705
20666.491699	-103.379135
20671.875000	-103.546494
20677.258301	-103.746292
20682.641602	-103.682426
20688.024902	-104.147835
20693.408203	-103.829605
20698.791504	-104.069824
20704.174805	-104.245644
20709.558105	-104.111748
20714.941406	-104.420822
20720.324707	-104.904778
20725.708008	-105.310570
20731.091309	-104.916649
20736.474609	-104.545029
20741.857910	-105.118347
20747.241211	-105.370903
20752.624512	-105.030342
20758.007812	-105.026329
20763.391113	-105.291718
20768.774414	-105.204208
20774.157715	-105.679924
20779.541016	-106.137024
20784.924316	-105.748032
20790.307617	-105.806442
20795.690918	-106.317574
20801.074219	-106.204697
20806.457520	-106.546616
20811.840820	-106.667953
20817.224121	-106.986450
20822.607422	-107.498230
20827.990723	-107.342812
20833.374023	-107.652962
20838.757324	-107.947250
20844.140625	-108.175385
20849.523926	-108.290886
20854.907227	-108.110062
20860.290527	-108.470665
20865.673828	-108.089417
20871.057129	-108.037674
20876.440430	-108.434326
20881.823730	-108.907768
20887.207031	-109.341248
20892.590332	-109.576942
20897.973633	-109.873604
20903.356934	-109.199356
20908.740234	-108.736847
20914.123535	-109.803680
20919.506836	-110.300842
20924.890137	-110.717499
20930.273438	-111.330254
20935.656738	-111.128677
20941.040039	-111.189674
20946.423340	-111.214775
20951.806641	-111.869736
20957.189941	-111.088852
20962.573242	-110.995293
20967.956543	-111.543396
20973.339844	-111.961304
20978.723145	-112.657776
20984.106445	-112.672394
20989.489746	-111.968353
20994.873047	-113.327644
21000.256348	-113.647522
21005.639648	-113.597374
21011.022949	-113.856308
21016.406250	-113.990311
21021.789551	-113.798370
21027.172852	-114.070709
21032.556152	-114.524872
21037.939453	-114.381180
21043.322754	-114.693565
21048.706055	-115.004791
21054.089355	-115.822388
21059.472656	-115.850632
21064.855957	-115.623688
21070.239258	-115.821854
21075.622559	-116.236641
21081.005859	-116.169540
21086.389160	-116.525749
21091.772461	-116.645851
21097.155762	-116.569244
21102.539062	-117.027611
21107.922363	-117.164314
21113.305664	-118.180939
21118.688965	-118.104607
21124.072266	-118.420715
21129.455566	-118.909492
21134.838867	-118.815109
21140.222168	-119.305779
21145.605469	-119.152367
21150.988770	-118.975021
21156.372070	-118.748589
21161.755371	-112.900856
21167.138672	-115.159027
21172.521973	-120.839478
21177.905273	-120.616791
21183.288574	-121.018105
21188.671875	-120.971062
21194.055176	-121.664299
21199.438477	-121.519966
21204.821777	-121.790108
21210.205078	-121.929276
21215.588379	-121.663193
21220.971680	-122.330223
21226.354980	-122.203239
21231.738281	-122.432030
21237.121582	-122.646431
21242.504883	-122.605545
21247.888184	-122.863182
21253.271484	-123.197037
21258.654785	-123.040970
21264.038086	-123.411568
21269.421387	-123.305382
21274.804688	-123.433029
21280.187988	-123.854111
21285.571289	-123.814621
21290.954590	-123.679756
21296.337891	-124.176796
21301.721191	-123.898666
21307.104492	-124.152069
21312.487793	-123.960541
21317.871094	-124.257759
21323.254395	-124.333336
21328.637695	-124.316254
21334.020996	-124.355453
21339.404297	-124.492973
21344.787598	-124.563667
21350.170898	-124.458855
21355.554199	-124.570885
21360.937500	-124.613113
21366.320801	-124.681808
21371.704102	-124.637817
21377.087402	-124.478157
21382.470703	-124.972588
21387.854004	-124.550224
21393.237305	-124.797424
21398.620605	-124.735901
21404.003906	-124.707954
21409.387207	-124.816765
21414.770508	-124.879417
21420.153809	-124.711815
21425.537109	-124.852089
21430.920410	-124.858376
21436.303711	-124.748581
21441.687012	-124.940804
21447.070312	-124.797333
21452.453613	-124.818771
21457.836914	-124.906654
21463.220215	-124.871681
21468.603516	-124.837555
21473.986816	-124.842926
21479.370117	-124.881126
21484.753418	-124.837425
21490.136719	-124.928459
21495.520020	-124.855942
21500.903320	-124.874008
21506.286621	-124.899643
21511.669922	-124.867760
21517.053223	-124.895889
21522.436523	-124.879143
21527.819824	-124.892433
21533.203125	-124.894958
21538.586426	-124.881500
21543.969727	-124.883408
21549.353027	-124.893425
21554.736328	-124.893021
21560.119629	-124.894592
21565.502930	-124.891396
21570.886230	-124.897018
21576.269531	-124.886772
21581.652832	-124.892715
21587.036133	-124.898590
21592.419434	-124.892342
21597.802734	-124.902725
21603.186035	-124.890594
21608.569336	-124.900421
21613.952637	-124.889954
21619.335938	-124.897865
21624.719238	-124.895256
21630.102539	-124.901421
21635.485840	-124.894814
21640.869141	-124.900070
21646.252441	-124.893730
21651.635742	-124.899048
21657.019043	-124.900200
21662.402344	-124.895416
21667.785645	-124.899925
21673.168945	-124.897980
21678.552246	-124.898476
21683.935547	-124.900429
21689.318848	-124.900002
21694.702148	-124.897133
21700.085449	-124.900520
21705.468750	-124.900711
21710.852051	-124.899117
21716.235352	-124.900345
21721.618652	-124.900284
21727.001953	-124.900909
21732.385254	-124.900124
21737.768555	-124.900871
21743.151855	-124.900826
21748.535156	-124.900993
21753.918457	-124.901299
21759.301758	-124.901146
21764.685059	-124.901489
21770.068359	-124.901642
21775.451660	-124.901161
21780.834961	-124.902237
21786.218262	-124.901627
21791.601562	-124.902000
21796.984863	-124.901978
21802.368164	-124.902267
21807.751465	-124.902397
21813.134766	-124.902382
21818.518066	-124.902328
21823.901367	-124.902878
21829.284668	-124.902641
21834.667969	-124.902878
21840.051270	-124.902954
21845.434570	-124.903175
21850.817871	-124.903160
21856.201172	-124.903069
21861.584473	-124.903313
21866.967773	-124.903221
21872.351074	-124.903290
21877.734375	-124.903412
21883.117676	-124.903275
21888.500977	-124.903458
21893.884277	-124.903648
21899.267578	-124.903549
21904.650879	-124.903526
21910.034180	-124.904022
21915.417480	-124.904106
21920.800781	-124.903755
21926.184082	-124.903671
21931.567383	-124.904243
21936.950684	-124.904182
21942.333984	-124.903503
21947.717285	-124.905106
21953.100586	-124.904312
21958.483887	-124.903831
21963.867188	-124.904442
21969.250488	-124.904655
21974.633789	-124.904335
21980.017090	-124.904411
21985.400391	-124.904686
21990.783691	-124.904388
21996.166992	-124.904694
22001.550293	-124.904564
22006.933594	-124.904388
22012.316895	-124.904663
22017.700195	-124.904785
22023.083496	-124.904648
22028.466797	-124.904556
22033.850098	-124.904518
22039.233398	-124.904602
22044.616699	-124.904617
