Frequency (Hz)	Level (dB)
5.383301	-78.469864
10.766602	-77.799820
16.149902	-67.625198
21.533203	-56.682266
26.916504	-57.660583
32.299805	-52.544529
37.683105	-48.934891
43.066406	-47.594585
48.449707	-45.943905
53.833008	-39.843937
59.216309	-38.666550
64.599609	-42.524040
69.982910	-42.047249
75.366211	-41.608044
80.749512	-39.494461
86.132812	-38.399719
91.516113	-36.557465
96.899414	-36.868732
102.282715	-36.910500
107.666016	-37.916126
113.049316	-39.096828
118.432617	-42.239891
123.815918	-43.640732
129.199219	-43.185856
134.582520	-44.535088
139.965820	-45.848484
145.349121	-46.156624
150.732422	-45.417206
156.115723	-44.814865
161.499023	-44.577366
166.882324	-43.534187
172.265625	-44.461655
177.648926	-45.527420
183.032227	-45.680023
188.415527	-46.144520
193.798828	-46.950935
199.182129	-48.152157
204.565430	-49.126469
209.948730	-49.807533
215.332031	-50.048103
220.715332	-50.488842
226.098633	-49.443989
231.481934	-49.078880
236.865234	-49.089355
242.248535	-49.660202
247.631836	-50.307926
253.015137	-50.555878
258.398438	-51.058315
263.781738	-51.486904
269.165039	-52.212692
274.548340	-53.275459
279.931641	-54.015564
285.314941	-53.519630
290.698242	-53.682255
296.081543	-53.115536
301.464844	-52.676083
306.848145	-51.547642
312.231445	-50.476742
317.614746	-49.046043
322.998047	-47.790062
328.381348	-47.263367
333.764648	-47.812859
339.147949	-49.193127
344.531250	-51.355282
349.914551	-52.680412
355.297852	-53.665276
360.681152	-53.952560
366.064453	-54.501896
371.447754	-55.240532
376.831055	-54.494251
382.214355	-53.804241
387.597656	-53.431538
392.980957	-53.579014
398.364258	-53.562355
403.747559	-52.841530
409.130859	-53.374035
414.514160	-53.790401
419.897461	-54.815838
425.280762	-55.415295
430.664062	-56.261837
436.047363	-56.889698
441.430664	-56.883087
446.813965	-57.126560
452.197266	-58.219814
457.580566	-58.675320
462.963867	-59.429878
468.347168	-59.817272
473.730469	-59.752201
479.113770	-59.336414
484.497070	-57.989124
489.880371	-56.776505
495.263672	-55.385201
500.646973	-54.026695
506.030273	-53.760334
511.413574	-53.044426
516.796875	-52.772629
522.180176	-53.258484
527.563477	-53.821053
532.946777	-55.251762
538.330078	-56.061867
543.713379	-57.185127
549.096680	-57.962494
554.479980	-58.140224
559.863281	-58.762402
565.246582	-59.631325
570.629883	-59.228561
576.013184	-59.734608
581.396484	-60.072029
586.779785	-58.973671
592.163086	-58.051720
597.546387	-57.667873
602.929688	-57.329117
608.312988	-56.206898
613.696289	-56.212814
619.079590	-56.194538
624.462891	-56.648132
629.846191	-57.320118
635.229492	-58.601791
640.612793	-58.939823
645.996094	-59.200138
651.379395	-60.054996
656.762695	-60.223137
662.145996	-60.127029
667.529297	-59.904213
672.912598	-59.583946
678.295898	-59.365219
683.679199	-59.910404
689.062500	-60.986080
694.445801	-62.289494
699.829102	-63.506958
705.212402	-64.188408
710.595703	-64.062164
715.979004	-63.779190
721.362305	-63.836407
726.745605	-62.704659
732.128906	-62.229584
737.512207	-61.033100
742.895508	-59.912243
748.278809	-59.755531
753.662109	-59.316589
759.045410	-59.555126
764.428711	-60.068089
769.812012	-59.889023
775.195312	-60.187546
780.578613	-60.774422
785.961914	-61.674332
791.345215	-62.502956
796.728516	-63.379627
802.111816	-64.021500
807.495117	-64.798096
812.878418	-64.425148
818.261719	-63.340759
823.645020	-62.802670
829.028320	-62.749790
834.411621	-62.130398
839.794922	-61.817646
845.178223	-61.637924
850.561523	-61.239819
855.944824	-60.383575
861.328125	-60.286648
866.711426	-59.567432
872.094727	-58.733521
877.478027	-58.386013
882.861328	-58.585072
888.244629	-58.591515
893.627930	-59.096790
899.011230	-59.795986
904.394531	-60.238255
909.777832	-61.388241
915.161133	-61.930531
920.544434	-61.526733
925.927734	-61.354496
931.311035	-61.875042
936.694336	-62.421486
942.077637	-63.208176
947.460938	-64.016747
952.844238	-64.361549
958.227539	-63.861362
963.610840	-64.318306
968.994141	-64.751831
974.377441	-65.195068
979.760742	-65.288055
985.144043	-65.664871
990.527344	-66.117554
995.910645	-66.452103
1001.293945	-66.278687
1006.677246	-65.907082
1012.060547	-65.525764
1017.443848	-64.576675
1022.827148	-63.598007
1028.210449	-62.903111
1033.593750	-62.738571
1038.977051	-62.099209
1044.360352	-62.286560
1049.743652	-62.825264
1055.126953	-62.812141
1060.510254	-62.761600
1065.893555	-63.067657
1071.276855	-63.317097
1076.660156	-63.901981
1082.043457	-63.411198
1087.426758	-62.208710
1092.810059	-62.460381
1098.193359	-61.966228
1103.576660	-60.855095
1108.959961	-60.656475
1114.343262	-60.876949
1119.726562	-61.940502
1125.109863	-62.200058
1130.493164	-62.154705
1135.876465	-62.677658
1141.259766	-62.234947
1146.643066	-62.282352
1152.026367	-62.968960
1157.409668	-64.022270
1162.792969	-65.254395
1168.176270	-67.652985
1173.559570	-68.526001
1178.942871	-69.075371
1184.326172	-68.779778
1189.709473	-67.594505
1195.092773	-66.162567
1200.476074	-65.653702
1205.859375	-66.209480
1211.242676	-66.459702
1216.625977	-66.980690
1222.009277	-68.139343
1227.392578	-69.205528
1232.775879	-69.861176
1238.159180	-69.726868
1243.542480	-69.395172
1248.925781	-68.553467
1254.309082	-67.806686
1259.692383	-67.290245
1265.075684	-66.062881
1270.458984	-65.458290
1275.842285	-64.884880
1281.225586	-63.848629
1286.608887	-63.210117
1291.992188	-63.416740
1297.375488	-64.102135
1302.758789	-64.147255
1308.142090	-64.412056
1313.525391	-64.719322
1318.908691	-65.898018
1324.291992	-66.518600
1329.675293	-66.597061
1335.058594	-66.945335
1340.441895	-68.747040
1345.825195	-69.594215
1351.208496	-70.180107
1356.591797	-70.275543
1361.975098	-69.469536
1367.358398	-68.070168
1372.741699	-67.813179
1378.125000	-68.526993
1383.508301	-67.775490
1388.891602	-66.982002
1394.274902	-66.182526
1399.658203	-65.870369
1405.041504	-66.111031
1410.424805	-66.319427
1415.808105	-66.865379
1421.191406	-66.245049
1426.574707	-65.714569
1431.958008	-64.915558
1437.341309	-64.839203
1442.724609	-64.847633
1448.107910	-64.749443
1453.491211	-65.430336
1458.874512	-65.557426
1464.257812	-65.347954
1469.641113	-65.463387
1475.024414	-65.883698
1480.407715	-66.378998
1485.791016	-66.865562
1491.174316	-67.841270
1496.557617	-68.282776
1501.940918	-68.415291
1507.324219	-68.308067
1512.707520	-68.112556
1518.090820	-67.756706
1523.474121	-67.149704
1528.857422	-66.586548
1534.240723	-66.619011
1539.624023	-66.491852
1545.007324	-67.329269
1550.390625	-68.642265
1555.773926	-69.308083
1561.157227	-69.320869
1566.540527	-68.659714
1571.923828	-67.965408
1577.307129	-67.013145
1582.690430	-65.614532
1588.073730	-65.198318
1593.457031	-64.649834
1598.840332	-64.350128
1604.223633	-63.567844
1609.606934	-63.221336
1614.990234	-63.257648
1620.373535	-63.062252
1625.756836	-62.615139
1631.140137	-62.864639
1636.523438	-62.772629
1641.906738	-62.794281
1647.290039	-62.451378
1652.673340	-63.067497
1658.056641	-63.395168
1663.439941	-63.217484
1668.823242	-64.342331
1674.206543	-64.828407
1679.589844	-64.864151
1684.973145	-65.136673
1690.356445	-65.201111
1695.739746	-66.141190
1701.123047	-66.659851
1706.506348	-66.489090
1711.889648	-66.780342
1717.272949	-66.444946
1722.656250	-66.433273
1728.039551	-66.316818
1733.422852	-66.411240
1738.806152	-67.462013
1744.189453	-67.896713
1749.572754	-68.581490
1754.956055	-68.898094
1760.339355	-69.191643
1765.722656	-69.639214
1771.105957	-69.814285
1776.489258	-69.956009
1781.872559	-70.190544
1787.255859	-69.726067
1792.639160	-69.104408
1798.022461	-68.427048
1803.405762	-68.052025
1808.789062	-68.015327
1814.172363	-67.415222
1819.555664	-66.683289
1824.938965	-66.321983
1830.322266	-65.928001
1835.705566	-66.000229
1841.088867	-65.736580
1846.472168	-65.875801
1851.855469	-66.522087
1857.238770	-66.790665
1862.622070	-68.178116
1868.005371	-68.970428
1873.388672	-69.889099
1878.771973	-70.215584
1884.155273	-70.718994
1889.538574	-69.825813
1894.921875	-69.773033
1900.305176	-70.024483
1905.688477	-69.340889
1911.071777	-69.420799
1916.455078	-69.131660
1921.838379	-69.723427
1927.221680	-69.836472
1932.604980	-69.025948
1937.988281	-68.513794
1943.371582	-68.989616
1948.754883	-69.670746
1954.138184	-69.827255
1959.521484	-70.288498
1964.904785	-71.797272
1970.288086	-72.684975
1975.671387	-72.502357
1981.054688	-73.174156
1986.437988	-72.759979
1991.821289	-72.365837
1997.204590	-71.325150
2002.587891	-70.266937
2007.971191	-69.761292
2013.354492	-69.131363
2018.737793	-68.510818
2024.121094	-68.234550
2029.504395	-68.485565
2034.887695	-68.482719
2040.270996	-69.334343
2045.654297	-69.482758
2051.037598	-69.401611
2056.420898	-69.497406
2061.804199	-70.257118
2067.187500	-70.724174
2072.570801	-70.618515
2077.954102	-71.255486
2083.337402	-70.976852
2088.720703	-70.960419
2094.104004	-70.540016
2099.487305	-70.079292
2104.870605	-69.958351
2110.253906	-70.037979
2115.637207	-69.228226
2121.020508	-68.629707
2126.403809	-68.321983
2131.787109	-67.732239
2137.170410	-67.484825
2142.553711	-67.177094
2147.937012	-67.346535
2153.320312	-67.460289
2158.703613	-67.258827
2164.086914	-67.411278
2169.470215	-66.944496
2174.853516	-66.435043
2180.236816	-66.891937
2185.620117	-66.761238
2191.003418	-66.018898
2196.386719	-66.178658
2201.770020	-66.451515
2207.153320	-65.893158
2212.536621	-66.248077
2217.919922	-66.446632
2223.303223	-66.586266
2228.686523	-66.957939
2234.069824	-67.381081
2239.453125	-67.895882
2244.836426	-68.660645
2250.219727	-69.383904
2255.603027	-69.599068
2260.986328	-70.163040
2266.369629	-69.786385
2271.752930	-70.456703
2277.136230	-70.547203
2282.519531	-70.841736
2287.902832	-70.951187
2293.286133	-71.253258
2298.669434	-71.755379
2304.052734	-71.256134
2309.436035	-70.325905
2314.819336	-70.311005
2320.202637	-70.696037
2325.585938	-70.611870
2330.969238	-70.880043
2336.352539	-70.459328
2341.735840	-70.183029
2347.119141	-69.949135
2352.502441	-71.135674
2357.885742	-71.332710
2363.269043	-71.530113
2368.652344	-71.294662
2374.035645	-71.861198
2379.418945	-72.438972
2384.802246	-72.664871
2390.185547	-73.659302
2395.568848	-73.635536
2400.952148	-74.150429
2406.335449	-73.983284
2411.718750	-74.257393
2417.102051	-74.652016
2422.485352	-74.679550
2427.868652	-74.261086
2433.251953	-74.059494
2438.635254	-73.475586
2444.018555	-74.424255
2449.401855	-74.513458
2454.785156	-74.845779
2460.168457	-74.847366
2465.551758	-73.970596
2470.935059	-73.926788
2476.318359	-74.200592
2481.701660	-74.063423
2487.084961	-74.187798
2492.468262	-74.013878
2497.851562	-74.406509
2503.234863	-74.479935
2508.618164	-74.866013
2514.001465	-75.198914
2519.384766	-75.370537
2524.768066	-75.071457
2530.151367	-74.640610
2535.534668	-74.322205
2540.917969	-74.801262
2546.301270	-74.613358
2551.684570	-74.923042
2557.067871	-75.309761
2562.451172	-75.292015
2567.834473	-75.722282
2573.217773	-75.650169
2578.601074	-75.411545
2583.984375	-75.570808
2589.367676	-75.930817
2594.750977	-76.065323
2600.134277	-77.071007
2605.517578	-77.213547
2610.900879	-77.038284
2616.284180	-76.350754
2621.667480	-76.296700
2627.050781	-76.565987
2632.434082	-76.147133
2637.817383	-75.938614
2643.200684	-76.224518
2648.583984	-76.096207
2653.967285	-77.251503
2659.350586	-77.670036
2664.733887	-77.650894
2670.117188	-78.283592
2675.500488	-78.907326
2680.883789	-78.532784
2686.267090	-78.437004
2691.650391	-78.231262
2697.033691	-77.615196
2702.416992	-77.788559
2707.800293	-78.595520
2713.183594	-78.625450
2718.566895	-78.676216
2723.950195	-79.253723
2729.333496	-79.020500
2734.716797	-78.632637
2740.100098	-79.177544
2745.483398	-78.852402
2750.866699	-78.421600
2756.250000	-79.020790
2761.633301	-79.484138
2767.016602	-79.290550
2772.399902	-79.506592
2777.783203	-80.003426
2783.166504	-79.497017
2788.549805	-79.986855
2793.933105	-79.681351
2799.316406	-79.368179
2804.699707	-79.189758
2810.083008	-79.097214
2815.466309	-78.933372
2820.849609	-78.898201
2826.232910	-79.250961
2831.616211	-80.490982
2836.999512	-81.206337
2842.382812	-81.135155
2847.766113	-81.749222
2853.149414	-82.226974
2858.532715	-82.241287
2863.916016	-81.389946
2869.299316	-80.712967
2874.682617	-79.764206
2880.065918	-78.704926
2885.449219	-78.851578
2890.832520	-79.403313
2896.215820	-78.818268
2901.599121	-78.277290
2906.982422	-78.965538
2912.365723	-78.869469
2917.749023	-79.671524
2923.132324	-79.820580
2928.515625	-80.258537
2933.898926	-80.194115
2939.282227	-80.232048
2944.665527	-80.365517
2950.048828	-79.955986
2955.432129	-79.689392
2960.815430	-78.880226
2966.198730	-78.497437
2971.582031	-79.393745
2976.965332	-79.601089
2982.348633	-80.184196
2987.731934	-81.042038
2993.115234	-81.492424
2998.498535	-82.171745
3003.881836	-82.504181
3009.265137	-82.712067
3014.648438	-82.460304
3020.031738	-82.318077
3025.415039	-82.607231
3030.798340	-82.883751
3036.181641	-83.013138
3041.564941	-83.555641
3046.948242	-83.973000
3052.331543	-83.098930
3057.714844	-82.638222
3063.098145	-81.993088
3068.481445	-81.265099
3073.864746	-81.092392
3079.248047	-81.056160
3084.631348	-81.287819
3090.014648	-81.171371
3095.397949	-80.389771
3100.781250	-80.217537
3106.164551	-80.752281
3111.547852	-80.882820
3116.931152	-80.954102
3122.314453	-81.151970
3127.697754	-81.470596
3133.081055	-81.406357
3138.464355	-81.525436
3143.847656	-81.826706
3149.230957	-81.847221
3154.614258	-81.833817
3159.997559	-81.961441
3165.380859	-81.307030
3170.764160	-80.607437
3176.147461	-80.490295
3181.530762	-80.693291
3186.914062	-80.133659
3192.297363	-81.116829
3197.680664	-81.360817
3203.063965	-81.743141
3208.447266	-81.662201
3213.830566	-81.538574
3219.213867	-81.177200
3224.597168	-81.149704
3229.980469	-81.774910
3235.363770	-81.421806
3240.747070	-81.720184
3246.130371	-81.813217
3251.513672	-82.308998
3256.896973	-82.332901
3262.280273	-81.996338
3267.663574	-81.560860
3273.046875	-81.249313
3278.430176	-81.263496
3283.813477	-80.788864
3289.196777	-81.007866
3294.580078	-81.209747
3299.963379	-81.108902
3305.346680	-80.811401
3310.729980	-80.742722
3316.113281	-80.938179
3321.496582	-80.579758
3326.879883	-80.483192
3332.263184	-79.802979
3337.646484	-79.461761
3343.029785	-79.886368
3348.413086	-79.416527
3353.796387	-79.972450
3359.179688	-79.878410
3364.562988	-79.949593
3369.946289	-80.348946
3375.329590	-80.209915
3380.712891	-80.205521
3386.096191	-80.667465
3391.479492	-79.900192
3396.862793	-79.963333
3402.246094	-80.272507
3407.629395	-80.551201
3413.012695	-80.277763
3418.395996	-80.667770
3423.779297	-81.406845
3429.162598	-81.155891
3434.545898	-81.589119
3439.929199	-81.694672
3445.312500	-82.295540
3450.695801	-82.403244
3456.079102	-82.287781
3461.462402	-81.996391
3466.845703	-82.094147
3472.229004	-82.779243
3477.612305	-83.122887
3482.995605	-82.444679
3488.378906	-82.167526
3493.762207	-81.559563
3499.145508	-81.194786
3504.528809	-81.134804
3509.912109	-81.064713
3515.295410	-80.694527
3520.678711	-81.355385
3526.062012	-81.266754
3531.445312	-81.114304
3536.828613	-82.055222
3542.211914	-82.774658
3547.595215	-82.582222
3552.978516	-82.227180
3558.361816	-82.950653
3563.745117	-82.994667
3569.128418	-82.845062
3574.511719	-83.061493
3579.895020	-83.010910
3585.278320	-83.306061
3590.661621	-82.856552
3596.044922	-83.217674
3601.428223	-83.407654
3606.811523	-83.493095
3612.194824	-83.615746
3617.578125	-84.086937
3622.961426	-83.633987
3628.344727	-83.180489
3633.728027	-82.878792
3639.111328	-82.627518
3644.494629	-81.830933
3649.877930	-82.203209
3655.261230	-82.405800
3660.644531	-82.340096
3666.027832	-82.063942
3671.411133	-82.091225
3676.794434	-82.463875
3682.177734	-82.950058
3687.561035	-83.197334
3692.944336	-83.181114
3698.327637	-82.355156
3703.710938	-82.650856
3709.094238	-82.399925
3714.477539	-82.431351
3719.860840	-82.533257
3725.244141	-83.045624
3730.627441	-83.207397
3736.010742	-82.713058
3741.394043	-82.272240
3746.777344	-82.088478
3752.160645	-81.606201
3757.543945	-81.762810
3762.927246	-82.492622
3768.310547	-82.650253
3773.693848	-82.794395
3779.077148	-83.397987
3784.460449	-83.723671
3789.843750	-84.421257
3795.227051	-85.134743
3800.610352	-84.550354
3805.993652	-83.886299
3811.376953	-83.975868
3816.760254	-84.336731
3822.143555	-84.001472
3827.526855	-83.983856
3832.910156	-84.102325
3838.293457	-84.305412
3843.676758	-84.233124
3849.060059	-84.207169
3854.443359	-84.098656
3859.826660	-84.684380
3865.209961	-85.426888
3870.593262	-85.686028
3875.976562	-86.149872
3881.359863	-86.278900
3886.743164	-86.125557
3892.126465	-86.263794
3897.509766	-85.397102
3902.893066	-85.734848
3908.276367	-85.524506
3913.659668	-85.602524
3919.042969	-85.564079
3924.426270	-85.419418
3929.809570	-85.048988
3935.192871	-85.492973
3940.576172	-85.310387
3945.959473	-84.889633
3951.342773	-84.294350
3956.726074	-83.789436
3962.109375	-83.406403
3967.492676	-82.803337
3972.875977	-82.504967
3978.259277	-82.166557
3983.642578	-82.426781
3989.025879	-82.595634
3994.409180	-82.479576
3999.792480	-83.001823
4005.175781	-82.380348
4010.559082	-82.242676
4015.942383	-81.774132
4021.325684	-82.086845
4026.708984	-82.084778
4032.092285	-81.885750
4037.475586	-81.487244
4042.858887	-81.540054
4048.242188	-81.278572
4053.625488	-81.988327
4059.008789	-82.753334
4064.392090	-83.227066
4069.775391	-83.621788
4075.158691	-84.055847
4080.541992	-84.402687
4085.925293	-84.435104
4091.308594	-84.420105
4096.691895	-84.063606
4102.075195	-84.187790
4107.458496	-84.283211
4112.841797	-84.398285
4118.225098	-84.066978
4123.608398	-84.158607
4128.991699	-83.782539
4134.375000	-83.906372
4139.758301	-83.723343
4145.141602	-84.188301
4150.524902	-83.788612
4155.908203	-82.988487
4161.291504	-83.094307
4166.674805	-83.432961
4172.058105	-83.833191
4177.441406	-83.573311
4182.824707	-83.347870
4188.208008	-82.921677
4193.591309	-82.723221
4198.974609	-82.761063
4204.357910	-81.916069
4209.741211	-81.894897
4215.124512	-81.827866
4220.507812	-81.895584
4225.891113	-81.243752
4231.274414	-81.779892
4236.657715	-81.808456
4242.041016	-81.672539
4247.424316	-81.770981
4252.807617	-81.391418
4258.190918	-80.640228
4263.574219	-80.183113
4268.957520	-80.872070
4274.340820	-81.571167
4279.724121	-82.185051
4285.107422	-82.364647
4290.490723	-82.710052
4295.874023	-83.035309
4301.257324	-83.079208
4306.640625	-82.975761
4312.023926	-82.901215
4317.407227	-83.205833
4322.790527	-82.213150
4328.173828	-82.365456
4333.557129	-82.306671
4338.940430	-82.355522
4344.323730	-82.323853
4349.707031	-82.454323
4355.090332	-82.349861
4360.473633	-82.384583
4365.856934	-83.026268
4371.240234	-83.569214
4376.623535	-83.053665
4382.006836	-82.744392
4387.390137	-82.073730
4392.773438	-82.163651
4398.156738	-82.576279
4403.540039	-82.593369
4408.923340	-82.154640
4414.306641	-82.106819
4419.689941	-82.084312
4425.073242	-81.173088
4430.456543	-81.810463
4435.839844	-82.187263
4441.223145	-82.043007
4446.606445	-81.781288
4451.989746	-81.745453
4457.373047	-81.435333
4462.756348	-80.218842
4468.139648	-79.798920
4473.522949	-78.201263
4478.906250	-76.271683
4484.289551	-76.207359
4489.672852	-76.785576
4495.056152	-77.682381
4500.439453	-79.090187
4505.822754	-81.066605
4511.206055	-81.530304
4516.589355	-80.576813
4521.972656	-80.287971
4527.355957	-79.008446
4532.739258	-77.761574
4538.122559	-77.602882
4543.505859	-79.729729
4548.889160	-80.365593
4554.272461	-80.188156
4559.655762	-80.077202
4565.039062	-79.603096
4570.422363	-78.973289
4575.805664	-79.107887
4581.188965	-79.594872
4586.572266	-79.509438
4591.955566	-79.821243
4597.338867	-80.516205
4602.722168	-80.767853
4608.105469	-80.815674
4613.488770	-82.243752
4618.872070	-82.988297
4624.255371	-82.719261
4629.638672	-82.799271
4635.021973	-82.439850
4640.405273	-81.169785
4645.788574	-80.713112
4651.171875	-80.653099
4656.555176	-79.793343
4661.938477	-79.342445
4667.321777	-79.801315
4672.705078	-79.846764
4678.088379	-80.626259
4683.471680	-81.240036
4688.854980	-81.113678
4694.238281	-81.517181
4699.621582	-81.617882
4705.004883	-82.021942
4710.388184	-82.058311
4715.771484	-82.184631
4721.154785	-83.172401
4726.538086	-83.263321
4731.921387	-83.233055
4737.304688	-82.440102
4742.687988	-81.887779
4748.071289	-81.016815
4753.454590	-79.903358
4758.837891	-81.790581
4764.221191	-81.435661
4769.604492	-80.543846
4774.987793	-81.364769
4780.371094	-81.847893
4785.754395	-81.512054
4791.137695	-81.852341
4796.520996	-82.813980
4801.904297	-82.533798
4807.287598	-83.839607
4812.670898	-84.025391
4818.054199	-84.064949
4823.437500	-84.766548
4828.820801	-85.097626
4834.204102	-85.450546
4839.587402	-85.619499
4844.970703	-86.145790
4850.354004	-86.805519
4855.737305	-86.499046
4861.120605	-86.371933
4866.503906	-85.807159
4871.887207	-85.592003
4877.270508	-85.662773
4882.653809	-86.275513
4888.037109	-86.766861
4893.420410	-86.139717
4898.803711	-85.150658
4904.187012	-84.974823
4909.570312	-85.317688
4914.953613	-84.630058
4920.336914	-83.892906
4925.720215	-84.744362
4931.103516	-85.038063
4936.486816	-84.992905
4941.870117	-84.938492
4947.253418	-85.632843
4952.636719	-85.445862
4958.020020	-85.635201
4963.403320	-85.358887
4968.786621	-85.897400
4974.169922	-86.381943
4979.553223	-86.334618
4984.936523	-86.408859
4990.319824	-86.716705
4995.703125	-86.803391
5001.086426	-86.518578
5006.469727	-86.863869
5011.853027	-86.478973
5017.236328	-86.051285
5022.619629	-85.965500
5028.002930	-86.260155
5033.386230	-85.891937
5038.769531	-85.934631
5044.152832	-86.110092
5049.536133	-85.932533
5054.919434	-85.997597
5060.302734	-86.359489
5065.686035	-86.651825
5071.069336	-85.891640
5076.452637	-85.529190
5081.835938	-84.745819
5087.219238	-85.112633
5092.602539	-85.075813
5097.985840	-85.372734
5103.369141	-86.051140
5108.752441	-86.115822
5114.135742	-86.088509
5119.519043	-86.540146
5124.902344	-86.041809
5130.285645	-85.809029
5135.668945	-86.071068
5141.052246	-85.875282
5146.435547	-85.642136
5151.818848	-85.385933
5157.202148	-85.852608
5162.585449	-86.400459
5167.968750	-86.457642
5173.352051	-86.345001
5178.735352	-86.561722
5184.118652	-86.411118
5189.501953	-86.630211
5194.885254	-86.284760
5200.268555	-85.874298
5205.651855	-86.317009
5211.035156	-86.407448
5216.418457	-86.249374
5221.801758	-86.143295
5227.185059	-86.086967
5232.568359	-85.698799
5237.951660	-85.972847
5243.334961	-86.059212
5248.718262	-85.574432
5254.101562	-85.661385
5259.484863	-85.545143
5264.868164	-85.513924
5270.251465	-85.837898
5275.634766	-84.782509
5281.018066	-85.152687
5286.401367	-85.489944
5291.784668	-85.625870
5297.167969	-85.290283
5302.551270	-84.885330
5307.934570	-84.844887
5313.317871	-85.064301
5318.701172	-84.645950
5324.084473	-84.898933
5329.467773	-85.385002
5334.851074	-85.859604
5340.234375	-86.746002
5345.617676	-86.727959
5351.000977	-86.986504
5356.384277	-86.956841
5361.767578	-86.647881
5367.150879	-86.672333
5372.534180	-86.923759
5377.917480	-86.911507
5383.300781	-87.021049
5388.684082	-87.330490
5394.067383	-87.063896
5399.450684	-87.237831
5404.833984	-87.162270
5410.217285	-87.499664
5415.600586	-86.927559
5420.983887	-86.920654
5426.367188	-87.195816
5431.750488	-87.072960
5437.133789	-86.811813
5442.517090	-87.056084
5447.900391	-87.430237
5453.283691	-87.763359
5458.666992	-87.801666
5464.050293	-87.194748
5469.433594	-86.687920
5474.816895	-86.588715
5480.200195	-86.655441
5485.583496	-86.701385
5490.966797	-85.964256
5496.350098	-85.994545
5501.733398	-86.408546
5507.116699	-86.855957
5512.500000	-86.266655
5517.883301	-85.787514
5523.266602	-86.209526
5528.649902	-86.225052
5534.033203	-86.346428
5539.416504	-86.549072
5544.799805	-86.826469
5550.183105	-87.144653
5555.566406	-87.628189
5560.949707	-87.441582
5566.333008	-87.670746
5571.716309	-87.964935
5577.099609	-87.931679
5582.482910	-87.639496
5587.866211	-87.229019
5593.249512	-87.496513
5598.632812	-87.406563
5604.016113	-86.371223
5609.399414	-85.782372
5614.782715	-85.920624
5620.166016	-86.117706
5625.549316	-86.510452
5630.932617	-86.673355
5636.315918	-85.969933
5641.699219	-86.132240
5647.082520	-86.269829
5652.465820	-86.144936
5657.849121	-86.278961
5663.232422	-86.231880
5668.615723	-86.480247
5673.999023	-86.889000
5679.382324	-86.863586
5684.765625	-87.037415
5690.148926	-86.172401
5695.532227	-86.684433
5700.915527	-87.497040
5706.298828	-87.356056
5711.682129	-87.263496
5717.065430	-86.710823
5722.448730	-86.314270
5727.832031	-86.317337
5733.215332	-86.086838
5738.598633	-85.727165
5743.981934	-86.135033
5749.365234	-86.935715
5754.748535	-86.474594
5760.131836	-85.530647
5765.515137	-86.136414
5770.898438	-86.393379
5776.281738	-86.637100
5781.665039	-86.918808
5787.048340	-87.381027
5792.431641	-87.676903
5797.814941	-86.984001
5803.198242	-87.284698
5808.581543	-87.766968
5813.964844	-87.929054
5819.348145	-87.879555
5824.731445	-87.501190
5830.114746	-87.423943
5835.498047	-87.314865
5840.881348	-87.776611
5846.264648	-88.021477
5851.647949	-87.338493
5857.031250	-87.352928
5862.414551	-87.461777
5867.797852	-87.360451
5873.181152	-86.977867
5878.564453	-87.017418
5883.947754	-86.286568
5889.331055	-86.373451
5894.714355	-86.623863
5900.097656	-87.217674
5905.480957	-87.736740
5910.864258	-87.397614
5916.247559	-87.765045
5921.630859	-87.919754
5927.014160	-87.845390
5932.397461	-87.351547
5937.780762	-86.984833
5943.164062	-86.950752
5948.547363	-86.737801
5953.930664	-87.476921
5959.313965	-87.719902
5964.697266	-87.184868
5970.080566	-87.818031
5975.463867	-88.543335
5980.847168	-88.410431
5986.230469	-88.427124
5991.613770	-88.586555
5996.997070	-88.402649
6002.380371	-88.074104
6007.763672	-88.126877
6013.146973	-88.148071
6018.530273	-87.932198
6023.913574	-87.202179
6029.296875	-86.724312
6034.680176	-87.421272
6040.063477	-87.197807
6045.446777	-88.008644
6050.830078	-88.211899
6056.213379	-88.095360
6061.596680	-88.325012
6066.979980	-88.531212
6072.363281	-88.109268
6077.746582	-88.324158
6083.129883	-87.512680
6088.513184	-87.394203
6093.896484	-88.273750
6099.279785	-88.423981
6104.663086	-88.744324
6110.046387	-88.550507
6115.429688	-88.338242
6120.812988	-88.221970
6126.196289	-87.892799
6131.579590	-87.962456
6136.962891	-88.273064
6142.346191	-88.010094
6147.729492	-87.998039
6153.112793	-88.153320
6158.496094	-88.051514
6163.879395	-88.048660
6169.262695	-87.887589
6174.645996	-87.688583
6180.029297	-88.295723
6185.412598	-88.563995
6190.795898	-88.422226
6196.179199	-88.451813
6201.562500	-87.877991
6206.945801	-88.331238
6212.329102	-88.835754
6217.712402	-88.641861
6223.095703	-88.654617
6228.479004	-88.430931
6233.862305	-88.809097
6239.245605	-88.907867
6244.628906	-88.755180
6250.012207	-88.905212
6255.395508	-89.448265
6260.778809	-89.635056
6266.162109	-89.762329
6271.545410	-89.655479
6276.928711	-89.591446
6282.312012	-89.303711
6287.695312	-89.139778
6293.078613	-89.281288
6298.461914	-88.860817
6303.845215	-88.681503
6309.228516	-89.066086
6314.611816	-89.123352
6319.995117	-88.820457
6325.378418	-88.641327
6330.761719	-88.903748
6336.145020	-89.143921
6341.528320	-88.962845
6346.911621	-88.530190
6352.294922	-88.451836
6357.678223	-88.270988
6363.061523	-88.387230
6368.444824	-88.100159
6373.828125	-88.519905
6379.211426	-88.533195
6384.594727	-88.797264
6389.978027	-89.010994
6395.361328	-88.617775
6400.744629	-88.826904
6406.127930	-88.684975
6411.511230	-88.127151
6416.894531	-88.246933
6422.277832	-88.572968
6427.661133	-88.633629
6433.044434	-89.014336
6438.427734	-89.226913
6443.811035	-89.266174
6449.194336	-89.567017
6454.577637	-89.512810
6459.960938	-89.785797
6465.344238	-89.298775
6470.727539	-87.927322
6476.110840	-88.079445
6481.494141	-87.628601
6486.877441	-86.889366
6492.260742	-86.712128
6497.644043	-86.236549
6503.027344	-86.557388
6508.410645	-85.714577
6513.793945	-85.860130
6519.177246	-85.985298
6524.560547	-85.720642
6529.943848	-86.485733
6535.327148	-87.264793
6540.710449	-87.187347
6546.093750	-87.760658
6551.477051	-87.427132
6556.860352	-87.324791
6562.243652	-87.617821
6567.626953	-87.471596
6573.010254	-87.240013
6578.393555	-87.437660
6583.776855	-87.447670
6589.160156	-87.309380
6594.543457	-86.364891
6599.926758	-86.601448
6605.310059	-87.122070
6610.693359	-86.956161
6616.076660	-87.570892
6621.459961	-88.028557
6626.843262	-87.421646
6632.226562	-87.358253
6637.609863	-87.404671
6642.993164	-87.297935
6648.376465	-87.228630
6653.759766	-87.758247
6659.143066	-88.058769
6664.526367	-87.391716
6669.909668	-87.559761
6675.292969	-87.386086
6680.676270	-87.339226
6686.059570	-87.129913
6691.442871	-87.229012
6696.826172	-87.623154
6702.209473	-87.112030
6707.592773	-87.023392
6712.976074	-86.227501
6718.359375	-86.389915
6723.742676	-86.204849
6729.125977	-85.657867
6734.509277	-85.642334
6739.892578	-86.137115
6745.275879	-85.908928
6750.659180	-85.839317
6756.042480	-85.344666
6761.425781	-85.449295
6766.809082	-85.250549
6772.192383	-85.215942
6777.575684	-84.719353
6782.958984	-85.127419
6788.342285	-85.094162
6793.725586	-85.332756
6799.108887	-84.755249
6804.492188	-84.281273
6809.875488	-85.106133
6815.258789	-85.553276
6820.642090	-84.896263
6826.025391	-84.580757
6831.408691	-84.815109
6836.791992	-83.967049
6842.175293	-84.284058
6847.558594	-84.382492
6852.941895	-84.354828
6858.325195	-84.488571
6863.708496	-84.840431
6869.091797	-85.011223
6874.475098	-85.128021
6879.858398	-84.948380
6885.241699	-85.375816
6890.625000	-84.978447
6896.008301	-85.160080
6901.391602	-85.300629
6906.774902	-85.944855
6912.158203	-85.721878
6917.541504	-85.946190
6922.924805	-85.492119
6928.308105	-85.600922
6933.691406	-85.192551
6939.074707	-84.524971
6944.458008	-85.181023
6949.841309	-86.079239
6955.224609	-85.748146
6960.607910	-85.696281
6965.991211	-85.952538
6971.374512	-86.357086
6976.757812	-86.276031
6982.141113	-86.460815
6987.524414	-86.943436
6992.907715	-86.914749
6998.291016	-86.624390
7003.674316	-86.366829
7009.057617	-86.573456
7014.440918	-86.572632
7019.824219	-86.192146
7025.207520	-86.229385
7030.590820	-85.647026
7035.974121	-86.066605
7041.357422	-86.180733
7046.740723	-85.755821
7052.124023	-86.052589
7057.507324	-85.728653
7062.890625	-86.105049
7068.273926	-85.868126
7073.657227	-85.833336
7079.040527	-85.901848
7084.423828	-85.490799
7089.807129	-85.957687
7095.190430	-85.285194
7100.573730	-85.116768
7105.957031	-85.308861
7111.340332	-85.249184
7116.723633	-85.083633
7122.106934	-84.886948
7127.490234	-84.787361
7132.873535	-84.389465
7138.256836	-84.849663
7143.640137	-85.690125
7149.023438	-85.281418
7154.406738	-84.932503
7159.790039	-85.997749
7165.173340	-86.224556
7170.556641	-85.980270
7175.939941	-86.613686
7181.323242	-87.009300
7186.706543	-87.101074
7192.089844	-87.605064
7197.473145	-87.733238
7202.856445	-88.449951
7208.239746	-88.161469
7213.623047	-87.850815
7219.006348	-88.135818
7224.389648	-88.709328
7229.772949	-88.552246
7235.156250	-87.951714
7240.539551	-88.441017
7245.922852	-88.344093
7251.306152	-87.440575
7256.689453	-87.054321
7262.072754	-86.780663
7267.456055	-86.165710
7272.839355	-85.540161
7278.222656	-85.141151
7283.605957	-85.345131
7288.989258	-85.734650
7294.372559	-85.184296
7299.755859	-85.167725
7305.139160	-85.029541
7310.522461	-85.348312
7315.905762	-85.903839
7321.289062	-86.370575
7326.672363	-85.804031
7332.055664	-85.748268
7337.438965	-85.008369
7342.822266	-84.998741
7348.205566	-84.541580
7353.588867	-84.340103
7358.972168	-84.465073
7364.355469	-83.991959
7369.738770	-84.423882
7375.122070	-86.264091
7380.505371	-87.017960
7385.888672	-86.439842
7391.271973	-87.284172
7396.655273	-88.752060
7402.038574	-88.617554
7407.421875	-89.115440
7412.805176	-89.388969
7418.188477	-88.781311
7423.571777	-89.259682
7428.955078	-88.992226
7434.338379	-88.577682
7439.721680	-87.625465
7445.104980	-87.640892
7450.488281	-87.331375
7455.871582	-86.571861
7461.254883	-86.261757
7466.638184	-85.784874
7472.021484	-85.004539
7477.404785	-84.599503
7482.788086	-84.037529
7488.171387	-84.920433
7493.554688	-85.463867
7498.937988	-84.830795
7504.321289	-84.495735
7509.704590	-86.153801
7515.087891	-87.084343
7520.471191	-86.951469
7525.854492	-87.452652
7531.237793	-87.598412
7536.621094	-87.784828
7542.004395	-87.309723
7547.387695	-86.975029
7552.770996	-86.871758
7558.154297	-86.791328
7563.537598	-87.443443
7568.920898	-86.376373
7574.304199	-85.966293
7579.687500	-86.619492
7585.070801	-85.748222
7590.454102	-85.375832
7595.837402	-85.512390
7601.220703	-86.104744
7606.604004	-86.441025
7611.987305	-86.311668
7617.370605	-86.773689
7622.753906	-87.024437
7628.137207	-87.920052
7633.520508	-87.706551
7638.903809	-87.492935
7644.287109	-87.458694
7649.670410	-87.939827
7655.053711	-88.188049
7660.437012	-88.118820
7665.820312	-88.604866
7671.203613	-89.069725
7676.586914	-88.978065
7681.970215	-88.899040
7687.353516	-88.842865
7692.736816	-89.328468
7698.120117	-89.232941
7703.503418	-89.518257
7708.886719	-89.416771
7714.270020	-89.140465
7719.653320	-89.104401
7725.036621	-88.312988
7730.419922	-88.414459
7735.803223	-88.644539
7741.186523	-88.561340
7746.569824	-88.503822
7751.953125	-88.874535
7757.336426	-88.818474
7762.719727	-89.183945
7768.103027	-88.224754
7773.486328	-88.061157
7778.869629	-88.270805
7784.252930	-87.592354
7789.636230	-87.309906
7795.019531	-87.594986
7800.402832	-87.956268
7805.786133	-87.917473
7811.169434	-87.860107
7816.552734	-88.870461
7821.936035	-89.355782
7827.319336	-89.579002
7832.702637	-88.810005
7838.085938	-89.015251
7843.469238	-90.137604
7848.852539	-90.614853
7854.235840	-90.708633
7859.619141	-91.410622
7865.002441	-91.384796
7870.385742	-91.341400
7875.769043	-91.091339
7881.152344	-91.071152
7886.535645	-90.388641
7891.918945	-89.804642
7897.302246	-89.133217
7902.685547	-89.615150
7908.068848	-89.223969
7913.452148	-89.652458
7918.835449	-89.347237
7924.218750	-89.241737
7929.602051	-89.762192
7934.985352	-89.465866
7940.368652	-90.125992
7945.751953	-90.030205
7951.135254	-89.893242
7956.518555	-89.220276
7961.901855	-88.367317
7967.285156	-87.252831
7972.668457	-86.742393
7978.051758	-87.057571
7983.435059	-87.546768
7988.818359	-88.129250
7994.201660	-88.760864
7999.584961	-89.003044
8004.968262	-89.063194
8010.351562	-89.789085
8015.734863	-90.507050
8021.118164	-90.063614
8026.501465	-90.322647
8031.884766	-90.333565
8037.268066	-90.341965
8042.651367	-89.792313
8048.034668	-89.708847
8053.417969	-89.661560
8058.801270	-90.045036
8064.184570	-89.740128
8069.567871	-90.244980
8074.951172	-90.207993
8080.334473	-89.965782
8085.717773	-89.516724
8091.101074	-89.505394
8096.484375	-89.915009
8101.867676	-89.925644
8107.250977	-89.554344
8112.634277	-89.321762
8118.017578	-89.032310
8123.400879	-89.228485
8128.784180	-89.815163
8134.167480	-89.608322
8139.550781	-89.472000
8144.934082	-89.387215
8150.317383	-90.128151
8155.700684	-90.130775
8161.083984	-89.922707
8166.467285	-89.572067
8171.850586	-89.249237
8177.233887	-89.221077
8182.617188	-89.133118
8188.000488	-88.971359
8193.383789	-88.835648
8198.767090	-89.063919
8204.150391	-89.088409
8209.533691	-89.447205
8214.916992	-89.131767
8220.300293	-88.438713
8225.683594	-89.417534
8231.066895	-89.906601
8236.450195	-90.194916
8241.833496	-90.117874
8247.216797	-90.208176
8252.600098	-90.271973
8257.983398	-89.964188
8263.366699	-90.058929
8268.750000	-90.650627
8274.133301	-90.518425
8279.516602	-90.541168
8284.899902	-90.775383
8290.283203	-91.033768
8295.666504	-91.281746
8301.049805	-91.722450
8306.433105	-91.983780
8311.816406	-91.958145
8317.199707	-91.258141
8322.583008	-90.383255
8327.966309	-90.150131
8333.349609	-89.725533
8338.732910	-89.548836
8344.116211	-89.680206
8349.499512	-90.118248
8354.882812	-90.109886
8360.266113	-90.252945
8365.649414	-90.273445
8371.032715	-89.830116
8376.416016	-89.877968
8381.799316	-89.911652
8387.182617	-89.052559
8392.565918	-89.368645
8397.949219	-89.870888
8403.332520	-89.780151
8408.715820	-89.771019
8414.099121	-90.474106
8419.482422	-91.381332
8424.865723	-91.288979
8430.249023	-91.460449
8435.632324	-91.219048
8441.015625	-91.001442
8446.398926	-91.605759
8451.782227	-91.450363
8457.165527	-90.941216
8462.548828	-90.372681
8467.932129	-90.424568
8473.315430	-91.228485
8478.698730	-90.858856
8484.082031	-91.147156
8489.465332	-90.128967
8494.848633	-90.010422
8500.231934	-89.635025
8505.615234	-89.939957
8510.998535	-89.621262
8516.381836	-89.787460
8521.765137	-90.383171
8527.148438	-90.272041
8532.531738	-90.040901
8537.915039	-90.285980
8543.298340	-90.412552
8548.681641	-90.176216
8554.064941	-90.247841
8559.448242	-90.612221
8564.831543	-90.631889
8570.214844	-91.085564
8575.598145	-90.876091
8580.981445	-90.979141
8586.364746	-91.514214
8591.748047	-91.194427
8597.131348	-91.286835
8602.514648	-90.679062
8607.897949	-90.284294
8613.281250	-90.475403
8618.664551	-90.681992
8624.047852	-90.763802
8629.431152	-90.459969
8634.814453	-90.691353
8640.197754	-90.846207
8645.581055	-90.959770
8650.964355	-90.930397
8656.347656	-91.170425
8661.730957	-91.130692
8667.114258	-91.070679
8672.497559	-91.194313
8677.880859	-91.317009
8683.264160	-91.761520
8688.647461	-91.742638
8694.030762	-91.734093
8699.414062	-92.025078
8704.797363	-90.351364
8710.180664	-91.024605
8715.563965	-92.242111
8720.947266	-92.520500
8726.330566	-92.531769
8731.713867	-92.865173
8737.097168	-92.303535
8742.480469	-92.030502
8747.863770	-91.995003
8753.247070	-91.714325
8758.630371	-91.798477
8764.013672	-92.171631
8769.396973	-92.631248
8774.780273	-92.955734
8780.163574	-92.157547
8785.546875	-92.180099
8790.930176	-92.005630
8796.313477	-92.235107
8801.696777	-92.327423
8807.080078	-92.195511
8812.463379	-91.962936
8817.846680	-91.929291
8823.229980	-92.435837
8828.613281	-92.880836
8833.996582	-93.214638
8839.379883	-92.274414
8844.763184	-92.889236
8850.146484	-93.047211
8855.529785	-92.330620
8860.913086	-92.401558
8866.296387	-91.993668
8871.679688	-91.571686
8877.062988	-92.412888
8882.446289	-91.678337
8887.829590	-91.793121
8893.212891	-91.597343
8898.596191	-91.186188
8903.979492	-91.804344
8909.362793	-91.225601
8914.746094	-91.619987
8920.129395	-91.119888
8925.512695	-91.623627
8930.895996	-91.793198
8936.279297	-91.823189
8941.662598	-92.009201
8947.045898	-92.534142
8952.429199	-92.516441
8957.812500	-92.948227
8963.195801	-92.901299
8968.579102	-92.800903
8973.962402	-93.168640
8979.345703	-93.232269
8984.729004	-92.855659
8990.112305	-92.680672
8995.495605	-92.850090
9000.878906	-93.196342
9006.262207	-92.830475
9011.645508	-93.476868
9017.028809	-93.962448
9022.412109	-93.869972
9027.795410	-93.940865
9033.178711	-93.645638
9038.562012	-93.931259
9043.945312	-93.402161
9049.328613	-93.242622
9054.711914	-93.512566
9060.095215	-93.036125
9065.478516	-92.815231
9070.861816	-92.297005
9076.245117	-92.776291
9081.628418	-92.547226
9087.011719	-92.251503
9092.395020	-92.023346
9097.778320	-91.913658
9103.161621	-92.159843
9108.544922	-91.515961
9113.928223	-91.084351
9119.311523	-91.256622
9124.694824	-91.045769
9130.078125	-90.471718
9135.461426	-90.703827
9140.844727	-90.977715
9146.228027	-90.800842
9151.611328	-90.463524
9156.994629	-90.034714
9162.377930	-90.510651
9167.761230	-89.990974
9173.144531	-89.958374
9178.527832	-89.712387
9183.911133	-89.560516
9189.294434	-89.002472
9194.677734	-88.936493
9200.061035	-89.688499
9205.444336	-90.655006
9210.827637	-90.319817
9216.210938	-91.226646
9221.594238	-91.420883
9226.977539	-91.245949
9232.360840	-90.863304
9237.744141	-90.447212
9243.127441	-90.418686
9248.510742	-89.911339
9253.894043	-90.508453
9259.277344	-91.131577
9264.660645	-91.053932
9270.043945	-91.440018
9275.427246	-91.315811
9280.810547	-91.264877
9286.193848	-90.763741
9291.577148	-90.766785
9296.960449	-91.236458
9302.343750	-90.911224
9307.727051	-90.638023
9313.110352	-90.776787
9318.493652	-90.895195
9323.876953	-90.464821
9329.260254	-90.524040
9334.643555	-91.157272
9340.026855	-92.159447
9345.410156	-92.863770
9350.793457	-93.114906
9356.176758	-92.622566
9361.560059	-92.680939
9366.943359	-92.556580
9372.326660	-92.178940
9377.709961	-91.769547
9383.093262	-92.116257
9388.476562	-92.497772
9393.859863	-92.660728
9399.243164	-92.329315
9404.626465	-91.949265
9410.009766	-91.767632
9415.393066	-91.365036
9420.776367	-91.530502
9426.159668	-91.787331
9431.542969	-91.592896
9436.926270	-90.829910
9442.309570	-90.639023
9447.692871	-90.463921
9453.076172	-90.409279
9458.459473	-90.662086
9463.842773	-91.274200
9469.226074	-91.921913
9474.609375	-92.144524
9479.992676	-92.116264
9485.375977	-92.221130
9490.759277	-92.057976
9496.142578	-90.873413
9501.525879	-89.261314
9506.909180	-88.731300
9512.292480	-88.379997
9517.675781	-87.346611
9523.059082	-87.130569
9528.442383	-88.034485
9533.825684	-88.776451
9539.208984	-88.710068
9544.592285	-89.014336
9549.975586	-88.948914
9555.358887	-88.256302
9560.742188	-89.574532
9566.125488	-89.957314
9571.508789	-89.454773
9576.892090	-89.558784
9582.275391	-89.284088
9587.658691	-89.630188
9593.041992	-89.847092
9598.425293	-89.521896
9603.808594	-89.134621
9609.191895	-89.102753
9614.575195	-89.791840
9619.958496	-89.893288
9625.341797	-90.352478
9630.725098	-89.717445
9636.108398	-89.975983
9641.491699	-90.442207
9646.875000	-90.558914
9652.258301	-90.351051
9657.641602	-88.840134
9663.024902	-88.997543
9668.408203	-88.888138
9673.791504	-87.992783
9679.174805	-88.619209
9684.558105	-88.903526
9689.941406	-89.156494
9695.324707	-89.220802
9700.708008	-88.961349
9706.091309	-88.725014
9711.474609	-88.995132
9716.857910	-88.783485
9722.241211	-88.278488
9727.624512	-88.522758
9733.007812	-88.551674
9738.391113	-89.014450
9743.774414	-90.010239
9749.157715	-90.365181
9754.541016	-90.096367
9759.924316	-90.304489
9765.307617	-91.146729
9770.690918	-91.644241
9776.074219	-90.865707
9781.457520	-91.008568
9786.840820	-90.692528
9792.224121	-90.562447
9797.607422	-90.708717
9802.990723	-90.337456
9808.374023	-90.100433
9813.757324	-90.293579
9819.140625	-90.433189
9824.523926	-89.984413
9829.907227	-89.909607
9835.290527	-89.963043
9840.673828	-90.360916
9846.057129	-90.459595
9851.440430	-90.694016
9856.823730	-89.897049
9862.207031	-89.926521
9867.590332	-89.966522
9872.973633	-90.148071
9878.356934	-90.005547
9883.740234	-90.087997
9889.123535	-90.333649
9894.506836	-90.299332
9899.890137	-89.957146
9905.273438	-90.149612
9910.656738	-90.593010
9916.040039	-89.858528
9921.423340	-89.823044
9926.806641	-90.210350
9932.189941	-90.263382
9937.573242	-90.219574
9942.956543	-90.605446
9948.339844	-90.168648
9953.723145	-90.039749
9959.106445	-90.629723
9964.489746	-90.733879
9969.873047	-91.146385
9975.256348	-91.307228
9980.639648	-90.097198
9986.022949	-90.263283
9991.406250	-90.123718
9996.789551	-90.413239
10002.172852	-90.579536
10007.556152	-90.470848
10012.939453	-90.338409
10018.322754	-90.352524
10023.706055	-90.519249
10029.089355	-90.903496
10034.472656	-90.920776
10039.855957	-91.087311
10045.239258	-90.991745
10050.622559	-91.078659
10056.005859	-91.078979
10061.389160	-90.900352
10066.772461	-91.262611
10072.155762	-91.467377
10077.539062	-91.279472
10082.922363	-91.789497
10088.305664	-91.852394
10093.688965	-91.582504
10099.072266	-91.743965
10104.455566	-92.108452
10109.838867	-92.780846
10115.222168	-92.556297
10120.605469	-92.567818
10125.988770	-92.937195
10131.372070	-92.104721
10136.755371	-91.452103
10142.138672	-91.700233
10147.521973	-91.292458
10152.905273	-90.862289
10158.288574	-91.013100
10163.671875	-91.351562
10169.055176	-90.610191
10174.438477	-90.607391
10179.821777	-90.498726
10185.205078	-90.273750
10190.588379	-89.973648
10195.971680	-90.567116
10201.354980	-90.382408
10206.738281	-91.202332
10212.121582	-91.880249
10217.504883	-91.729889
10222.888184	-91.797195
10228.271484	-91.960182
10233.654785	-92.554733
10239.038086	-92.550598
10244.421387	-91.956474
10249.804688	-91.960732
10255.187988	-92.400047
10260.571289	-91.815994
10265.954590	-91.918175
10271.337891	-92.231339
10276.721191	-91.785042
10282.104492	-91.663864
10287.487793	-90.481049
10292.871094	-91.115349
10298.254395	-91.413757
10303.637695	-91.405693
10309.020996	-91.245338
10314.404297	-91.861076
10319.787598	-92.080231
10325.170898	-92.438995
10330.554199	-92.234398
10335.937500	-92.789307
10341.320801	-93.217529
10346.704102	-93.259079
10352.087402	-93.557045
10357.470703	-93.533195
10362.854004	-93.623817
10368.237305	-93.292328
10373.620605	-93.239967
10379.003906	-93.445053
10384.387207	-92.988434
10389.770508	-92.267975
10395.153809	-92.933693
10400.537109	-92.765251
10405.920410	-92.664207
10411.303711	-92.104431
10416.687012	-92.091797
10422.070312	-92.383400
10427.453613	-92.791283
10432.836914	-92.728737
10438.220215	-92.415779
10443.603516	-92.669548
10448.986816	-92.661354
10454.370117	-92.422501
10459.753418	-92.753609
10465.136719	-92.926872
10470.520020	-91.824066
10475.903320	-92.111633
10481.286621	-91.791878
10486.669922	-91.224564
10492.053223	-91.640686
10497.436523	-91.793388
10502.819824	-92.659050
10508.203125	-92.439178
10513.586426	-93.030899
10518.969727	-92.630928
10524.353027	-92.613953
10529.736328	-93.535614
10535.119629	-92.959358
10540.502930	-93.162331
10545.886230	-93.049042
10551.269531	-93.350441
10556.652832	-93.412193
10562.036133	-93.232864
10567.419434	-93.479553
10572.802734	-93.671097
10578.186035	-93.722298
10583.569336	-93.819901
10588.952637	-93.909241
10594.335938	-93.586594
10599.719238	-93.648308
10605.102539	-93.360893
10610.485840	-94.243988
10615.869141	-94.234550
10621.252441	-93.756157
10626.635742	-93.160942
10632.019043	-92.825485
10637.402344	-92.747940
10642.785645	-92.399773
10648.168945	-92.334061
10653.552246	-91.920273
10658.935547	-91.677917
10664.318848	-92.083702
10669.702148	-91.777336
10675.085449	-91.703972
10680.468750	-91.881790
10685.852051	-91.794975
10691.235352	-91.560211
10696.618652	-91.871468
10702.001953	-91.716583
10707.385254	-91.871574
10712.768555	-91.870438
10718.151855	-91.402267
10723.535156	-91.339882
10728.918457	-91.325150
10734.301758	-91.291153
10739.685059	-91.249893
10745.068359	-90.986061
10750.451660	-91.483543
10755.834961	-91.637276
10761.218262	-91.220650
10766.601562	-91.309479
10771.984863	-91.730675
10777.368164	-91.498878
10782.751465	-91.616463
10788.134766	-92.296730
10793.518066	-91.876961
10798.901367	-92.350052
10804.284668	-92.997963
10809.667969	-92.966949
10815.051270	-92.685913
10820.434570	-92.804802
10825.817871	-92.872940
10831.201172	-92.780037
10836.584473	-93.017075
10841.967773	-92.992546
10847.351074	-92.647667
10852.734375	-92.335991
10858.117676	-92.613327
10863.500977	-92.656097
10868.884277	-92.127075
10874.267578	-92.541550
10879.650879	-92.229607
10885.034180	-91.915077
10890.417480	-91.682243
10895.800781	-92.019852
10901.184082	-92.068130
10906.567383	-91.636604
10911.950684	-91.535065
10917.333984	-91.482796
10922.717285	-91.627296
10928.100586	-91.616745
10933.483887	-91.515678
10938.867188	-91.504601
10944.250488	-91.531166
10949.633789	-91.085205
10955.017090	-90.197624
10960.400391	-90.337738
10965.783691	-90.855476
10971.166992	-90.732140
10976.550293	-89.861633
10981.933594	-90.056564
10987.316895	-90.337265
10992.700195	-90.462540
10998.083496	-90.258049
11003.466797	-90.593231
11008.850098	-90.739258
11014.233398	-90.583427
11019.616699	-90.527435
11025.000000	-90.182877
11030.383301	-90.314613
11035.766602	-90.472031
11041.149902	-90.308525
11046.533203	-90.334389
11051.916504	-90.930138
11057.299805	-91.187065
11062.683105	-91.732704
11068.066406	-92.527275
11073.449707	-93.365646
11078.833008	-93.867050
11084.216309	-93.610435
11089.599609	-92.689507
11094.982910	-92.298714
11100.366211	-91.648560
11105.749512	-91.541199
11111.132812	-91.346214
11116.516113	-91.114502
11121.899414	-92.123756
11127.282715	-91.571960
11132.666016	-91.197273
11138.049316	-91.533875
11143.432617	-91.800697
11148.815918	-91.170204
11154.199219	-91.056274
11159.582520	-91.146584
11164.965820	-91.771217
11170.349121	-91.642319
11175.732422	-90.979019
11181.115723	-90.543541
11186.499023	-90.943459
11191.882324	-91.382927
11197.265625	-90.584129
11202.648926	-90.814461
11208.032227	-91.593048
11213.415527	-91.536644
11218.798828	-91.664108
11224.182129	-92.100708
11229.565430	-92.153084
11234.948730	-91.689049
11240.332031	-91.342102
11245.715332	-91.129021
11251.098633	-91.920845
11256.481934	-92.179672
11261.865234	-91.647964
11267.248535	-91.843765
11272.631836	-91.094139
11278.015137	-91.286644
11283.398438	-91.216698
11288.781738	-91.019249
11294.165039	-91.146584
11299.548340	-91.166061
11304.931641	-91.383850
11310.314941	-91.591583
11315.698242	-92.437126
11321.081543	-93.035461
11326.464844	-92.254601
11331.848145	-93.123192
11337.231445	-93.220467
11342.614746	-93.055946
11347.998047	-93.488266
11353.381348	-93.928276
11358.764648	-93.403885
11364.147949	-93.867943
11369.531250	-93.958000
11374.914551	-93.678459
11380.297852	-93.179207
11385.681152	-92.757339
11391.064453	-93.546127
11396.447754	-93.681801
11401.831055	-94.169205
11407.214355	-93.529259
11412.597656	-93.016365
11417.980957	-93.076859
11423.364258	-92.945183
11428.747559	-93.771698
11434.130859	-93.763176
11439.514160	-93.762726
11444.897461	-94.154716
11450.280762	-93.384567
11455.664062	-93.207100
11461.047363	-92.609619
11466.430664	-92.681770
11471.813965	-93.157249
11477.197266	-92.984787
11482.580566	-93.309288
11487.963867	-92.598953
11493.347168	-93.236099
11498.730469	-93.236145
11504.113770	-93.205284
11509.497070	-93.694458
11514.880371	-94.113258
11520.263672	-94.718407
11525.646973	-94.794205
11531.030273	-93.534576
11536.413574	-93.959587
11541.796875	-94.126518
11547.180176	-94.120491
11552.563477	-93.550957
11557.946777	-93.806747
11563.330078	-93.731590
11568.713379	-93.761864
11574.096680	-93.857552
11579.479980	-93.743584
11584.863281	-93.027458
11590.246582	-92.102699
11595.629883	-92.739357
11601.013184	-92.904274
11606.396484	-92.009491
11611.779785	-92.759483
11617.163086	-92.902016
11622.546387	-93.235634
11627.929688	-93.397293
11633.312988	-93.169800
11638.696289	-93.165482
11644.079590	-93.370140
11649.462891	-92.820091
11654.846191	-92.626472
11660.229492	-93.087898
11665.612793	-92.706749
11670.996094	-92.390739
11676.379395	-92.745506
11681.762695	-92.831535
11687.145996	-92.965210
11692.529297	-92.270363
11697.912598	-92.412621
11703.295898	-92.606026
11708.679199	-92.675217
11714.062500	-92.701996
11719.445801	-92.793716
11724.829102	-92.592949
11730.212402	-92.393997
11735.595703	-92.912315
11740.979004	-93.120186
11746.362305	-93.226723
11751.745605	-93.713547
11757.128906	-93.506454
11762.512207	-93.502106
11767.895508	-93.172676
11773.278809	-92.859001
11778.662109	-93.074791
11784.045410	-92.758133
11789.428711	-92.819496
11794.812012	-92.566727
11800.195312	-91.888504
11805.578613	-92.194168
11810.961914	-91.941154
11816.345215	-92.250938
11821.728516	-92.563225
11827.111816	-92.666313
11832.495117	-93.240341
11837.878418	-92.876762
11843.261719	-92.694969
11848.645020	-92.740784
11854.028320	-93.043617
11859.411621	-93.553841
11864.794922	-93.556366
11870.178223	-93.297050
11875.561523	-93.494354
11880.944824	-93.756012
11886.328125	-93.772675
11891.711426	-93.867264
11897.094727	-93.344299
11902.478027	-93.599693
11907.861328	-92.956039
11913.244629	-92.693825
11918.627930	-92.761848
11924.011230	-92.813820
11929.394531	-92.652634
11934.777832	-92.768364
11940.161133	-92.760414
11945.544434	-92.893341
11950.927734	-92.783539
11956.311035	-93.213058
11961.694336	-93.247375
11967.077637	-93.554718
11972.460938	-93.901024
11977.844238	-93.870499
11983.227539	-94.270981
11988.610840	-94.062302
11993.994141	-93.267113
11999.377441	-94.081139
12004.760742	-94.865234
12010.144043	-94.380043
12015.527344	-94.040672
12020.910645	-94.394455
12026.293945	-94.548141
12031.677246	-94.573746
12037.060547	-95.008171
12042.443848	-95.538834
12047.827148	-95.182556
12053.210449	-95.418770
12058.593750	-95.759163
12063.977051	-96.159027
12069.360352	-95.549469
12074.743652	-95.570328
12080.126953	-95.759651
12085.510254	-95.835747
12090.893555	-95.660721
12096.276855	-95.797615
12101.660156	-95.494072
12107.043457	-95.636917
12112.426758	-95.291519
12117.810059	-95.487877
12123.193359	-95.523445
12128.576660	-95.541260
12133.959961	-95.126732
12139.343262	-94.993668
12144.726562	-95.610275
12150.109863	-95.499580
12155.493164	-95.613510
12160.876465	-96.261749
12166.259766	-96.453857
12171.643066	-95.904533
12177.026367	-95.935532
12182.409668	-95.932877
12187.792969	-95.714325
12193.176270	-95.788628
12198.559570	-95.678375
12203.942871	-95.598122
12209.326172	-96.254135
12214.709473	-95.745255
12220.092773	-95.956795
12225.476074	-96.356407
12230.859375	-96.357460
12236.242676	-96.255997
12241.625977	-95.671738
12247.009277	-95.549049
12252.392578	-95.779160
12257.775879	-95.662163
12263.159180	-95.733345
12268.542480	-96.055969
12273.925781	-95.915802
12279.309082	-95.987877
12284.692383	-95.866936
12290.075684	-95.441963
12295.458984	-95.662910
12300.842285	-95.711182
12306.225586	-95.876785
12311.608887	-95.554001
12316.992188	-95.772446
12322.375488	-96.145111
12327.758789	-95.251839
12333.142090	-95.369095
12338.525391	-95.306717
12343.908691	-94.925987
12349.291992	-95.192986
12354.675293	-95.410156
12360.058594	-95.208191
12365.441895	-95.360573
12370.825195	-95.593887
12376.208496	-95.442963
12381.591797	-96.087006
12386.975098	-95.628708
12392.358398	-95.426247
12397.741699	-95.382195
12403.125000	-94.910477
12408.508301	-95.828278
12413.891602	-95.724312
12419.274902	-95.940727
12424.658203	-96.080193
12430.041504	-96.053513
12435.424805	-96.257141
12440.808105	-96.176491
12446.191406	-96.083412
12451.574707	-95.524590
12456.958008	-95.596420
12462.341309	-95.911972
12467.724609	-95.928253
12473.107910	-96.140610
12478.491211	-95.731705
12483.874512	-95.576996
12489.257812	-95.135033
12494.641113	-95.285233
12500.024414	-95.960930
12505.407715	-96.206589
12510.791016	-95.914886
12516.174316	-95.756439
12521.557617	-95.395981
12526.940918	-95.670151
12532.324219	-95.511940
12537.707520	-95.849297
12543.090820	-95.760590
12548.474121	-95.460342
12553.857422	-95.848740
12559.240723	-95.527008
12564.624023	-95.971619
12570.007324	-95.245628
12575.390625	-95.449791
12580.773926	-95.534943
12586.157227	-95.471405
12591.540527	-95.905838
12596.923828	-95.690712
12602.307129	-96.322861
12607.690430	-96.158112
12613.073730	-95.607765
12618.457031	-95.369728
12623.840332	-95.449432
12629.223633	-95.629555
12634.606934	-95.730972
12639.990234	-95.957138
12645.373535	-95.949211
12650.756836	-96.101532
12656.140137	-95.979797
12661.523438	-95.937698
12666.906738	-95.568871
12672.290039	-95.672600
12677.673340	-95.639633
12683.056641	-95.566017
12688.439941	-94.955605
12693.823242	-95.058846
12699.206543	-95.776222
12704.589844	-95.801422
12709.973145	-95.528145
12715.356445	-95.185127
12720.739746	-95.556374
12726.123047	-95.937935
12731.506348	-96.074608
12736.889648	-95.717232
12742.272949	-95.215179
12747.656250	-95.293259
12753.039551	-95.998672
12758.422852	-94.681801
12763.806152	-94.637405
12769.189453	-94.780380
12774.572754	-94.656113
12779.956055	-94.493347
12785.339355	-94.209984
12790.722656	-93.680962
12796.105957	-93.956573
12801.489258	-93.893623
12806.872559	-93.990349
12812.255859	-93.919815
12817.639160	-94.238701
12823.022461	-94.751633
12828.405762	-94.416122
12833.789062	-94.022133
12839.172363	-94.293610
12844.555664	-94.558731
12849.938965	-94.616394
12855.322266	-94.987083
12860.705566	-95.342293
12866.088867	-95.733215
12871.472168	-95.666992
12876.855469	-95.181580
12882.238770	-95.349251
12887.622070	-95.014854
12893.005371	-95.164459
12898.388672	-95.204071
12903.771973	-95.098221
12909.155273	-94.394997
12914.538574	-94.307610
12919.921875	-95.024300
12925.305176	-94.799179
12930.688477	-94.959236
12936.071777	-95.136093
12941.455078	-94.725006
12946.838379	-94.866577
12952.221680	-95.422791
12957.604980	-95.370583
12962.988281	-95.325775
12968.371582	-95.688698
12973.754883	-95.940613
12979.138184	-95.586601
12984.521484	-95.526108
12989.904785	-95.733131
12995.288086	-95.818100
13000.671387	-95.795364
13006.054688	-96.204430
13011.437988	-95.731903
13016.821289	-95.798225
13022.204590	-95.762070
13027.587891	-96.067329
13032.971191	-95.609215
13038.354492	-95.804718
13043.737793	-95.201027
13049.121094	-94.749908
13054.504395	-94.288261
13059.887695	-94.324203
13065.270996	-94.633835
13070.654297	-94.013565
13076.037598	-94.427315
13081.420898	-94.450104
13086.804199	-93.959862
13092.187500	-93.918396
13097.570801	-94.402702
13102.954102	-94.738640
13108.337402	-95.090614
13113.720703	-95.413620
13119.104004	-95.238922
13124.487305	-95.152542
13129.870605	-95.765518
13135.253906	-95.388481
13140.637207	-95.519157
13146.020508	-95.675941
13151.403809	-95.561058
13156.787109	-95.707344
13162.170410	-95.776596
13167.553711	-95.585686
13172.937012	-95.038689
13178.320312	-94.766090
13183.703613	-94.548332
13189.086914	-93.981529
13194.470215	-93.589653
13199.853516	-93.298538
13205.236816	-93.201332
13210.620117	-93.804871
13216.003418	-93.751274
13221.386719	-93.875870
13226.770020	-94.070480
13232.153320	-94.665169
13237.536621	-94.509903
13242.919922	-93.872002
13248.303223	-93.956718
13253.686523	-93.590996
13259.069824	-92.860611
13264.453125	-92.554527
13269.836426	-91.759422
13275.219727	-92.002876
13280.603027	-92.219345
13285.986328	-91.924622
13291.369629	-92.499077
13296.752930	-92.877022
13302.136230	-93.277321
13307.519531	-93.053719
13312.902832	-92.286415
13318.286133	-92.790077
13323.669434	-93.021736
13329.052734	-93.046249
13334.436035	-92.162201
13339.819336	-92.292358
13345.202637	-92.676781
13350.585938	-92.268311
13355.969238	-91.991768
13361.352539	-92.357941
13366.735840	-92.102806
13372.119141	-92.328018
13377.502441	-92.099243
13382.885742	-91.666481
13388.269043	-91.562164
13393.652344	-92.507050
13399.035645	-93.179153
13404.418945	-94.418266
13409.802246	-94.547447
13415.185547	-94.350578
13420.568848	-94.450516
13425.952148	-94.773232
13431.335449	-94.666374
13436.718750	-94.665710
13442.102051	-94.923195
13447.485352	-94.802132
13452.868652	-94.930191
13458.251953	-94.094315
13463.635254	-94.907372
13469.018555	-95.360992
13474.401855	-95.480209
13479.785156	-95.529427
13485.168457	-95.284225
13490.551758	-95.493095
13495.935059	-95.594559
13501.318359	-95.362694
13506.701660	-94.943581
13512.084961	-94.918205
13517.468262	-95.711876
13522.851562	-95.541733
13528.234863	-95.501671
13533.618164	-95.727486
13539.001465	-95.718575
13544.384766	-95.423973
13549.768066	-95.422134
13555.151367	-95.185684
13560.534668	-95.247353
13565.917969	-94.808937
13571.301270	-94.759079
13576.684570	-94.881325
13582.067871	-94.674965
13587.451172	-94.514244
13592.834473	-94.455734
13598.217773	-94.551575
13603.601074	-94.612320
13608.984375	-94.516586
13614.367676	-94.695770
13619.750977	-95.028969
13625.134277	-94.538002
13630.517578	-94.500664
13635.900879	-94.676582
13641.284180	-94.617317
13646.667480	-94.159630
13652.050781	-94.110748
13657.434082	-94.713768
13662.817383	-94.634705
13668.200684	-94.558182
13673.583984	-94.683853
13678.967285	-94.191734
13684.350586	-94.356049
13689.733887	-94.118881
13695.117188	-94.519722
13700.500488	-94.444633
13705.883789	-94.495201
13711.267090	-95.130615
13716.650391	-95.474602
13722.033691	-95.860878
13727.416992	-96.147110
13732.800293	-95.997765
13738.183594	-96.333107
13743.566895	-96.144753
13748.950195	-96.476662
13754.333496	-96.102951
13759.716797	-95.361923
13765.100098	-95.147797
13770.483398	-94.995445
13775.866699	-94.958412
13781.250000	-94.778221
13786.633301	-95.166183
13792.016602	-94.489059
13797.399902	-94.474380
13802.783203	-95.439453
13808.166504	-95.356239
13813.549805	-95.087914
13818.933105	-94.603127
13824.316406	-93.909027
13829.699707	-94.516258
13835.083008	-94.120674
13840.466309	-93.327538
13845.849609	-92.635849
13851.232910	-92.147270
13856.616211	-92.273735
13861.999512	-91.693810
13867.382812	-91.030678
13872.766113	-90.489006
13878.149414	-90.325684
13883.532715	-90.412254
13888.916016	-90.504120
13894.299316	-90.570923
13899.682617	-89.858208
13905.065918	-89.839684
13910.449219	-89.885460
13915.832520	-89.390541
13921.215820	-89.856834
13926.599121	-89.677444
13931.982422	-89.301521
13937.365723	-89.092979
13942.749023	-89.680977
13948.132324	-90.158272
13953.515625	-90.065910
13958.898926	-90.683411
13964.282227	-91.519333
13969.665527	-92.019501
13975.048828	-91.446678
13980.432129	-91.846008
13985.815430	-92.155159
13991.198730	-92.126549
13996.582031	-92.923958
14001.965332	-93.069855
14007.348633	-92.869530
14012.731934	-93.160553
14018.115234	-94.030968
14023.498535	-94.538971
14028.881836	-95.295586
14034.265137	-95.935928
14039.648438	-96.138641
14045.031738	-96.432487
14050.415039	-96.556511
14055.798340	-95.994621
14061.181641	-95.499786
14066.564941	-94.946693
14071.948242	-94.810295
14077.331543	-94.748962
14082.714844	-94.964561
14088.098145	-94.435333
14093.481445	-94.217926
14098.864746	-94.953514
14104.248047	-95.532700
14109.631348	-94.823746
14115.014648	-95.701889
14120.397949	-96.543465
14125.781250	-95.994164
14131.164551	-95.490967
14136.547852	-95.531929
14141.931152	-94.911247
14147.314453	-95.084465
14152.697754	-95.607841
14158.081055	-95.732727
14163.464355	-96.303360
14168.847656	-96.320992
14174.230957	-95.588829
14179.614258	-95.553963
14184.997559	-96.053406
14190.380859	-95.895493
14195.764160	-95.670937
14201.147461	-95.990540
14206.530762	-96.257278
14211.914062	-96.335281
14217.297363	-95.831551
14222.680664	-95.078430
14228.063965	-95.223122
14233.447266	-95.118706
14238.830566	-94.810997
14244.213867	-94.600380
14249.597168	-94.794746
14254.980469	-94.675659
14260.363770	-94.724686
14265.747070	-94.518829
14271.130371	-94.822166
14276.513672	-94.456276
14281.896973	-95.331856
14287.280273	-95.130241
14292.663574	-95.665077
14298.046875	-95.879501
14303.430176	-95.604431
14308.813477	-95.534981
14314.196777	-95.507317
14319.580078	-95.764603
14324.963379	-95.530846
14330.346680	-94.997818
14335.729980	-95.032471
14341.113281	-93.885002
14346.496582	-94.003197
14351.879883	-94.391724
14357.263184	-94.725998
14362.646484	-94.820068
14368.029785	-94.934059
14373.413086	-95.000397
14378.796387	-95.299698
14384.179688	-95.541946
14389.562988	-95.846130
14394.946289	-96.361946
14400.329590	-96.390778
14405.712891	-96.017151
14411.096191	-95.599228
14416.479492	-95.551079
14421.862793	-95.924957
14427.246094	-95.213844
14432.629395	-94.697556
14438.012695	-94.599419
14443.395996	-94.730270
14448.779297	-94.629845
14454.162598	-94.315125
14459.545898	-93.988426
14464.929199	-93.532059
14470.312500	-93.728806
14475.695801	-94.028633
14481.079102	-93.253777
14486.462402	-92.858734
14491.845703	-94.476799
14497.229004	-94.381645
14502.612305	-94.545502
14507.995605	-93.518990
14513.378906	-93.785172
14518.762207	-94.286743
14524.145508	-93.795341
14529.528809	-92.775383
14534.912109	-92.757607
14540.295410	-92.482071
14545.678711	-92.672195
14551.062012	-93.115334
14556.445312	-93.779221
14561.828613	-94.296265
14567.211914	-94.470711
14572.595215	-95.000740
14577.978516	-95.039757
14583.361816	-94.937393
14588.745117	-94.491669
14594.128418	-93.021133
14599.511719	-92.881104
14604.895020	-92.924622
14610.278320	-92.503777
14615.661621	-92.785263
14621.044922	-93.525208
14626.428223	-93.468307
14631.811523	-93.780006
14637.194824	-93.174835
14642.578125	-93.691078
14647.961426	-94.630096
14653.344727	-94.812447
14658.728027	-95.418457
14664.111328	-95.225510
14669.494629	-95.437561
14674.877930	-95.820107
14680.261230	-94.863945
14685.644531	-94.693970
14691.027832	-94.436707
14696.411133	-94.361862
14701.794434	-94.052559
14707.177734	-93.840340
14712.561035	-94.129692
14717.944336	-94.015274
14723.327637	-93.663658
14728.710938	-94.311493
14734.094238	-93.853706
14739.477539	-93.423325
14744.860840	-92.961449
14750.244141	-92.914803
14755.627441	-92.158897
14761.010742	-92.201027
14766.394043	-91.864243
14771.777344	-92.064209
14777.160645	-92.646751
14782.543945	-92.342155
14787.927246	-92.660973
14793.310547	-92.573677
14798.693848	-92.237701
14804.077148	-91.699013
14809.460449	-91.647934
14814.843750	-91.515396
14820.227051	-90.782127
14825.610352	-90.687111
14830.993652	-90.708405
14836.376953	-90.208580
14841.760254	-90.518173
14847.143555	-90.911446
14852.526855	-91.901527
14857.910156	-92.792664
14863.293457	-93.062523
14868.676758	-93.713646
14874.060059	-93.776329
14879.443359	-93.165558
14884.826660	-92.729958
14890.209961	-92.214745
14895.593262	-92.734459
14900.976562	-92.936218
14906.359863	-92.587509
14911.743164	-93.190445
14917.126465	-93.602539
14922.509766	-92.951775
14927.893066	-93.128517
14933.276367	-93.311142
14938.659668	-93.343437
14944.042969	-94.074120
14949.426270	-94.515755
14954.809570	-94.341759
14960.192871	-94.387077
14965.576172	-94.991806
14970.959473	-95.127640
14976.342773	-95.484589
14981.726074	-95.576317
14987.109375	-95.519196
14992.492676	-95.678757
14997.875977	-95.621048
15003.259277	-94.922844
15008.642578	-94.955391
15014.025879	-95.127998
15019.409180	-95.144417
15024.792480	-95.336906
15030.175781	-95.720871
15035.559082	-94.488937
15040.942383	-94.247650
15046.325684	-94.246353
15051.708984	-95.056252
15057.092285	-94.409500
15062.475586	-94.188705
15067.858887	-94.103310
15073.242188	-94.089684
15078.625488	-94.213852
15084.008789	-93.570801
15089.392090	-92.780983
15094.775391	-93.258720
15100.158691	-93.991188
15105.541992	-93.601952
15110.925293	-93.559219
15116.308594	-93.323418
15121.691895	-93.170395
15127.075195	-93.012665
15132.458496	-93.195953
15137.841797	-91.704262
15143.225098	-91.326050
15148.608398	-91.596581
15153.991699	-91.689041
15159.375000	-92.566422
15164.758301	-92.389206
15170.141602	-91.873985
15175.524902	-91.832321
15180.908203	-91.689278
15186.291504	-91.748947
15191.674805	-91.843597
15197.058105	-91.061806
15202.441406	-91.277542
15207.824707	-92.379013
15213.208008	-92.885948
15218.591309	-93.567558
15223.974609	-94.026451
15229.357910	-94.252182
15234.741211	-95.308517
15240.124512	-95.877594
15245.507812	-96.158943
15250.891113	-96.210953
15256.274414	-95.708641
15261.657715	-94.835709
15267.041016	-94.772057
15272.424316	-94.806808
15277.807617	-94.696945
15283.190918	-94.136513
15288.574219	-94.389145
15293.957520	-95.226852
15299.340820	-95.608223
15304.724121	-95.977524
15310.107422	-95.964073
15315.490723	-96.907303
15320.874023	-96.673370
15326.257324	-96.797997
15331.640625	-96.620583
15337.023926	-96.379097
15342.407227	-95.903732
15347.790527	-94.553787
15353.173828	-94.322983
15358.557129	-94.462845
15363.940430	-94.260841
15369.323730	-94.244972
15374.707031	-94.716705
15380.090332	-94.581894
15385.473633	-94.712784
15390.856934	-94.366890
15396.240234	-94.054428
15401.623535	-94.986397
15407.006836	-95.031845
15412.390137	-93.894524
15417.773438	-93.071472
15423.156738	-93.276093
15428.540039	-92.616219
15433.923340	-91.650017
15439.306641	-92.841438
15444.689941	-93.932755
15450.073242	-94.084404
15455.456543	-94.432556
15460.839844	-94.622505
15466.223145	-94.549065
15471.606445	-94.859848
15476.989746	-94.732544
15482.373047	-94.540894
15487.756348	-94.458733
15493.139648	-94.363808
15498.522949	-94.502861
15503.906250	-95.428772
15509.289551	-95.936211
15514.672852	-95.955627
15520.056152	-95.888367
15525.439453	-96.046165
15530.822754	-95.816635
15536.206055	-96.150505
15541.589355	-96.326431
15546.972656	-96.609734
15552.355957	-96.382607
15557.739258	-96.392342
15563.122559	-95.587616
15568.505859	-94.973419
15573.889160	-95.441032
15579.272461	-95.033173
15584.655762	-94.597389
15590.039062	-95.382538
15595.422363	-95.538414
15600.805664	-95.552567
15606.188965	-95.401085
15611.572266	-93.784332
15616.955566	-92.335030
15622.338867	-93.467514
15627.722168	-93.520828
15633.105469	-92.769318
15638.488770	-92.795609
15643.872070	-92.023872
15649.255371	-91.736046
15654.638672	-92.355942
15660.021973	-91.943069
15665.405273	-92.498787
15670.788574	-92.948708
15676.171875	-93.345238
15681.555176	-92.844856
15686.938477	-92.541237
15692.321777	-92.527336
15697.705078	-91.874908
15703.088379	-91.269646
15708.471680	-91.111778
15713.854980	-90.650459
15719.238281	-90.707756
15724.621582	-91.289116
15730.004883	-90.697960
15735.388184	-91.270271
15740.771484	-92.842621
15746.154785	-94.478172
15751.538086	-95.488777
15756.921387	-95.767990
15762.304688	-96.262794
15767.687988	-96.239349
15773.071289	-96.371902
15778.454590	-97.254509
15783.837891	-96.675758
15789.221191	-96.431076
15794.604492	-96.055161
15799.987793	-96.119652
15805.371094	-95.688934
15810.754395	-95.113388
15816.137695	-94.795502
15821.520996	-95.110008
15826.904297	-95.225899
15832.287598	-94.874275
15837.670898	-94.623543
15843.054199	-95.408379
15848.437500	-95.255287
15853.820801	-94.895340
15859.204102	-95.134834
15864.587402	-95.263969
15869.970703	-95.128845
15875.354004	-95.341362
15880.737305	-95.646286
15886.120605	-95.628212
15891.503906	-95.776787
15896.887207	-95.699059
15902.270508	-96.023102
15907.653809	-96.685204
15913.037109	-96.931297
15918.420410	-96.760185
15923.803711	-96.495842
15929.187012	-96.581871
15934.570312	-96.716171
15939.953613	-96.035156
15945.336914	-96.231644
15950.720215	-96.521477
15956.103516	-95.993980
15961.486816	-95.845718
15966.870117	-96.039589
15972.253418	-96.198448
15977.636719	-96.319389
15983.020020	-96.766281
15988.403320	-97.142838
15993.786621	-97.270050
15999.169922	-96.065598
16004.553223	-95.397064
16009.936523	-95.147156
16015.319824	-95.047264
16020.703125	-95.067932
16026.086426	-95.072449
16031.469727	-94.653076
16036.853027	-94.920753
16042.236328	-95.748810
16047.619629	-95.581924
16053.002930	-95.001518
16058.386230	-95.093925
16063.769531	-95.328705
16069.152832	-95.163170
16074.536133	-95.494057
16079.919434	-95.670219
16085.302734	-95.544998
16090.686035	-95.240540
16096.069336	-95.281555
16101.452637	-95.666756
16106.835938	-95.509499
16112.219238	-95.793839
16117.602539	-96.151840
16122.985840	-95.943573
16128.369141	-95.855209
16133.752441	-96.103317
16139.135742	-96.377922
16144.519043	-96.607651
16149.902344	-96.341896
16155.285645	-95.877312
16160.668945	-95.817108
16166.052246	-96.001053
16171.435547	-95.800270
16176.818848	-96.161034
16182.202148	-96.698029
16187.585449	-97.317566
16192.968750	-97.429955
16198.352051	-97.594536
16203.735352	-98.028404
16209.118652	-97.703751
16214.501953	-97.697029
16219.885254	-97.470200
16225.268555	-97.134201
16230.651855	-96.417618
16236.035156	-95.917633
16241.418457	-96.390640
16246.801758	-96.309700
16252.185059	-96.687996
16257.568359	-96.516350
16262.951660	-97.082100
16268.334961	-96.966393
16273.718262	-97.037086
16279.101562	-97.609802
16284.484863	-97.014397
16289.868164	-96.887375
16295.251465	-97.100487
16300.634766	-97.330544
16306.018066	-96.564667
16311.401367	-95.852455
16316.784668	-95.699417
16322.167969	-96.279251
16327.551270	-96.376793
16332.934570	-96.454666
16338.317871	-96.565468
16343.701172	-96.308578
16349.084473	-96.425484
16354.467773	-96.718674
16359.851074	-96.393311
16365.234375	-96.397186
16370.617676	-96.495110
16376.000977	-96.160736
16381.384277	-95.887581
16386.767578	-95.924080
16392.150879	-96.208092
16397.534180	-96.340584
16402.917480	-96.446114
16408.300781	-96.399811
16413.684082	-96.644257
16419.067383	-96.752983
16424.450684	-97.023369
16429.833984	-97.462715
16435.217285	-96.979500
16440.600586	-96.967987
16445.983887	-96.640366
16451.367188	-96.464348
16456.750488	-96.131485
16462.133789	-96.854332
16467.517090	-96.208801
16472.900391	-96.444000
16478.283691	-96.624702
16483.666992	-97.451416
16489.050293	-97.408775
16494.433594	-96.535126
16499.816895	-96.882469
16505.200195	-96.351913
16510.583496	-96.249001
16515.966797	-96.072502
16521.350098	-95.986504
16526.733398	-96.480804
16532.116699	-96.528831
16537.500000	-95.849495
16542.883301	-96.746368
16548.266602	-96.656403
16553.649902	-96.728729
16559.033203	-97.044556
16564.416504	-97.306236
16569.799805	-97.402557
16575.183105	-97.111786
16580.566406	-97.395073
16585.949707	-97.273323
16591.333008	-97.099113
16596.716309	-96.424828
16602.099609	-96.237442
16607.482910	-96.024727
16612.866211	-95.668221
16618.249512	-96.457115
16623.632812	-96.216225
16629.016113	-96.214729
16634.399414	-96.435524
16639.782715	-96.379303
16645.166016	-96.522560
16650.549316	-96.523888
16655.932617	-96.530090
16661.315918	-97.192993
16666.699219	-97.431580
16672.082520	-97.473274
16677.465820	-97.379852
16682.849121	-97.298927
16688.232422	-97.289772
16693.615723	-96.912430
16698.999023	-97.282669
16704.382324	-97.185989
16709.765625	-97.139862
16715.148926	-96.818924
16720.532227	-97.317329
16725.915527	-97.514450
16731.298828	-97.711243
16736.682129	-97.535423
16742.065430	-97.716751
16747.448730	-97.420578
16752.832031	-97.688766
16758.215332	-97.638809
16763.598633	-97.499695
16768.981934	-97.355278
16774.365234	-96.650398
16779.748535	-97.175980
16785.131836	-97.680016
16790.515137	-97.423218
16795.898438	-97.744804
16801.281738	-97.960831
16806.665039	-98.111771
16812.048340	-97.374138
16817.431641	-96.659554
16822.814941	-96.590836
16828.198242	-96.490669
16833.581543	-96.990204
16838.964844	-97.286949
16844.348145	-97.100296
16849.731445	-97.648537
16855.114746	-97.502968
16860.498047	-97.575920
16865.881348	-97.199570
16871.264648	-96.881683
16876.647949	-97.220268
16882.031250	-96.803413
16887.414551	-97.060669
16892.797852	-96.532707
16898.181152	-96.902710
16903.564453	-96.750954
16908.947754	-97.379044
16914.331055	-97.403458
16919.714355	-96.900787
16925.097656	-96.795563
16930.480957	-97.696205
16935.864258	-97.531052
16941.247559	-97.512184
16946.630859	-97.251915
16952.014160	-97.003334
16957.397461	-97.184059
16962.780762	-96.941093
16968.164062	-96.890503
16973.547363	-97.110222
16978.930664	-96.882973
16984.313965	-96.638443
16989.697266	-96.576843
16995.080566	-96.737984
17000.463867	-96.629631
17005.847168	-97.347496
17011.230469	-97.965569
17016.613770	-97.619560
17021.997070	-97.277405
17027.380371	-97.203873
17032.763672	-97.866135
17038.146973	-96.900040
17043.530273	-96.891525
17048.913574	-97.041382
17054.296875	-97.070564
17059.680176	-96.878426
17065.063477	-96.465874
17070.446777	-96.971092
17075.830078	-97.284912
17081.213379	-97.572556
17086.596680	-98.042587
17091.979980	-97.535248
17097.363281	-98.110588
17102.746582	-98.057510
17108.129883	-97.818153
17113.513184	-98.342461
17118.896484	-98.493408
17124.279785	-98.510139
17129.663086	-98.632812
17135.046387	-98.396706
17140.429688	-97.973183
17145.812988	-98.277451
17151.196289	-98.350563
17156.579590	-98.085777
17161.962891	-97.600746
17167.346191	-97.538109
17172.729492	-97.606956
17178.112793	-97.856171
17183.496094	-97.738113
17188.879395	-97.230751
17194.262695	-97.392349
17199.645996	-97.293999
17205.029297	-96.888985
17210.412598	-97.162323
17215.795898	-96.949005
17221.179199	-97.404518
17226.562500	-98.101944
17231.945801	-97.843796
17237.329102	-97.545357
17242.712402	-97.888794
17248.095703	-98.092796
17253.479004	-97.644295
17258.862305	-97.300186
17264.245605	-97.842567
17269.628906	-98.313126
17275.012207	-98.413589
17280.395508	-98.073151
17285.778809	-98.083710
17291.162109	-98.363663
17296.545410	-98.564034
17301.928711	-98.434860
17307.312012	-98.497513
17312.695312	-98.497139
17318.078613	-98.488174
17323.461914	-98.767517
17328.845215	-98.484520
17334.228516	-97.949966
17339.611816	-97.938423
17344.995117	-97.947975
17350.378418	-98.241493
17355.761719	-98.140335
17361.145020	-98.071930
17366.528320	-98.208855
17371.911621	-97.879059
17377.294922	-97.740440
17382.678223	-98.445595
17388.061523	-97.651146
17393.444824	-97.837524
17398.828125	-98.063560
17404.211426	-98.395103
17409.594727	-98.037849
17414.978027	-98.213226
17420.361328	-99.128464
17425.744629	-99.137238
17431.127930	-98.701485
17436.511230	-98.754463
17441.894531	-97.769722
17447.277832	-97.984276
17452.661133	-98.410103
17458.044434	-98.457489
17463.427734	-98.338463
17468.811035	-99.080460
17474.194336	-98.872131
17479.577637	-99.098305
17484.960938	-98.590088
17490.344238	-98.456291
17495.727539	-98.521294
17501.110840	-98.378304
17506.494141	-98.339828
17511.877441	-98.149582
17517.260742	-98.552788
17522.644043	-98.793015
17528.027344	-98.785301
17533.410645	-98.447166
17538.793945	-98.373032
17544.177246	-97.910904
17549.560547	-98.260796
17554.943848	-98.579803
17560.327148	-98.448906
17565.710449	-98.059891
17571.093750	-97.954636
17576.477051	-98.302620
17581.860352	-98.950493
17587.243652	-99.038048
17592.626953	-98.435440
17598.010254	-97.957687
17603.393555	-97.974648
17608.776855	-98.194107
17614.160156	-97.963287
17619.543457	-98.038445
17624.926758	-98.820145
17630.310059	-98.227066
17635.693359	-98.712074
17641.076660	-98.913406
17646.459961	-98.490784
17651.843262	-98.372887
17657.226562	-98.129951
17662.609863	-98.605179
17667.993164	-98.506172
17673.376465	-98.941559
17678.759766	-99.063911
17684.143066	-98.613953
17689.526367	-99.312569
17694.909668	-99.363319
17700.292969	-99.103630
17705.676270	-99.263351
17711.059570	-99.234016
17716.442871	-98.844200
17721.826172	-99.115547
17727.209473	-99.334061
17732.592773	-99.021439
17737.976074	-98.685089
17743.359375	-99.153679
17748.742676	-99.083359
17754.125977	-98.841026
17759.509277	-98.188332
17764.892578	-98.163979
17770.275879	-98.426102
17775.659180	-98.535706
17781.042480	-98.891418
17786.425781	-98.500908
17791.809082	-98.888664
17797.192383	-99.451668
17802.575684	-99.063202
17807.958984	-98.435051
17813.342285	-98.835144
17818.725586	-98.697014
17824.108887	-98.599167
17829.492188	-98.396111
17834.875488	-98.127380
17840.258789	-98.140076
17845.642090	-98.367622
17851.025391	-98.644897
17856.408691	-98.804443
17861.791992	-98.608360
17867.175293	-98.289902
17872.558594	-98.480759
17877.941895	-99.003090
17883.325195	-98.923119
17888.708496	-99.038170
17894.091797	-99.027077
17899.475098	-98.774246
17904.858398	-98.824608
17910.241699	-98.851944
17915.625000	-99.318314
17921.008301	-99.088638
17926.391602	-98.847702
17931.774902	-98.350426
17937.158203	-99.432526
17942.541504	-99.253624
17947.924805	-99.468086
17953.308105	-98.974937
17958.691406	-98.548851
17964.074707	-98.127373
17969.458008	-98.325287
17974.841309	-98.725029
17980.224609	-98.906853
17985.607910	-98.482841
17990.991211	-98.080429
17996.374512	-98.499420
18001.757812	-98.605621
18007.141113	-98.987671
18012.524414	-99.515610
18017.907715	-98.641914
18023.291016	-98.367699
18028.674316	-98.366310
18034.057617	-98.931793
18039.440918	-98.350288
18044.824219	-98.722633
18050.207520	-98.643456
18055.590820	-98.833824
18060.974121	-98.267265
18066.357422	-98.736046
18071.740723	-98.568130
18077.124023	-98.586876
18082.507324	-98.309593
18087.890625	-98.173157
18093.273926	-98.089294
18098.657227	-98.472916
18104.040527	-98.597389
18109.423828	-97.987572
18114.807129	-98.218391
18120.190430	-97.839607
18125.573730	-97.569939
18130.957031	-97.492241
18136.340332	-98.489555
18141.723633	-98.590828
18147.106934	-98.077614
18152.490234	-97.939735
18157.873535	-97.856888
18163.256836	-97.975052
18168.640137	-98.775795
18174.023438	-98.623413
18179.406738	-98.315613
18184.790039	-98.192406
18190.173340	-98.424110
18195.556641	-98.425858
18200.939941	-97.887558
18206.323242	-97.941315
18211.706543	-98.270226
18217.089844	-98.401344
18222.473145	-97.986855
18227.856445	-97.803398
18233.239746	-97.794174
18238.623047	-98.383110
18244.006348	-98.199806
18249.389648	-98.008606
18254.772949	-97.573463
18260.156250	-97.276207
18265.539551	-97.594864
18270.922852	-97.345970
18276.306152	-97.489670
18281.689453	-97.491997
18287.072754	-97.635361
18292.456055	-97.826607
18297.839355	-98.061417
18303.222656	-97.475937
18308.605957	-97.886452
18313.989258	-97.887894
18319.372559	-97.230026
18324.755859	-97.342911
18330.139160	-97.548454
18335.522461	-97.858063
18340.905762	-97.666443
18346.289062	-97.991814
18351.672363	-97.836800
18357.055664	-98.535934
18362.438965	-98.278572
18367.822266	-97.731110
18373.205566	-97.450577
18378.588867	-97.558052
18383.972168	-97.227974
18389.355469	-97.799400
18394.738770	-97.556183
18400.122070	-97.898834
18405.505371	-97.661888
18410.888672	-97.261597
18416.271973	-97.936592
18421.655273	-97.713181
18427.038574	-97.394249
18432.421875	-97.093353
18437.805176	-97.496826
18443.188477	-97.750809
18448.571777	-97.204689
18453.955078	-97.627075
18459.338379	-97.398384
18464.721680	-97.529533
18470.104980	-97.904312
18475.488281	-97.508453
18480.871582	-97.672318
18486.254883	-97.860611
18491.638184	-98.189575
18497.021484	-97.907265
18502.404785	-97.503838
18507.788086	-97.628784
18513.171387	-97.285812
18518.554688	-97.403961
18523.937988	-97.288925
18529.321289	-97.653053
18534.704590	-97.966660
18540.087891	-98.033829
18545.471191	-97.705399
18550.854492	-97.315331
18556.237793	-97.802429
18561.621094	-97.834274
18567.004395	-97.717903
18572.387695	-98.081345
18577.770996	-97.974716
18583.154297	-97.489510
18588.537598	-98.073509
18593.920898	-97.962471
18599.304199	-98.181335
18604.687500	-97.987816
18610.070801	-97.899704
18615.454102	-98.049873
18620.837402	-98.172691
18626.220703	-97.994225
18631.604004	-97.938057
18636.987305	-98.368729
18642.370605	-98.353920
18647.753906	-98.154129
18653.137207	-98.414291
18658.520508	-97.916916
18663.903809	-97.967339
18669.287109	-97.407684
18674.670410	-97.968872
18680.053711	-98.151237
18685.437012	-98.252502
18690.820312	-97.761009
18696.203613	-97.813812
18701.586914	-97.932205
18706.970215	-98.101089
18712.353516	-98.048645
18717.736816	-97.386047
18723.120117	-97.714363
18728.503418	-97.687012
18733.886719	-97.831413
18739.270020	-98.157936
18744.653320	-98.142662
18750.036621	-97.794449
18755.419922	-97.269051
18760.803223	-97.529556
18766.186523	-97.508339
18771.569824	-97.750427
18776.953125	-97.927391
18782.336426	-97.582680
18787.719727	-97.212402
18793.103027	-97.235176
18798.486328	-97.522621
18803.869629	-97.791878
18809.252930	-97.861961
18814.636230	-97.962135
18820.019531	-97.567505
18825.402832	-97.196320
18830.786133	-97.422699
18836.169434	-97.939636
18841.552734	-97.616173
18846.936035	-97.393066
18852.319336	-96.978096
18857.702637	-96.966248
18863.085938	-97.205376
18868.469238	-97.144073
18873.852539	-97.600960
18879.235840	-97.387695
18884.619141	-97.418892
18890.002441	-97.001350
18895.385742	-97.424316
18900.769043	-97.651947
18906.152344	-97.368896
18911.535645	-96.873413
18916.918945	-97.355110
18922.302246	-97.095268
18927.685547	-96.720520
18933.068848	-97.113335
18938.452148	-97.198448
18943.835449	-97.192108
18949.218750	-97.569618
18954.602051	-97.615707
18959.985352	-97.603661
18965.368652	-97.307335
18970.751953	-97.137573
18976.135254	-97.627144
18981.518555	-97.221092
18986.901855	-97.556885
18992.285156	-98.135399
18997.668457	-97.826546
19003.051758	-98.231461
19008.435059	-98.111595
19013.818359	-98.091873
19019.201660	-97.989006
19024.584961	-97.812950
19029.968262	-98.399094
19035.351562	-97.459053
19040.734863	-97.155708
19046.118164	-98.093124
19051.501465	-98.435547
19056.884766	-97.327911
19062.268066	-97.778755
19067.651367	-97.756897
19073.034668	-97.445770
19078.417969	-97.138245
19083.801270	-97.539948
19089.184570	-97.425743
19094.567871	-97.073410
19099.951172	-97.397697
19105.334473	-96.965157
19110.717773	-96.686157
19116.101074	-96.973030
19121.484375	-96.666763
19126.867676	-95.846344
19132.250977	-95.450500
19137.634277	-95.812759
19143.017578	-95.956795
19148.400879	-95.559792
19153.784180	-95.280037
19159.167480	-95.512276
19164.550781	-95.747803
19169.934082	-96.051590
19175.317383	-96.841629
19180.700684	-96.736938
19186.083984	-96.790352
19191.467285	-96.929680
19196.850586	-96.739952
19202.233887	-96.580109
19207.617188	-96.153885
19213.000488	-96.154411
19218.383789	-97.005562
19223.767090	-96.520332
19229.150391	-96.243057
19234.533691	-96.078873
19239.916992	-96.386795
19245.300293	-96.179962
19250.683594	-97.038986
19256.066895	-96.613167
19261.450195	-95.876198
19266.833496	-95.971748
19272.216797	-95.764893
19277.600098	-96.059242
19282.983398	-95.501129
19288.366699	-96.230919
19293.750000	-95.847122
19299.133301	-95.168915
19304.516602	-95.186935
19309.899902	-95.082001
19315.283203	-95.695015
19320.666504	-96.063858
19326.049805	-96.126221
19331.433105	-96.027351
19336.816406	-96.280830
19342.199707	-96.747902
19347.583008	-96.695175
19352.966309	-95.984215
19358.349609	-95.215401
19363.732910	-95.049019
19369.116211	-95.438637
19374.499512	-95.195061
19379.882812	-95.135849
19385.266113	-95.344528
19390.649414	-95.150589
19396.032715	-94.819901
19401.416016	-95.194054
19406.799316	-95.985825
19412.182617	-96.067032
19417.565918	-96.037956
19422.949219	-96.296410
19428.332520	-96.458115
19433.715820	-96.346977
19439.099121	-96.581085
19444.482422	-96.309334
19449.865723	-96.381973
19455.249023	-96.498833
19460.632324	-96.918716
19466.015625	-97.222916
19471.398926	-97.394844
19476.782227	-97.501244
19482.165527	-97.634247
19487.548828	-97.420319
19492.932129	-96.990280
19498.315430	-97.782089
19503.698730	-98.089264
19509.082031	-97.682587
19514.465332	-97.564316
19519.848633	-98.049973
19525.231934	-98.071434
19530.615234	-98.014984
19535.998535	-98.623703
19541.381836	-98.596474
19546.765137	-98.449089
19552.148438	-98.089119
19557.531738	-98.595230
19562.915039	-98.619698
19568.298340	-98.096169
19573.681641	-98.222778
19579.064941	-98.022842
19584.448242	-98.196968
19589.831543	-97.930649
19595.214844	-98.185638
19600.598145	-98.581474
19605.981445	-98.406792
19611.364746	-98.477371
19616.748047	-98.664078
19622.131348	-98.540230
19627.514648	-98.379456
19632.897949	-98.458679
19638.281250	-98.752449
19643.664551	-98.634018
19649.047852	-98.324150
19654.431152	-98.766273
19659.814453	-98.969612
19665.197754	-98.348801
19670.581055	-97.964714
19675.964355	-98.599060
19681.347656	-98.362038
19686.730957	-98.132164
19692.114258	-98.029770
19697.497559	-97.968254
19702.880859	-97.969597
19708.264160	-98.186523
19713.647461	-97.735970
19719.030762	-97.458710
19724.414062	-97.883179
19729.797363	-97.732582
19735.180664	-98.154648
19740.563965	-98.748093
19745.947266	-98.335831
19751.330566	-97.546707
19756.713867	-97.303047
19762.097168	-97.492882
19767.480469	-97.409264
19772.863770	-97.855110
19778.247070	-98.466660
19783.630371	-98.061043
19789.013672	-98.154251
19794.396973	-97.834549
19799.780273	-98.334938
19805.163574	-98.406143
19810.546875	-98.277031
19815.930176	-97.558342
19821.313477	-97.658623
19826.696777	-98.331200
19832.080078	-98.634239
19837.463379	-98.448692
19842.846680	-98.537445
19848.229980	-98.691742
19853.613281	-98.726593
19858.996582	-98.876228
19864.379883	-98.218750
19869.763184	-98.332916
19875.146484	-98.753319
19880.529785	-98.796341
19885.913086	-97.877121
19891.296387	-97.867081
19896.679688	-98.473022
19902.062988	-98.523148
19907.446289	-98.444580
19912.829590	-98.018791
19918.212891	-98.474266
19923.596191	-97.987320
19928.979492	-97.789818
19934.362793	-98.051208
19939.746094	-98.381149
19945.129395	-98.613808
19950.512695	-98.238060
19955.895996	-98.463364
19961.279297	-98.470863
19966.662598	-99.256104
19972.045898	-98.429108
19977.429199	-98.414154
19982.812500	-98.432381
19988.195801	-98.789558
19993.579102	-98.529198
19998.962402	-97.961014
20004.345703	-98.160812
20009.729004	-98.213135
20015.112305	-98.092270
20020.495605	-98.347298
20025.878906	-98.437706
20031.262207	-98.523598
20036.645508	-98.585716
20042.028809	-98.221420
20047.412109	-98.606659
20052.795410	-99.025360
20058.178711	-98.649925
20063.562012	-98.866631
20068.945312	-98.956139
20074.328613	-98.886955
20079.711914	-98.645500
20085.095215	-98.362961
20090.478516	-97.770332
20095.861816	-97.942482
20101.245117	-98.490364
20106.628418	-98.721313
20112.011719	-99.148941
20117.395020	-98.815918
20122.778320	-98.225464
20128.161621	-98.284393
20133.544922	-98.519844
20138.928223	-98.280434
20144.311523	-98.639870
20149.694824	-99.269112
20155.078125	-99.363388
20160.461426	-98.721382
20165.844727	-98.137619
20171.228027	-98.276794
20176.611328	-98.310555
20181.994629	-97.871552
20187.377930	-98.389259
20192.761230	-98.441666
20198.144531	-98.465385
20203.527832	-98.883041
20208.911133	-98.493553
20214.294434	-98.362823
20219.677734	-98.368217
20225.061035	-99.223686
20230.444336	-98.774292
20235.827637	-98.934402
20241.210938	-98.411369
20246.594238	-98.777512
20251.977539	-98.975395
20257.360840	-98.654770
20262.744141	-98.596413
20268.127441	-99.048042
20273.510742	-99.089890
20278.894043	-98.968666
20284.277344	-98.837532
20289.660645	-98.809433
20295.043945	-98.625648
20300.427246	-98.773735
20305.810547	-98.725357
20311.193848	-99.027702
20316.577148	-99.227402
20321.960449	-98.750877
20327.343750	-99.036835
20332.727051	-98.594826
20338.110352	-99.040833
20343.493652	-99.241783
20348.876953	-99.528175
20354.260254	-98.935410
20359.643555	-99.516655
20365.026855	-99.700806
20370.410156	-99.480080
20375.793457	-99.604004
20381.176758	-99.317520
20386.560059	-99.451973
20391.943359	-99.785324
20397.326660	-99.884789
20402.709961	-99.922409
20408.093262	-100.020721
20413.476562	-100.182137
20418.859863	-100.261131
20424.243164	-100.205162
20429.626465	-100.135185
20435.009766	-100.037918
20440.393066	-100.468117
20445.776367	-100.498497
20451.159668	-100.378319
20456.542969	-100.376640
20461.926270	-100.495422
20467.309570	-100.291664
20472.692871	-100.787323
20478.076172	-100.833405
20483.459473	-100.706825
20488.842773	-100.865105
20494.226074	-100.886749
20499.609375	-100.154663
20504.992676	-100.384071
20510.375977	-100.771919
20515.759277	-100.766441
20521.142578	-100.982025
20526.525879	-101.039810
20531.909180	-100.732277
20537.292480	-101.291061
20542.675781	-101.452827
20548.059082	-101.368912
20553.442383	-101.492485
20558.825684	-101.649368
20564.208984	-101.613228
20569.592285	-101.873634
20574.975586	-101.233376
20580.358887	-100.782738
20585.742188	-101.322159
20591.125488	-102.285728
20596.508789	-102.516891
20601.892090	-102.233826
20607.275391	-102.035149
20612.658691	-102.332108
20618.041992	-102.386711
20623.425293	-102.586845
20628.808594	-102.726097
20634.191895	-102.968651
20639.575195	-102.849815
20644.958496	-103.234322
20650.341797	-103.784500
20655.725098	-103.455452
20661.108398	-103.584969
20666.491699	-103.469925
20671.875000	-103.650955
20677.258301	-103.210350
20682.641602	-103.497902
20688.024902	-104.105141
20693.408203	-104.123657
20698.791504	-103.559807
20704.174805	-103.705605
20709.558105	-103.635468
20714.941406	-104.044487
20720.324707	-103.982735
20725.708008	-104.263145
20731.091309	-104.560738
20736.474609	-104.703873
20741.857910	-104.690292
20747.241211	-104.717690
20752.624512	-104.402161
20758.007812	-104.834129
20763.391113	-105.053688
20768.774414	-105.011971
20774.157715	-105.177673
20779.541016	-105.596092
20784.924316	-105.604164
20790.307617	-105.640480
20795.690918	-106.250137
20801.074219	-106.547737
20806.457520	-106.753357
20811.840820	-106.386353
20817.224121	-106.656296
20822.607422	-106.773499
20827.990723	-107.036865
20833.374023	-107.311241
20838.757324	-106.772690
20844.140625	-107.456573
20849.523926	-107.601540
20854.907227	-107.306412
20860.290527	-107.928947
20865.673828	-108.463493
20871.057129	-108.411697
20876.440430	-108.203232
20881.823730	-107.941277
20887.207031	-108.188835
20892.590332	-109.273964
20897.973633	-108.805412
20903.356934	-109.242706
20908.740234	-109.117889
20914.123535	-108.988403
20919.506836	-109.868668
20924.890137	-109.996254
20930.273438	-109.764381
20935.656738	-110.114708
20941.040039	-109.838692
20946.423340	-110.750443
20951.806641	-110.213097
20957.189941	-110.864098
20962.573242	-111.121605
20967.956543	-111.600037
20973.339844	-111.986336
20978.723145	-112.011902
20984.106445	-112.015343
20989.489746	-112.152931
20994.873047	-112.412392
21000.256348	-112.654709
21005.639648	-113.856705
21011.022949	-113.748116
21016.406250	-113.358406
21021.789551	-113.272812
21027.172852	-113.734833
21032.556152	-113.976707
21037.939453	-114.019730
21043.322754	-113.843887
21048.706055	-114.302437
21054.089355	-114.878220
21059.472656	-115.131973
21064.855957	-115.205086
21070.239258	-115.273918
21075.622559	-114.981346
21081.005859	-115.275543
21086.389160	-115.857849
21091.772461	-115.578484
21097.155762	-116.235878
21102.539062	-116.340492
21107.922363	-117.054337
21113.305664	-116.970474
21118.688965	-117.347878
21124.072266	-117.169670
21129.455566	-117.067406
21134.838867	-118.033279
21140.222168	-117.842041
21145.605469	-117.482086
21150.988770	-118.374420
21156.372070	-118.016830
21161.755371	-114.796227
21167.138672	-116.531685
21172.521973	-118.561325
21177.905273	-119.308899
21183.288574	-119.039948
21188.671875	-119.396027
21194.055176	-119.378738
21199.438477	-119.439949
21204.821777	-119.903053
21210.205078	-120.306244
21215.588379	-119.969055
21220.971680	-120.441338
21226.354980	-120.585396
21231.738281	-119.938286
21237.121582	-120.861946
21242.504883	-120.519623
21247.888184	-120.797577
21253.271484	-120.862549
21258.654785	-120.881767
21264.038086	-120.921806
21269.421387	-121.251213
21274.804688	-121.095085
21280.187988	-121.381058
21285.571289	-121.105148
21290.954590	-121.479660
21296.337891	-121.255661
21301.721191	-121.542183
21307.104492	-121.435265
21312.487793	-121.632530
21317.871094	-121.512161
21323.254395	-121.413223
21328.637695	-121.913986
21334.020996	-121.536568
21339.404297	-121.618263
21344.787598	-121.706062
21350.170898	-121.664101
21355.554199	-121.893608
21360.937500	-121.573196
21366.320801	-121.806351
21371.704102	-121.919464
21377.087402	-121.693367
21382.470703	-121.882370
21387.854004	-121.784706
21393.237305	-121.785423
21398.620605	-121.866203
21404.003906	-121.879509
21409.387207	-121.811852
21414.770508	-121.862099
21420.153809	-121.840004
21425.537109	-121.864761
21430.920410	-121.896973
21436.303711	-121.919258
21441.687012	-121.844826
21447.070312	-121.895851
21452.453613	-121.887321
21457.836914	-121.890099
21463.220215	-121.927788
21468.603516	-121.868187
21473.986816	-121.904396
21479.370117	-121.889290
21484.753418	-121.922760
21490.136719	-121.889664
21495.520020	-121.926086
21500.903320	-121.883598
21506.286621	-121.918564
21511.669922	-121.920952
21517.053223	-121.901253
21522.436523	-121.917061
21527.819824	-121.907547
21533.203125	-121.916275
21538.586426	-121.906090
21543.969727	-121.924324
21549.353027	-121.908302
21554.736328	-121.921242
21560.119629	-121.916237
21565.502930	-121.919907
21570.886230	-121.906609
21576.269531	-121.921379
21581.652832	-121.912407
21587.036133	-121.923065
21592.419434	-121.914818
21597.802734	-121.914322
21603.186035	-121.922714
21608.569336	-121.914146
21613.952637	-121.919861
21619.335938	-121.913963
21624.719238	-121.922264
21630.102539	-121.917702
21635.485840	-121.920280
21640.869141	-121.917000
21646.252441	-121.920570
21651.635742	-121.917534
21657.019043	-121.922325
21662.402344	-121.916008
21667.785645	-121.921028
21673.168945	-121.918365
21678.552246	-121.921417
21683.935547	-121.918556
21689.318848	-121.920288
21694.702148	-121.921104
21700.085449	-121.919258
21705.468750	-121.920052
21710.852051	-121.921043
21716.235352	-121.920532
21721.618652	-121.920822
21727.001953	-121.920776
21732.385254	-121.920944
21737.768555	-121.921013
21743.151855	-121.920998
21748.535156	-121.920952
21753.918457	-121.921341
21759.301758	-121.921646
21764.685059	-121.920891
21770.068359	-121.921539
21775.451660	-121.921547
21780.834961	-121.921799
21786.218262	-121.921623
21791.601562	-121.921867
21796.984863	-121.921799
21802.368164	-121.921959
21807.751465	-121.922073
21813.134766	-121.922066
21818.518066	-121.922241
21823.901367	-121.922363
21829.284668	-121.922226
21834.667969	-121.922256
21840.051270	-121.922440
21845.434570	-121.922470
21850.817871	-121.922546
21856.201172	-121.922600
21861.584473	-121.922661
21866.967773	-121.922829
21872.351074	-121.922577
21877.734375	-121.922966
21883.117676	-121.923149
21888.500977	-121.922623
21893.884277	-121.922928
21899.267578	-121.923096
21904.650879	-121.923103
21910.034180	-121.923019
21915.417480	-121.923492
21920.800781	-121.923447
21926.184082	-121.923080
21931.567383	-121.923378
21936.950684	-121.923805
21942.333984	-121.923531
21947.717285	-121.923683
21953.100586	-121.923645
21958.483887	-121.922867
21963.867188	-121.923790
21969.250488	-121.923431
21974.633789	-121.923470
21980.017090	-121.923569
21985.400391	-121.923714
21990.783691	-121.924057
21996.166992	-121.923225
22001.550293	-121.923531
22006.933594	-121.923759
22012.316895	-121.923576
22017.700195	-121.923569
22023.083496	-121.923691
22028.466797	-121.923645
22033.850098	-121.923668
22039.233398	-121.923645
22044.616699	-121.923729
