Frequency (Hz)	Level (dB)
5.383301	-87.509033
10.766602	-85.605011
16.149902	-69.026779
21.533203	-58.089832
26.916504	-58.651508
32.299805	-54.716053
37.683105	-52.200676
43.066406	-51.793922
48.449707	-50.289566
53.833008	-48.811020
59.216309	-50.627022
64.599609	-50.626019
69.982910	-49.321136
75.366211	-57.488132
80.749512	-56.148022
86.132812	-53.267727
91.516113	-49.868752
96.899414	-49.709000
102.282715	-44.710598
107.666016	-52.129913
113.049316	-55.391651
118.432617	-56.426537
123.815918	-61.704956
129.199219	-62.393051
134.582520	-59.950249
139.965820	-61.239433
145.349121	-64.535912
150.732422	-66.338524
156.115723	-69.541077
161.499023	-69.687241
166.882324	-68.672821
172.265625	-68.330299
177.648926	-67.734779
183.032227	-66.082535
188.415527	-64.102531
193.798828	-66.823029
199.182129	-62.973396
204.565430	-61.848248
209.948730	-64.679001
215.332031	-65.064453
220.715332	-64.237633
226.098633	-60.740593
231.481934	-61.350712
236.865234	-66.421501
242.248535	-67.813026
247.631836	-69.718575
253.015137	-70.444618
258.398438	-70.352272
263.781738	-72.496933
269.165039	-74.782051
274.548340	-73.498909
279.931641	-71.627983
285.314941	-71.375977
290.698242	-74.702866
296.081543	-77.106071
301.464844	-76.758774
306.848145	-75.829605
312.231445	-72.627571
317.614746	-71.470505
322.998047	-72.857773
328.381348	-72.797012
333.764648	-74.123985
339.147949	-72.104248
344.531250	-70.689949
349.914551	-72.678055
355.297852	-74.613472
360.681152	-72.083405
366.064453	-71.921005
371.447754	-71.366920
376.831055	-71.195496
382.214355	-72.159477
387.597656	-72.177856
392.980957	-70.859489
398.364258	-69.147820
403.747559	-67.295242
409.130859	-65.944313
414.514160	-68.903694
419.897461	-72.615616
425.280762	-72.758095
430.664062	-71.722191
436.047363	-70.637444
441.430664	-72.329369
446.813965	-72.448914
452.197266	-72.017891
457.580566	-71.160286
462.963867	-71.958160
468.347168	-72.460464
473.730469	-72.750305
479.113770	-74.862007
484.497070	-76.189095
489.880371	-74.978905
495.263672	-73.997375
500.646973	-72.700958
506.030273	-70.714294
511.413574	-70.464233
516.796875	-69.724487
522.180176	-69.337257
527.563477	-72.666847
532.946777	-74.743851
538.330078	-75.603470
543.713379	-74.022087
549.096680	-73.255325
554.479980	-73.445137
559.863281	-73.194351
565.246582	-73.807068
570.629883	-74.269707
576.013184	-73.071472
581.396484	-73.129318
586.779785	-73.251526
592.163086	-71.834534
597.546387	-71.007622
602.929688	-72.231773
608.312988	-71.739624
613.696289	-72.016151
619.079590	-73.322273
624.462891	-77.354980
629.846191	-77.617897
635.229492	-76.624252
640.612793	-77.294319
645.996094	-78.139153
651.379395	-79.779175
656.762695	-79.589584
662.145996	-79.794136
667.529297	-79.374199
672.912598	-77.540833
678.295898	-77.699593
683.679199	-79.972206
689.062500	-81.250473
694.445801	-81.008011
699.829102	-81.748344
705.212402	-81.490646
710.595703	-81.701469
715.979004	-82.734795
721.362305	-84.309822
726.745605	-83.648125
732.128906	-83.093506
737.512207	-82.724037
742.895508	-80.940636
748.278809	-80.932198
753.662109	-82.054817
759.045410	-83.423203
764.428711	-83.139801
769.812012	-82.694557
775.195312	-82.756660
780.578613	-83.818474
785.961914	-83.317993
791.345215	-82.749077
796.728516	-82.234299
802.111816	-81.471901
807.495117	-80.251297
812.878418	-76.756851
818.261719	-80.926353
823.645020	-84.261871
829.028320	-84.073997
834.411621	-83.667564
839.794922	-83.488319
845.178223	-82.615807
850.561523	-82.173935
855.944824	-83.294243
861.328125	-83.861214
866.711426	-83.846794
872.094727	-84.685257
877.478027	-85.016930
882.861328	-85.383606
888.244629	-85.047470
893.627930	-83.993835
899.011230	-82.390610
904.394531	-81.504761
909.777832	-83.112831
915.161133	-84.453651
920.544434	-86.366783
925.927734	-87.038498
931.311035	-86.262474
936.694336	-84.676674
942.077637	-84.517654
947.460938	-84.039696
952.844238	-85.774925
958.227539	-86.197922
963.610840	-84.787811
968.994141	-84.314873
974.377441	-83.296852
979.760742	-82.197998
985.144043	-82.703987
990.527344	-84.078789
995.910645	-80.839859
1001.293945	-78.886124
1006.677246	-86.335670
1012.060547	-85.288696
1017.443848	-81.719917
1022.827148	-86.404854
1028.210449	-87.820793
1033.593750	-87.102364
1038.977051	-87.013016
1044.360352	-86.415947
1049.743652	-84.741150
1055.126953	-84.307518
1060.510254	-83.473129
1065.893555	-80.982666
1071.276855	-79.351761
1076.660156	-78.533325
1082.043457	-79.744125
1087.426758	-81.772224
1092.810059	-82.254944
1098.193359	-82.018417
1103.576660	-82.768951
1108.959961	-85.070457
1114.343262	-87.121140
1119.726562	-87.910873
1125.109863	-87.293053
1130.493164	-87.759094
1135.876465	-88.155418
1141.259766	-88.587959
1146.643066	-88.362045
1152.026367	-88.292564
1157.409668	-88.307915
1162.792969	-87.406548
1168.176270	-88.196976
1173.559570	-85.672012
1178.942871	-86.621048
1184.326172	-85.191330
1189.709473	-83.746841
1195.092773	-85.484604
1200.476074	-87.626411
1205.859375	-88.886726
1211.242676	-88.094292
1216.625977	-84.274818
1222.009277	-83.567635
1227.392578	-89.026794
1232.775879	-88.225365
1238.159180	-86.141220
1243.542480	-88.179108
1248.925781	-86.661194
1254.309082	-87.431076
1259.692383	-87.896919
1265.075684	-87.530876
1270.458984	-85.996338
1275.842285	-85.015785
1281.225586	-85.166382
1286.608887	-86.120956
1291.992188	-86.963730
1297.375488	-86.931435
1302.758789	-86.258995
1308.142090	-85.867859
1313.525391	-85.357666
1318.908691	-85.670799
1324.291992	-84.790062
1329.675293	-85.683762
1335.058594	-85.838402
1340.441895	-86.156784
1345.825195	-85.936508
1351.208496	-85.779366
1356.591797	-87.804733
1361.975098	-88.211929
1367.358398	-89.395821
1372.741699	-89.437370
1378.125000	-90.046486
1383.508301	-89.569359
1388.891602	-88.394287
1394.274902	-89.157570
1399.658203	-88.688919
1405.041504	-89.034370
1410.424805	-87.854424
1415.808105	-87.198898
1421.191406	-85.818840
1426.574707	-85.175278
1431.958008	-85.846451
1437.341309	-85.124619
1442.724609	-87.432632
1448.107910	-88.075127
1453.491211	-88.327339
1458.874512	-88.448334
1464.257812	-87.894928
1469.641113	-88.603043
1475.024414	-88.950272
1480.407715	-89.652245
1485.791016	-89.655441
1491.174316	-90.290993
1496.557617	-90.211601
1501.940918	-89.405937
1507.324219	-90.947556
1512.707520	-90.763840
1518.090820	-89.703049
1523.474121	-89.436424
1528.857422	-89.068764
1534.240723	-89.046509
1539.624023	-88.316948
1545.007324	-88.420143
1550.390625	-87.676468
1555.773926	-88.682274
1561.157227	-88.211395
1566.540527	-87.332741
1571.923828	-86.639076
1577.307129	-85.702759
1582.690430	-85.559570
1588.073730	-86.260757
1593.457031	-87.344620
1598.840332	-88.686226
1604.223633	-90.311813
1609.606934	-90.516365
1614.990234	-90.296066
1620.373535	-89.777985
1625.756836	-84.355469
1631.140137	-86.216713
1636.523438	-86.864639
1641.906738	-86.130203
1647.290039	-86.608269
1652.673340	-86.929146
1658.056641	-86.863998
1663.439941	-85.829628
1668.823242	-85.931877
1674.206543	-86.100342
1679.589844	-87.601715
1684.973145	-88.428940
1690.356445	-88.454002
1695.739746	-89.614983
1701.123047	-90.128159
1706.506348	-89.998055
1711.889648	-90.020630
1717.272949	-90.475098
1722.656250	-90.719048
1728.039551	-91.199364
1733.422852	-90.967773
1738.806152	-90.237213
1744.189453	-89.612762
1749.572754	-88.853203
1754.956055	-89.160439
1760.339355	-89.445663
1765.722656	-89.876793
1771.105957	-90.774666
1776.489258	-90.742485
1781.872559	-89.789024
1787.255859	-90.307281
1792.639160	-90.376328
1798.022461	-90.181847
1803.405762	-90.706055
1808.789062	-90.935005
1814.172363	-90.459213
1819.555664	-90.579865
1824.938965	-89.954094
1830.322266	-89.339890
1835.705566	-89.366028
1841.088867	-90.018013
1846.472168	-89.917877
1851.855469	-89.550819
1857.238770	-90.008301
1862.622070	-89.718224
1868.005371	-89.099762
1873.388672	-89.005699
1878.771973	-89.429176
1884.155273	-89.458748
1889.538574	-89.538651
1894.921875	-89.052361
1900.305176	-89.001068
1905.688477	-89.236969
1911.071777	-89.403336
1916.455078	-90.222595
1921.838379	-90.510361
1927.221680	-90.732094
1932.604980	-89.889008
1937.988281	-88.706253
1943.371582	-88.624825
1948.754883	-88.750778
1954.138184	-88.808929
1959.521484	-89.321350
1964.904785	-89.086998
1970.288086	-89.231728
1975.671387	-89.190475
1981.054688	-89.571312
1986.437988	-90.641411
1991.821289	-91.444931
1997.204590	-89.606216
2002.587891	-87.839790
2007.971191	-87.249329
2013.354492	-86.968208
2018.737793	-87.301369
2024.121094	-87.389420
2029.504395	-82.778580
2034.887695	-81.305984
2040.270996	-87.159203
2045.654297	-88.464973
2051.037598	-87.853851
2056.420898	-87.844025
2061.804199	-87.906059
2067.187500	-88.150284
2072.570801	-88.553482
2077.954102	-88.854073
2083.337402	-89.102097
2088.720703	-89.135361
2094.104004	-88.755669
2099.487305	-87.796799
2104.870605	-87.291275
2110.253906	-87.733047
2115.637207	-87.834709
2121.020508	-87.975563
2126.403809	-88.347069
2131.787109	-88.471634
2137.170410	-88.548126
2142.553711	-88.185822
2147.937012	-88.243858
2153.320312	-88.717361
2158.703613	-89.883629
2164.086914	-90.455856
2169.470215	-90.322655
2174.853516	-90.917259
2180.236816	-90.836998
2185.620117	-91.555000
2191.003418	-91.864235
2196.386719	-92.890800
2201.770020	-92.855919
2207.153320	-92.182846
2212.536621	-91.167068
2217.919922	-90.677345
2223.303223	-89.962921
2228.686523	-89.862183
2234.069824	-90.167435
2239.453125	-90.140518
2244.836426	-90.590164
2250.219727	-91.299759
2255.603027	-91.515518
2260.986328	-91.840088
2266.369629	-92.022789
2271.752930	-92.796425
2277.136230	-92.930382
2282.519531	-92.899940
2287.902832	-93.292549
2293.286133	-92.837074
2298.669434	-92.257950
2304.052734	-92.194695
2309.436035	-93.685234
2314.819336	-94.125420
2320.202637	-93.167213
2325.585938	-93.986603
2330.969238	-94.341385
2336.352539	-94.874420
2341.735840	-94.890457
2347.119141	-93.216362
2352.502441	-92.780701
2357.885742	-91.313988
2363.269043	-90.203766
2368.652344	-90.283524
2374.035645	-90.612183
2379.418945	-90.967888
2384.802246	-91.402893
2390.185547	-91.798004
2395.568848	-91.174004
2400.952148	-90.775200
2406.335449	-91.895760
2411.718750	-93.579399
2417.102051	-94.459709
2422.485352	-94.141563
2427.868652	-94.644547
2433.251953	-92.676926
2438.635254	-85.832916
2444.018555	-89.228027
2449.401855	-93.893890
2454.785156	-93.847900
2460.168457	-92.887054
2465.551758	-91.764763
2470.935059	-91.453026
2476.318359	-91.823288
2481.701660	-91.701714
2487.084961	-92.151466
2492.468262	-92.072357
2497.851562	-91.404480
2503.234863	-91.095886
2508.618164	-91.371681
2514.001465	-91.426933
2519.384766	-92.774078
2524.768066	-93.874245
2530.151367	-94.342575
2535.534668	-94.234856
2540.917969	-94.319054
2546.301270	-94.576225
2551.684570	-94.328041
2557.067871	-94.172386
2562.451172	-92.877563
2567.834473	-92.394089
2573.217773	-92.338402
2578.601074	-93.093964
2583.984375	-93.864906
2589.367676	-94.046692
2594.750977	-93.967621
2600.134277	-93.864998
2605.517578	-94.038582
2610.900879	-94.350571
2616.284180	-95.032440
2621.667480	-94.920601
2627.050781	-94.110764
2632.434082	-94.487083
2637.817383	-94.393440
2643.200684	-93.039490
2648.583984	-94.781281
2653.967285	-96.065636
2659.350586	-95.566742
2664.733887	-94.660416
2670.117188	-94.862968
2675.500488	-94.582626
2680.883789	-94.797508
2686.267090	-95.062576
2691.650391	-95.564873
2697.033691	-95.573509
2702.416992	-95.065109
2707.800293	-94.948112
2713.183594	-93.926018
2718.566895	-93.835045
2723.950195	-93.951645
2729.333496	-94.522057
2734.716797	-94.284859
2740.100098	-94.080505
2745.483398	-93.238556
2750.866699	-93.239677
2756.250000	-93.647591
2761.633301	-95.241829
2767.016602	-95.565002
2772.399902	-95.401115
2777.783203	-95.109344
2783.166504	-94.756432
2788.549805	-94.671394
2793.933105	-94.217354
2799.316406	-94.627136
2804.699707	-95.909622
2810.083008	-95.930458
2815.466309	-94.799889
2820.849609	-94.325340
2826.232910	-94.229172
2831.616211	-94.996185
2836.999512	-95.689552
2842.382812	-94.532684
2847.766113	-93.736252
2853.149414	-94.498245
2858.532715	-93.195343
2863.916016	-93.554474
2869.299316	-94.685661
2874.682617	-95.487587
2880.065918	-95.605530
2885.449219	-95.595985
2890.832520	-94.901573
2896.215820	-94.088036
2901.599121	-93.533195
2906.982422	-94.088287
2912.365723	-95.005508
2917.749023	-94.950249
2923.132324	-95.467514
2928.515625	-95.383972
2933.898926	-94.620850
2939.282227	-94.539772
2944.665527	-95.290131
2950.048828	-95.519051
2955.432129	-95.573158
2960.815430	-95.361176
2966.198730	-94.808769
2971.582031	-95.318588
2976.965332	-95.178581
2982.348633	-96.103333
2987.731934	-95.172386
2993.115234	-95.223251
2998.498535	-95.587891
3003.881836	-95.674477
3009.265137	-95.508781
3014.648438	-95.891922
3020.031738	-96.401283
3025.415039	-96.560753
3030.798340	-97.079483
3036.181641	-96.756889
3041.564941	-95.779861
3046.948242	-95.283936
3052.331543	-95.378456
3057.714844	-95.762329
3063.098145	-95.517227
3068.481445	-96.579399
3073.864746	-97.622200
3079.248047	-96.825790
3084.631348	-97.026825
3090.014648	-96.381882
3095.397949	-96.211540
3100.781250	-95.686821
3106.164551	-96.420898
3111.547852	-96.832466
3116.931152	-96.352516
3122.314453	-96.553589
3127.697754	-97.094841
3133.081055	-95.762627
3138.464355	-94.816910
3143.847656	-95.690315
3149.230957	-96.617317
3154.614258	-96.349068
3159.997559	-96.283920
3165.380859	-96.042221
3170.764160	-95.099831
3176.147461	-95.551437
3181.530762	-96.922066
3186.914062	-96.656677
3192.297363	-96.774910
3197.680664	-96.326408
3203.063965	-96.463089
3208.447266	-95.828865
3213.830566	-95.887512
3219.213867	-96.821175
3224.597168	-97.200546
3229.980469	-97.616905
3235.363770	-96.770042
3240.747070	-95.662086
3246.130371	-94.867584
3251.513672	-95.314781
3256.896973	-96.407616
3262.280273	-96.223251
3267.663574	-96.464073
3273.046875	-95.572655
3278.430176	-94.799240
3283.813477	-94.648262
3289.196777	-94.555496
3294.580078	-94.472572
3299.963379	-94.498367
3305.346680	-94.657356
3310.729980	-94.323463
3316.113281	-93.587593
3321.496582	-93.590874
3326.879883	-94.801018
3332.263184	-95.475487
3337.646484	-94.974228
3343.029785	-94.812889
3348.413086	-94.499115
3353.796387	-93.985306
3359.179688	-94.255142
3364.562988	-94.703079
3369.946289	-94.968689
3375.329590	-94.892120
3380.712891	-94.291252
3386.096191	-94.162483
3391.479492	-94.174606
3396.862793	-94.694305
3402.246094	-95.589775
3407.629395	-95.154129
3413.012695	-94.798180
3418.395996	-95.601646
3423.779297	-95.446526
3429.162598	-94.655922
3434.545898	-95.131943
3439.929199	-95.849762
3445.312500	-95.413887
3450.695801	-95.373230
3456.079102	-95.242928
3461.462402	-95.788239
3466.845703	-96.342979
3472.229004	-96.727943
3477.612305	-96.595940
3482.995605	-96.746506
3488.378906	-96.810326
3493.762207	-96.195122
3499.145508	-95.882294
3504.528809	-96.355064
3509.912109	-96.558640
3515.295410	-96.080780
3520.678711	-96.496368
3526.062012	-97.309959
3531.445312	-96.843819
3536.828613	-97.000053
3542.211914	-96.539680
3547.595215	-96.973351
3552.978516	-96.221046
3558.361816	-96.465897
3563.745117	-96.699196
3569.128418	-96.482811
3574.511719	-96.245384
3579.895020	-95.792999
3585.278320	-96.078484
3590.661621	-96.557098
3596.044922	-96.746101
3601.428223	-96.951614
3606.811523	-96.964989
3612.194824	-97.515282
3617.578125	-97.343742
3622.961426	-96.799713
3628.344727	-96.964943
3633.728027	-97.460068
3639.111328	-97.918968
3644.494629	-97.556808
3649.877930	-96.827988
3655.261230	-96.466629
3660.644531	-96.186996
3666.027832	-96.385872
3671.411133	-97.735596
3676.794434	-98.239380
3682.177734	-98.287987
3687.561035	-98.089546
3692.944336	-97.054329
3698.327637	-96.053375
3703.710938	-96.292282
3709.094238	-97.784355
3714.477539	-98.275154
3719.860840	-97.877274
3725.244141	-97.265793
3730.627441	-95.893906
3736.010742	-95.824066
3741.394043	-96.070160
3746.777344	-95.876572
3752.160645	-96.884697
3757.543945	-97.406281
3762.927246	-96.609573
3768.310547	-95.261780
3773.693848	-94.902695
3779.077148	-96.497124
3784.460449	-97.010109
3789.843750	-97.205986
3795.227051	-97.595322
3800.610352	-96.529686
3805.993652	-95.550690
3811.376953	-96.377510
3816.760254	-97.410469
3822.143555	-98.100739
3827.526855	-98.206192
3832.910156	-97.713936
3838.293457	-96.789131
3843.676758	-96.271843
3849.060059	-96.594566
3854.443359	-97.499336
3859.826660	-98.010170
3865.209961	-98.607903
3870.593262	-96.871613
3875.976562	-96.266724
3881.359863	-96.119514
3886.743164	-97.276817
3892.126465	-97.815269
3897.509766	-97.904427
3902.893066	-97.859970
3908.276367	-97.361862
3913.659668	-96.230415
3919.042969	-96.912582
3924.426270	-98.128822
3929.809570	-97.607887
3935.192871	-98.494247
3940.576172	-98.416122
3945.959473	-97.701523
3951.342773	-96.577621
3956.726074	-97.533913
3962.109375	-98.371399
3967.492676	-98.456223
3972.875977	-98.732536
3978.259277	-98.749199
3983.642578	-98.285759
3989.025879	-98.049324
3994.409180	-98.580933
3999.792480	-99.435799
4005.175781	-98.700394
4010.559082	-98.193207
4015.942383	-97.801491
4021.325684	-98.441025
4026.708984	-98.649445
4032.092285	-98.256645
4037.475586	-99.074867
4042.858887	-98.262695
4048.242188	-98.383881
4053.625488	-99.290634
4059.008789	-98.782425
4064.392090	-98.627235
4069.775391	-98.794106
4075.158691	-98.273056
4080.541992	-97.958694
4085.925293	-99.200989
4091.308594	-98.670143
4096.691895	-98.774826
4102.075195	-99.146568
4107.458496	-99.506149
4112.841797	-98.104973
4118.225098	-98.278648
4123.608398	-99.694824
4128.991699	-99.662674
4134.375000	-99.233932
4139.758301	-98.445045
4145.141602	-97.125275
4150.524902	-97.982651
4155.908203	-99.171722
4161.291504	-99.123390
4166.674805	-99.039177
4172.058105	-98.950012
4177.441406	-98.783951
4182.824707	-97.942123
4188.208008	-98.198334
4193.591309	-98.472458
4198.974609	-98.683693
4204.357910	-98.697632
4209.741211	-97.844879
4215.124512	-97.254478
4220.507812	-97.582703
4225.891113	-97.477028
4231.274414	-97.831627
4236.657715	-98.519173
4242.041016	-98.584984
4247.424316	-98.053566
4252.807617	-96.727524
4258.190918	-96.680740
4263.574219	-97.859642
4268.957520	-97.360703
4274.340820	-98.602631
4279.724121	-98.377502
4285.107422	-97.540253
4290.490723	-96.482346
4295.874023	-96.492424
4301.257324	-97.649826
4306.640625	-98.276894
4312.023926	-97.959717
4317.407227	-97.383537
4322.790527	-96.963982
4328.173828	-96.692657
4333.557129	-96.962242
4338.940430	-97.408592
4344.323730	-98.170013
4349.707031	-97.304146
4355.090332	-96.768974
4360.473633	-96.336868
4365.856934	-96.102768
4371.240234	-96.673409
4376.623535	-97.631493
4382.006836	-98.063545
4387.390137	-97.941246
4392.773438	-96.878998
4398.156738	-96.876099
4403.540039	-96.802193
4408.923340	-97.461372
4414.306641	-98.343307
4419.689941	-97.960304
4425.073242	-97.240135
4430.456543	-96.690750
4435.839844	-96.054588
4441.223145	-96.914513
4446.606445	-97.914436
4451.989746	-97.884995
4457.373047	-98.099709
4462.756348	-97.056717
4468.139648	-96.717293
4473.522949	-96.379242
4478.906250	-97.081146
4484.289551	-97.731995
4489.672852	-97.806786
4495.056152	-98.271790
4500.439453	-97.988792
4505.822754	-97.565178
4511.206055	-97.177200
4516.589355	-97.354088
4521.972656	-98.151192
4527.355957	-98.071655
4532.739258	-97.738098
4538.122559	-97.547104
4543.505859	-97.688156
4548.889160	-97.429787
4554.272461	-98.923409
4559.655762	-99.346817
4565.039062	-98.898613
4570.422363	-98.382751
4575.805664	-98.041428
4581.188965	-97.955399
4586.572266	-97.353584
4591.955566	-97.610374
4597.338867	-98.038681
4602.722168	-97.965675
4608.105469	-98.171501
4613.488770	-97.499344
4618.872070	-97.775864
4624.255371	-98.434647
4629.638672	-98.970573
4635.021973	-98.335587
4640.405273	-98.208191
4645.788574	-97.589836
4651.171875	-97.266983
4656.555176	-96.528862
4661.938477	-97.436951
4667.321777	-96.967354
4672.705078	-95.884575
4678.088379	-95.786369
4683.471680	-97.398758
4688.854980	-97.622284
4694.238281	-97.613968
4699.621582	-98.590942
4705.004883	-97.763641
4710.388184	-98.311409
4715.771484	-98.535049
4721.154785	-98.388763
4726.538086	-98.190323
4731.921387	-98.619316
4737.304688	-98.458618
4742.687988	-97.073708
4748.071289	-97.751144
4753.454590	-97.694252
4758.837891	-98.027336
4764.221191	-98.213470
4769.604492	-98.217072
4774.987793	-98.298584
4780.371094	-98.159302
4785.754395	-97.905632
4791.137695	-98.304192
4796.520996	-98.403175
4801.904297	-98.358429
4807.287598	-98.446175
4812.670898	-97.710297
4818.054199	-97.430183
4823.437500	-97.684685
4828.820801	-98.749069
4834.204102	-99.405495
4839.587402	-99.550972
4844.970703	-98.319199
4850.354004	-97.841133
4855.737305	-97.661415
4861.120605	-98.729683
4866.503906	-98.445473
4871.887207	-98.352631
4877.270508	-96.986923
4882.653809	-97.039253
4888.037109	-97.507278
4893.420410	-97.546143
4898.803711	-98.307213
4904.187012	-98.413269
4909.570312	-98.662605
4914.953613	-99.064522
4920.336914	-98.837769
4925.720215	-97.918892
4931.103516	-97.272026
4936.486816	-97.972839
4941.870117	-98.505257
4947.253418	-99.064346
4952.636719	-99.005127
4958.020020	-98.295692
4963.403320	-97.992325
4968.786621	-97.894402
4974.169922	-97.663536
4979.553223	-98.715050
4984.936523	-99.051300
4990.319824	-98.732460
4995.703125	-98.230179
5001.086426	-97.645187
5006.469727	-97.585526
5011.853027	-98.469917
5017.236328	-98.941154
5022.619629	-99.254219
5028.002930	-99.321251
5033.386230	-98.209244
5038.769531	-97.697327
5044.152832	-98.335579
5049.536133	-98.860229
5054.919434	-98.483475
5060.302734	-98.012383
5065.686035	-97.421303
5071.069336	-97.506241
5076.452637	-95.994873
5081.835938	-91.512604
5087.219238	-95.235031
5092.602539	-98.918167
5097.985840	-97.981285
5103.369141	-97.911011
5108.752441	-97.890450
5114.135742	-98.042458
5119.519043	-98.349098
5124.902344	-99.198410
5130.285645	-99.335648
5135.668945	-98.251656
5141.052246	-98.187012
5146.435547	-98.050308
5151.818848	-97.844597
5157.202148	-97.836670
5162.585449	-98.535217
5167.968750	-98.498985
5173.352051	-98.609192
5178.735352	-97.264793
5184.118652	-97.562012
5189.501953	-98.163849
5194.885254	-98.495667
5200.268555	-98.675751
5205.651855	-99.181877
5211.035156	-98.198112
5216.418457	-97.861671
5221.801758	-97.706718
5227.185059	-98.178329
5232.568359	-99.113235
5237.951660	-99.262222
5243.334961	-98.514862
5248.718262	-98.328880
5254.101562	-97.883766
5259.484863	-98.435814
5264.868164	-99.066772
5270.251465	-99.078735
5275.634766	-99.473953
5281.018066	-98.751984
5286.401367	-97.419823
5291.784668	-98.024529
5297.167969	-98.551628
5302.551270	-98.621109
5307.934570	-98.905624
5313.317871	-98.688560
5318.701172	-99.060028
5324.084473	-99.314972
5329.467773	-98.756729
5334.851074	-98.657829
5340.234375	-99.226608
5345.617676	-98.400932
5351.000977	-98.979469
5356.384277	-99.206993
5361.767578	-98.912613
5367.150879	-98.749153
5372.534180	-99.041031
5377.917480	-99.179855
5383.300781	-98.870430
5388.684082	-98.743385
5394.067383	-98.616135
5399.450684	-98.230675
5404.833984	-98.188019
5410.217285	-98.972954
5415.600586	-99.221313
5420.983887	-99.022125
5426.367188	-99.022552
5431.750488	-99.092941
5437.133789	-98.520958
5442.517090	-99.275467
5447.900391	-99.707085
5453.283691	-99.411530
5458.666992	-99.410400
5464.050293	-98.784592
5469.433594	-99.285065
5474.816895	-99.162582
5480.200195	-99.732224
5485.583496	-95.580612
5490.966797	-93.874840
5496.350098	-98.757408
5501.733398	-98.869858
5507.116699	-98.569656
5512.500000	-98.212608
5517.883301	-98.375381
5523.266602	-98.447586
5528.649902	-98.315575
5534.033203	-99.200623
5539.416504	-99.882515
5544.799805	-98.875786
5550.183105	-98.793785
5555.566406	-98.472015
5560.949707	-98.802917
5566.333008	-98.652908
5571.716309	-98.018570
5577.099609	-99.023048
5582.482910	-99.044296
5587.866211	-98.015083
5593.249512	-98.264618
5598.632812	-98.521095
5604.016113	-98.549347
5609.399414	-98.671623
5614.782715	-99.111656
5620.166016	-98.369644
5625.549316	-98.633270
5630.932617	-98.973045
5636.315918	-98.322433
5641.699219	-99.237106
5647.082520	-99.251900
5652.465820	-99.146362
5657.849121	-98.954247
5663.232422	-98.633904
5668.615723	-97.910583
5673.999023	-98.601700
5679.382324	-99.303192
5684.765625	-99.357979
5690.148926	-94.202972
5695.532227	-94.419907
5700.915527	-98.807755
5706.298828	-98.610619
5711.682129	-98.846382
5717.065430	-98.949547
5722.448730	-99.625969
5727.832031	-99.752312
5733.215332	-98.913788
5738.598633	-98.342484
5743.981934	-98.339989
5749.365234	-98.432701
5754.748535	-98.665779
5760.131836	-99.193199
5765.515137	-98.991241
5770.898438	-99.053314
5776.281738	-99.112679
5781.665039	-98.893715
5787.048340	-99.295616
5792.431641	-99.417015
5797.814941	-99.596024
5803.198242	-99.256889
5808.581543	-99.387474
5813.964844	-98.740021
5819.348145	-98.620644
5824.731445	-99.005905
5830.114746	-98.918678
5835.498047	-99.143326
5840.881348	-98.820969
5846.264648	-99.343338
5851.647949	-99.901726
5857.031250	-99.205360
5862.414551	-100.544655
5867.797852	-100.443443
5873.181152	-100.033783
5878.564453	-99.359650
5883.947754	-99.142799
5889.331055	-99.236504
5894.714355	-98.135445
5900.097656	-99.175011
5905.480957	-100.194176
5910.864258	-99.534531
5916.247559	-99.499123
5921.630859	-98.898888
5927.014160	-99.103706
5932.397461	-99.499870
5937.780762	-99.350136
5943.164062	-99.674240
5948.547363	-100.257385
5953.930664	-99.797852
5959.313965	-99.489174
5964.697266	-99.448425
5970.080566	-99.334686
5975.463867	-99.225731
5980.847168	-99.858971
5986.230469	-99.557808
5991.613770	-99.370422
5996.997070	-99.694199
6002.380371	-99.727379
6007.763672	-99.588264
6013.146973	-99.361946
6018.530273	-99.440826
6023.913574	-100.023247
6029.296875	-100.077026
6034.680176	-99.077454
6040.063477	-99.308197
6045.446777	-100.027527
6050.830078	-100.062111
6056.213379	-99.436333
6061.596680	-99.438118
6066.979980	-99.565712
6072.363281	-99.395882
6077.746582	-99.076492
6083.129883	-98.631340
6088.513184	-98.487511
6093.896484	-98.775406
6099.279785	-98.171616
6104.663086	-98.731018
6110.046387	-99.366364
6115.429688	-100.128525
6120.812988	-99.535591
6126.196289	-99.085548
6131.579590	-99.498260
6136.962891	-99.777176
6142.346191	-99.620468
6147.729492	-99.510796
6153.112793	-99.234802
6158.496094	-99.216515
6163.879395	-99.375252
6169.262695	-99.181549
6174.645996	-99.162018
6180.029297	-99.145027
6185.412598	-98.992584
6190.795898	-98.631653
6196.179199	-99.439720
6201.562500	-99.757248
6206.945801	-99.547318
6212.329102	-99.799713
6217.712402	-99.705795
6223.095703	-99.129639
6228.479004	-98.766388
6233.862305	-99.272057
6239.245605	-99.749901
6244.628906	-99.640610
6250.012207	-99.575653
6255.395508	-99.502708
6260.778809	-99.111404
6266.162109	-99.137939
6271.545410	-99.328148
6276.928711	-99.714096
6282.312012	-99.068443
6287.695312	-99.072975
6293.078613	-99.526344
6298.461914	-99.052956
6303.845215	-99.104706
6309.228516	-99.162796
6314.611816	-99.735123
6319.995117	-99.678406
6325.378418	-99.258812
6330.761719	-99.203766
6336.145020	-98.517441
6341.528320	-98.707474
6346.911621	-99.219261
6352.294922	-99.369385
6357.678223	-99.984055
6363.061523	-99.819641
6368.444824	-99.724442
6373.828125	-99.845856
6379.211426	-99.682648
6384.594727	-99.767647
6389.978027	-99.951477
6395.361328	-99.828262
6400.744629	-100.315536
6406.127930	-99.214104
6411.511230	-98.828789
6416.894531	-98.926392
6422.277832	-99.634491
6427.661133	-99.443275
6433.044434	-98.437302
6438.427734	-98.483475
6443.811035	-99.103172
6449.194336	-99.825928
6454.577637	-100.233177
6459.960938	-99.714874
6465.344238	-99.459175
6470.727539	-99.407394
6476.110840	-98.834084
6481.494141	-98.910698
6486.877441	-98.985123
6492.260742	-98.972534
6497.644043	-99.320488
6503.027344	-99.699829
6508.410645	-99.772400
6513.793945	-99.424553
6519.177246	-99.328430
6524.560547	-99.794609
6529.943848	-100.161148
6535.327148	-100.374344
6540.710449	-99.874130
6546.093750	-99.771103
6551.477051	-99.471893
6556.860352	-99.560135
6562.243652	-99.969162
6567.626953	-99.982811
6573.010254	-99.467522
6578.393555	-99.861336
6583.776855	-99.829849
6589.160156	-99.848579
6594.543457	-99.999763
6599.926758	-99.375221
6605.310059	-99.426010
6610.693359	-99.401543
6616.076660	-99.397934
6621.459961	-99.963409
6626.843262	-100.022964
6632.226562	-99.787148
6637.609863	-99.396240
6642.993164	-99.030251
6648.376465	-99.189285
6653.759766	-99.423813
6659.143066	-99.656136
6664.526367	-99.282074
6669.909668	-98.847160
6675.292969	-99.415161
6680.676270	-99.576385
6686.059570	-99.264847
6691.442871	-99.641571
6696.826172	-100.153519
6702.209473	-99.729233
6707.592773	-98.418488
6712.976074	-98.822212
6718.359375	-99.379387
6723.742676	-99.574615
6729.125977	-99.265251
6734.509277	-99.785355
6739.892578	-99.117226
6745.275879	-99.543434
6750.659180	-99.622536
6756.042480	-99.322968
6761.425781	-99.672966
6766.809082	-99.311302
6772.192383	-99.811928
6777.575684	-99.158989
6782.958984	-98.990257
6788.342285	-98.824295
6793.725586	-98.737030
6799.108887	-99.323265
6804.492188	-99.323456
6809.875488	-99.209335
6815.258789	-99.402420
6820.642090	-98.827232
6826.025391	-98.388329
6831.408691	-99.640350
6836.791992	-99.404434
6842.175293	-99.276726
6847.558594	-99.231346
6852.941895	-99.248291
6858.325195	-99.260391
6863.708496	-98.705360
6869.091797	-99.373627
6874.475098	-99.474953
6879.858398	-98.345947
6885.241699	-98.573097
6890.625000	-98.693565
6896.008301	-98.888710
6901.391602	-99.254128
6906.774902	-99.150696
6912.158203	-98.229691
6917.541504	-99.527039
6922.924805	-99.729881
6928.308105	-99.205849
6933.691406	-99.369476
6939.074707	-99.213608
6944.458008	-99.628548
6949.841309	-99.113396
6955.224609	-98.364655
6960.607910	-98.451508
6965.991211	-99.078438
6971.374512	-99.640594
6976.757812	-99.703651
6982.141113	-99.653328
6987.524414	-99.313324
6992.907715	-99.310997
6998.291016	-99.490166
7003.674316	-99.485779
7009.057617	-99.096863
7014.440918	-99.304688
7019.824219	-99.652161
7025.207520	-99.289505
7030.590820	-99.543877
7035.974121	-99.652565
7041.357422	-99.119995
7046.740723	-98.895699
7052.124023	-99.846115
7057.507324	-100.104912
7062.890625	-99.057503
7068.273926	-99.246284
7073.657227	-99.548706
7079.040527	-98.972588
7084.423828	-98.993996
7089.807129	-99.907219
7095.190430	-99.545250
7100.573730	-99.018570
7105.957031	-99.002083
7111.340332	-99.000816
7116.723633	-98.998177
7122.106934	-98.795189
7127.490234	-98.856140
7132.873535	-98.970680
7138.256836	-99.211487
7143.640137	-99.407867
7149.023438	-98.852867
7154.406738	-98.523621
7159.790039	-98.528542
7165.173340	-98.763107
7170.556641	-99.629143
7175.939941	-99.666054
7181.323242	-99.166054
7186.706543	-98.818375
7192.089844	-99.616837
7197.473145	-99.102165
7202.856445	-98.868736
7208.239746	-98.999779
7213.623047	-98.605927
7219.006348	-99.081711
7224.389648	-98.508492
7229.772949	-98.778778
7235.156250	-99.519714
7240.539551	-99.074142
7245.922852	-98.515457
7251.306152	-98.793037
7256.689453	-97.986183
7262.072754	-98.207298
7267.456055	-98.907326
7272.839355	-98.571350
7278.222656	-98.531578
7283.605957	-99.331642
7288.989258	-98.923904
7294.372559	-98.706512
7299.755859	-98.156013
7305.139160	-98.369904
7310.522461	-99.095749
7315.905762	-99.806908
7321.289062	-99.053886
7326.672363	-98.988258
7332.055664	-99.323723
7337.438965	-99.179810
7342.822266	-98.743286
7348.205566	-98.773598
7353.588867	-97.788322
7358.972168	-97.804489
7364.355469	-98.296593
7369.738770	-98.239708
7375.122070	-98.863541
7380.505371	-98.600540
7385.888672	-98.410179
7391.271973	-98.567833
7396.655273	-98.901550
7402.038574	-98.996010
7407.421875	-99.070694
7412.805176	-98.858475
7418.188477	-99.077332
7423.571777	-98.586327
7428.955078	-98.551567
7434.338379	-98.563576
7439.721680	-98.299553
7445.104980	-98.248672
7450.488281	-99.513000
7455.871582	-99.204292
7461.254883	-98.626663
7466.638184	-98.336853
7472.021484	-98.870819
7477.404785	-98.700432
7482.788086	-99.949074
7488.171387	-99.403793
7493.554688	-98.987305
7498.937988	-99.509850
7504.321289	-98.337219
7509.704590	-98.095650
7515.087891	-98.646057
7520.471191	-98.627266
7525.854492	-99.164589
7531.237793	-98.267197
7536.621094	-97.962486
7542.004395	-98.304787
7547.387695	-98.001350
7552.770996	-98.288666
7558.154297	-98.278419
7563.537598	-98.270332
7568.920898	-98.177773
7574.304199	-98.793526
7579.687500	-99.263367
7585.070801	-98.800194
7590.454102	-98.772118
7595.837402	-99.098076
7601.220703	-99.115776
7606.604004	-98.463188
7611.987305	-98.261772
7617.370605	-97.867569
7622.753906	-97.974243
7628.137207	-98.954857
7633.520508	-99.096695
7638.903809	-98.744339
7644.287109	-98.594856
7649.670410	-98.748367
7655.053711	-98.829300
7660.437012	-98.583260
7665.820312	-98.301399
7671.203613	-98.792419
7676.586914	-99.276764
7681.970215	-98.729317
7687.353516	-98.316193
7692.736816	-98.825470
7698.120117	-98.755226
7703.503418	-98.729713
7708.886719	-98.734749
7714.270020	-98.908287
7719.653320	-98.633629
7725.036621	-98.650986
7730.419922	-99.188148
7735.803223	-98.995720
7741.186523	-98.820389
7746.569824	-99.327454
7751.953125	-99.771469
7757.336426	-99.644913
7762.719727	-99.049500
7768.103027	-98.996384
7773.486328	-99.019089
7778.869629	-98.662552
7784.252930	-98.852493
7789.636230	-99.360588
7795.019531	-98.869751
7800.402832	-98.939621
7805.786133	-99.169121
7811.169434	-99.154861
7816.552734	-98.689331
7821.936035	-99.134972
7827.319336	-98.697159
7832.702637	-98.855843
7838.085938	-99.127228
7843.469238	-98.946388
7848.852539	-99.069397
7854.235840	-98.607231
7859.619141	-98.459808
7865.002441	-99.108017
7870.385742	-99.402000
7875.769043	-99.025497
7881.152344	-98.501625
7886.535645	-98.901039
7891.918945	-99.488052
7897.302246	-99.930733
7902.685547	-100.069260
7908.068848	-99.762741
7913.452148	-99.726326
7918.835449	-99.240456
7924.218750	-98.940514
7929.602051	-98.829269
7934.985352	-99.098175
7940.368652	-99.054756
7945.751953	-98.718529
7951.135254	-99.125664
7956.518555	-98.904243
7961.901855	-99.648674
7967.285156	-99.259949
7972.668457	-98.862350
7978.051758	-99.186470
7983.435059	-98.889038
7988.818359	-99.759224
7994.201660	-99.226410
7999.584961	-99.155182
8004.968262	-99.868034
8010.351562	-98.934799
8015.734863	-99.489944
8021.118164	-99.389114
8026.501465	-98.997780
8031.884766	-99.173836
8037.268066	-99.468201
8042.651367	-99.703423
8048.034668	-98.884521
8053.417969	-99.310837
8058.801270	-99.599663
8064.184570	-99.260773
8069.567871	-99.123978
8074.951172	-99.122704
8080.334473	-99.279510
8085.717773	-99.167992
8091.101074	-98.821739
8096.484375	-98.757004
8101.867676	-99.067894
8107.250977	-99.226189
8112.634277	-99.628822
8118.017578	-99.757629
8123.400879	-99.132889
8128.784180	-98.835632
8134.167480	-98.788536
8139.550781	-98.932808
8144.934082	-98.719414
8150.317383	-98.609428
8155.700684	-98.971237
8161.083984	-98.777756
8166.467285	-99.070076
8171.850586	-99.261826
8177.233887	-99.023277
8182.617188	-98.317505
8188.000488	-98.128075
8193.383789	-99.079323
8198.767090	-99.118744
8204.150391	-99.463799
8209.533691	-99.334076
8214.916992	-99.198883
8220.300293	-99.000839
8225.683594	-98.682640
8231.066895	-99.238686
8236.450195	-99.229660
8241.833496	-98.608505
8247.216797	-98.896889
8252.600098	-99.146835
8257.983398	-98.494392
8263.366699	-98.901848
8268.750000	-99.309174
8274.133301	-98.662315
8279.516602	-98.143974
8284.899902	-98.365479
8290.283203	-98.702499
8295.666504	-98.733543
8301.049805	-98.876404
8306.433105	-99.257957
8311.816406	-99.324364
8317.199707	-97.896065
8322.583008	-98.319313
8327.966309	-98.961723
8333.349609	-97.121681
8338.732910	-97.592880
8344.116211	-98.988350
8349.499512	-99.027824
8354.882812	-99.464241
8360.266113	-99.347359
8365.649414	-98.750282
8371.032715	-98.936913
8376.416016	-98.349258
8381.799316	-98.746017
8387.182617	-99.443855
8392.565918	-98.890541
8397.949219	-98.375320
8403.332520	-98.400024
8408.715820	-98.526688
8414.099121	-98.701454
8419.482422	-98.672165
8424.865723	-98.987083
8430.249023	-99.279892
8435.632324	-99.231514
8441.015625	-98.631355
8446.398926	-98.388725
8451.782227	-98.376633
8457.165527	-98.741295
8462.548828	-98.877975
8467.932129	-99.100922
8473.315430	-99.292091
8478.698730	-98.820175
8484.082031	-98.198067
8489.465332	-99.168655
8494.848633	-99.458046
8500.231934	-99.026520
8505.615234	-99.022255
8510.998535	-99.000328
8516.381836	-99.750175
8521.765137	-100.037239
8527.148438	-98.951225
8532.531738	-98.544586
8537.915039	-98.573051
8543.298340	-98.525223
8548.681641	-98.957321
8554.064941	-98.886780
8559.448242	-98.089386
8564.831543	-98.157036
8570.214844	-98.487648
8575.598145	-98.507408
8580.981445	-98.966728
8586.364746	-98.938942
8591.748047	-98.647552
8597.131348	-98.149147
8602.514648	-98.896355
8607.897949	-98.427216
8613.281250	-98.630226
8618.664551	-98.865242
8624.047852	-97.838715
8629.431152	-98.459343
8634.814453	-98.832932
8640.197754	-98.708954
8645.581055	-98.814728
8650.964355	-98.977783
8656.347656	-99.507690
8661.730957	-99.383423
8667.114258	-99.075272
8672.497559	-97.762222
8677.880859	-98.673943
8683.264160	-98.357346
8688.647461	-98.296974
8694.030762	-98.691330
8699.414062	-97.911682
8704.797363	-96.248695
8710.180664	-97.962196
8715.563965	-98.960892
8720.947266	-99.310753
8726.330566	-97.720856
8731.713867	-98.254669
8737.097168	-98.239212
8742.480469	-97.654068
8747.863770	-98.894081
8753.247070	-99.378029
8758.630371	-99.276199
8764.013672	-98.400528
8769.396973	-98.274223
8774.780273	-98.513977
8780.163574	-98.769676
8785.546875	-98.534241
8790.930176	-98.296104
8796.313477	-98.497047
8801.696777	-99.124069
8807.080078	-99.004913
8812.463379	-98.258324
8817.846680	-98.053314
8823.229980	-98.434990
8828.613281	-98.275734
8833.996582	-98.497681
8839.379883	-98.540009
8844.763184	-98.401817
8850.146484	-98.471283
8855.529785	-98.101158
8860.913086	-98.014839
8866.296387	-98.754295
8871.679688	-99.017746
8877.062988	-99.009262
8882.446289	-98.454514
8887.829590	-98.324715
8893.212891	-98.492775
8898.596191	-99.220070
8903.979492	-98.936089
8909.362793	-98.348381
8914.746094	-98.234322
8920.129395	-98.949554
8925.512695	-99.323486
8930.895996	-98.899887
8936.279297	-98.540230
8941.662598	-98.478188
8947.045898	-98.478104
8952.429199	-98.150597
8957.812500	-97.975761
8963.195801	-98.039787
8968.579102	-98.950279
8973.962402	-98.529060
8979.345703	-98.694260
8984.729004	-98.809616
8990.112305	-99.363380
8995.495605	-98.908295
9000.878906	-98.632492
9006.262207	-98.364151
9011.645508	-98.234390
9017.028809	-98.502182
9022.412109	-98.163071
9027.795410	-98.659935
9033.178711	-99.172295
9038.562012	-98.469368
9043.945312	-98.639763
9049.328613	-98.377968
9054.711914	-98.147362
9060.095215	-98.916412
9065.478516	-98.768959
9070.861816	-98.589470
9076.245117	-98.935921
9081.628418	-98.207207
9087.011719	-98.304718
9092.395020	-98.784973
9097.778320	-98.572197
9103.161621	-98.767502
9108.544922	-98.433708
9113.928223	-98.253815
9119.311523	-98.474472
9124.694824	-98.936440
9130.078125	-98.111641
9135.461426	-98.521255
9140.844727	-98.915192
9146.228027	-98.450500
9151.611328	-98.174110
9156.994629	-98.264091
9162.377930	-98.230576
9167.761230	-98.766136
9173.144531	-99.195702
9178.527832	-98.622978
9183.911133	-98.585716
9189.294434	-98.472298
9194.677734	-98.336349
9200.061035	-98.578354
9205.444336	-99.324615
9210.827637	-98.961723
9216.210938	-98.493439
9221.594238	-98.639778
9226.977539	-98.612915
9232.360840	-99.001656
9237.744141	-98.360863
9243.127441	-98.111290
9248.510742	-98.160744
9253.894043	-98.172447
9259.277344	-98.976143
9264.660645	-98.650177
9270.043945	-98.784401
9275.427246	-98.543808
9280.810547	-98.540581
9286.193848	-98.186745
9291.577148	-98.101807
9296.960449	-98.716194
9302.343750	-98.807915
9307.727051	-98.537132
9313.110352	-98.477753
9318.493652	-97.928581
9323.876953	-97.928123
9329.260254	-98.630890
9334.643555	-98.594856
9340.026855	-98.130104
9345.410156	-98.829117
9350.793457	-99.240585
9356.176758	-99.333244
9361.560059	-98.917908
9366.943359	-98.541000
9372.326660	-98.050232
9377.709961	-98.305817
9383.093262	-98.583641
9388.476562	-98.275856
9393.859863	-98.013260
9399.243164	-98.495735
9404.626465	-98.331039
9410.009766	-98.100372
9415.393066	-98.526840
9420.776367	-99.225868
9426.159668	-99.164482
9431.542969	-98.783096
9436.926270	-98.309982
9442.309570	-98.025757
9447.692871	-97.840790
9453.076172	-98.192200
9458.459473	-98.682777
9463.842773	-98.805008
9469.226074	-98.257423
9474.609375	-98.494888
9479.992676	-98.608040
9485.375977	-98.493271
9490.759277	-99.057678
9496.142578	-98.649490
9501.525879	-98.718491
9506.909180	-98.576088
9512.292480	-98.932549
9517.675781	-99.182907
9523.059082	-99.384071
9528.442383	-98.879135
9533.825684	-98.784424
9539.208984	-98.189651
9544.592285	-98.016876
9549.975586	-97.739410
9555.358887	-97.436073
9560.742188	-98.648865
9566.125488	-98.489914
9571.508789	-98.283585
9576.892090	-98.260323
9582.275391	-97.996758
9587.658691	-98.263329
9593.041992	-98.247932
9598.425293	-98.804314
9603.808594	-99.219757
9609.191895	-99.057762
9614.575195	-99.022545
9619.958496	-98.593460
9625.341797	-98.822670
9630.725098	-98.575470
9636.108398	-98.126579
9641.491699	-98.422501
9646.875000	-99.090576
9652.258301	-99.331223
9657.641602	-98.724625
9663.024902	-98.326210
9668.408203	-98.405869
9673.791504	-98.407982
9679.174805	-98.764214
9684.558105	-98.298042
9689.941406	-98.277489
9695.324707	-98.625214
9700.708008	-98.433479
9706.091309	-98.323288
9711.474609	-98.624535
9716.857910	-98.253632
9722.241211	-98.863174
9727.624512	-98.069275
9733.007812	-98.572723
9738.391113	-98.951958
9743.774414	-98.436020
9749.157715	-98.379082
9754.541016	-98.061760
9759.924316	-97.579483
9765.307617	-98.269730
9770.690918	-98.969238
9776.074219	-99.274300
9781.457520	-98.704414
9786.840820	-98.045181
9792.224121	-97.987350
9797.607422	-98.664330
9802.990723	-98.673225
9808.374023	-98.713463
9813.757324	-98.604904
9819.140625	-98.288628
9824.523926	-98.077492
9829.907227	-98.192657
9835.290527	-98.226746
9840.673828	-98.270683
9846.057129	-98.215782
9851.440430	-98.607933
9856.823730	-97.604881
9862.207031	-98.068108
9867.590332	-98.682922
9872.973633	-98.629021
9878.356934	-98.856522
9883.740234	-98.327629
9889.123535	-98.217659
9894.506836	-99.108353
9899.890137	-98.843307
9905.273438	-98.655022
9910.656738	-98.954903
9916.040039	-99.094070
9921.423340	-98.857430
9926.806641	-99.044899
9932.189941	-98.290718
9937.573242	-97.834007
9942.956543	-98.622559
9948.339844	-98.583344
9953.723145	-98.364082
9959.106445	-98.170738
9964.489746	-98.098053
9969.873047	-98.866562
9975.256348	-98.401802
9980.639648	-99.054581
9986.022949	-98.770287
9991.406250	-98.327087
9996.789551	-98.165649
10002.172852	-98.611954
10007.556152	-98.815407
10012.939453	-98.544792
10018.322754	-98.462021
10023.706055	-98.468613
10029.089355	-98.396179
10034.472656	-98.219131
10039.855957	-98.493889
10045.239258	-98.434837
10050.622559	-98.594742
10056.005859	-98.880440
10061.389160	-98.226097
10066.772461	-98.817383
10072.155762	-98.889893
10077.539062	-98.190094
10082.922363	-97.719101
10088.305664	-98.595100
10093.688965	-99.351395
10099.072266	-98.824501
10104.455566	-98.496887
10109.838867	-98.012085
10115.222168	-98.430984
10120.605469	-98.495659
10125.988770	-98.117470
10131.372070	-98.093399
10136.755371	-98.095840
10142.138672	-98.697571
10147.521973	-97.607147
10152.905273	-97.972618
10158.288574	-98.323814
10163.671875	-98.275284
10169.055176	-98.473206
10174.438477	-98.571884
10179.821777	-98.347786
10185.205078	-98.335022
10190.588379	-98.428185
10195.971680	-98.838165
10201.354980	-98.279800
10206.738281	-98.173256
10212.121582	-98.300552
10217.504883	-98.712738
10222.888184	-98.958557
10228.271484	-98.590775
10233.654785	-98.846512
10239.038086	-98.262627
10244.421387	-98.160263
10249.804688	-98.221771
10255.187988	-98.654289
10260.571289	-98.624229
10265.954590	-98.203224
10271.337891	-98.742455
10276.721191	-96.673012
10282.104492	-96.110184
10287.487793	-98.678741
10292.871094	-99.189362
10298.254395	-98.867889
10303.637695	-98.516960
10309.020996	-98.179459
10314.404297	-98.283508
10319.787598	-98.860710
10325.170898	-98.481483
10330.554199	-98.058075
10335.937500	-98.228180
10341.320801	-98.556801
10346.704102	-98.195717
10352.087402	-97.798767
10357.470703	-98.024269
10362.854004	-98.025963
10368.237305	-97.980659
10373.620605	-98.218933
10379.003906	-98.102165
10384.387207	-98.383675
10389.770508	-97.858353
10395.153809	-98.251686
10400.537109	-98.529984
10405.920410	-98.629860
10411.303711	-98.142029
10416.687012	-98.488884
10422.070312	-98.256500
10427.453613	-97.894432
10432.836914	-97.835724
10438.220215	-97.954704
10443.603516	-98.187904
10448.986816	-97.929207
10454.370117	-97.925659
10459.753418	-98.063713
10465.136719	-97.989166
10470.520020	-97.544762
10475.903320	-97.850060
10481.286621	-99.098511
10486.669922	-98.479355
10492.053223	-98.097389
10497.436523	-98.091003
10502.819824	-97.526672
10508.203125	-97.907028
10513.586426	-98.621262
10518.969727	-98.242752
10524.353027	-98.160599
10529.736328	-98.491920
10535.119629	-98.186653
10540.502930	-98.575111
10545.886230	-98.159592
10551.269531	-98.063690
10556.652832	-98.156013
10562.036133	-97.622253
10567.419434	-97.747383
10572.802734	-98.027847
10578.186035	-98.058823
10583.569336	-97.658714
10588.952637	-97.702049
10594.335938	-97.899574
10599.719238	-97.851341
10605.102539	-97.652267
10610.485840	-98.016701
10615.869141	-98.473129
10621.252441	-97.762482
10626.635742	-97.146812
10632.019043	-98.156593
10637.402344	-97.880508
10642.785645	-97.446701
10648.168945	-98.123695
10653.552246	-99.188423
10658.935547	-98.811203
10664.318848	-98.084465
10669.702148	-97.270058
10675.085449	-97.866669
10680.468750	-98.052696
10685.852051	-98.119713
10691.235352	-98.166245
10696.618652	-97.861572
10702.001953	-98.131012
10707.385254	-97.814857
10712.768555	-97.648338
10718.151855	-97.587341
10723.535156	-97.871437
10728.918457	-98.026421
10734.301758	-98.427437
10739.685059	-97.668579
10745.068359	-97.673409
10750.451660	-98.330414
10755.834961	-98.165207
10761.218262	-97.508118
10766.601562	-97.608841
10771.984863	-97.794975
10777.368164	-98.354721
10782.751465	-99.014336
10788.134766	-99.372650
10793.518066	-98.528313
10798.901367	-97.877365
10804.284668	-98.166367
10809.667969	-97.385971
10815.051270	-97.962128
10820.434570	-97.705254
10825.817871	-97.993187
10831.201172	-98.391708
10836.584473	-98.419052
10841.967773	-97.254669
10847.351074	-97.525558
10852.734375	-98.039864
10858.117676	-98.581696
10863.500977	-98.165199
10868.884277	-97.667343
10874.267578	-98.201714
10879.650879	-98.279518
10885.034180	-97.460358
10890.417480	-97.805229
10895.800781	-97.656181
10901.184082	-97.991760
10906.567383	-98.395752
10911.950684	-98.025093
10917.333984	-97.758171
10922.717285	-97.985397
10928.100586	-98.068855
10933.483887	-98.163765
10938.867188	-97.627640
10944.250488	-98.369713
10949.633789	-97.859795
10955.017090	-97.465874
10960.400391	-98.318443
10965.783691	-99.045349
10971.166992	-98.455772
10976.550293	-97.134499
10981.933594	-96.644615
10987.316895	-96.813622
10992.700195	-98.461334
10998.083496	-98.505943
11003.466797	-97.359680
11008.850098	-97.270065
11014.233398	-97.591171
11019.616699	-97.845963
11025.000000	-97.800789
11030.383301	-97.543518
11035.766602	-97.217743
11041.149902	-97.348473
11046.533203	-97.661430
11051.916504	-97.690887
11057.299805	-97.851074
11062.683105	-97.664879
11068.066406	-97.795845
11073.449707	-98.007126
11078.833008	-97.978546
11084.216309	-98.043800
11089.599609	-97.578896
11094.982910	-97.923279
11100.366211	-98.658058
11105.749512	-98.257545
11111.132812	-97.150978
11116.516113	-97.788261
11121.899414	-97.622025
11127.282715	-97.827858
11132.666016	-97.743515
11138.049316	-97.235146
11143.432617	-97.137627
11148.815918	-97.623390
11154.199219	-97.991776
11159.582520	-98.426529
11164.965820	-98.029556
11170.349121	-97.034439
11175.732422	-97.193031
11181.115723	-97.918648
11186.499023	-97.849434
11191.882324	-97.310493
11197.265625	-98.231102
11202.648926	-98.052994
11208.032227	-97.822365
11213.415527	-97.135979
11218.798828	-97.673912
11224.182129	-97.754036
11229.565430	-97.827927
11234.948730	-97.576347
11240.332031	-97.627365
11245.715332	-97.857803
11251.098633	-97.623405
11256.481934	-98.031631
11261.865234	-98.113197
11267.248535	-98.110443
11272.631836	-97.668526
11278.015137	-97.846947
11283.398438	-97.682297
11288.781738	-97.986954
11294.165039	-98.220863
11299.548340	-97.967857
11304.931641	-97.332436
11310.314941	-97.117592
11315.698242	-97.464928
11321.081543	-98.327232
11326.464844	-98.348106
11331.848145	-97.323868
11337.231445	-97.463058
11342.614746	-97.863312
11347.998047	-98.299515
11353.381348	-98.029732
11358.764648	-97.982666
11364.147949	-97.395523
11369.531250	-98.292656
11374.914551	-98.215164
11380.297852	-98.091103
11385.681152	-97.552727
11391.064453	-97.164719
11396.447754	-97.632927
11401.831055	-97.426170
11407.214355	-97.615067
11412.597656	-97.739716
11417.980957	-97.646683
11423.364258	-97.629204
11428.747559	-97.774246
11434.130859	-97.875359
11439.514160	-97.777672
11444.897461	-98.084633
11450.280762	-97.954430
11455.664062	-98.545380
11461.047363	-98.256897
11466.430664	-98.194794
11471.813965	-97.826439
11477.197266	-97.515907
11482.580566	-97.997803
11487.963867	-97.184975
11493.347168	-97.495430
11498.730469	-97.733147
11504.113770	-97.681534
11509.497070	-97.001556
11514.880371	-97.424454
11520.263672	-97.717308
11525.646973	-97.525497
11531.030273	-97.450356
11536.413574	-97.274712
11541.796875	-98.190666
11547.180176	-98.977509
11552.563477	-98.273224
11557.946777	-97.948090
11563.330078	-97.882210
11568.713379	-97.175163
11574.096680	-98.008133
11579.479980	-98.835182
11584.863281	-97.116638
11590.246582	-96.482262
11595.629883	-97.715103
11601.013184	-97.520943
11606.396484	-94.358971
11611.779785	-96.168022
11617.163086	-98.007622
11622.546387	-97.697289
11627.929688	-97.445786
11633.312988	-97.643402
11638.696289	-97.886353
11644.079590	-97.702812
11649.462891	-97.755547
11654.846191	-97.945267
11660.229492	-97.276421
11665.612793	-97.585777
11670.996094	-97.621819
11676.379395	-97.643890
11681.762695	-98.231018
11687.145996	-97.954300
11692.529297	-98.051414
11697.912598	-97.877357
11703.295898	-97.734459
11708.679199	-98.391838
11714.062500	-98.682541
11719.445801	-97.931641
11724.829102	-97.363678
11730.212402	-97.933411
11735.595703	-98.035515
11740.979004	-98.088715
11746.362305	-98.967056
11751.745605	-98.192741
11757.128906	-97.413628
11762.512207	-97.726059
11767.895508	-98.124756
11773.278809	-97.831528
11778.662109	-98.200569
11784.045410	-98.252617
11789.428711	-98.128304
11794.812012	-98.019180
11800.195312	-98.531296
11805.578613	-98.219261
11810.961914	-97.492439
11816.345215	-98.004677
11821.728516	-97.747520
11827.111816	-97.609421
11832.495117	-98.119385
11837.878418	-97.402618
11843.261719	-97.807953
11848.645020	-97.856796
11854.028320	-98.409721
11859.411621	-98.240181
11864.794922	-98.263405
11870.178223	-97.709549
11875.561523	-98.022095
11880.944824	-97.942009
11886.328125	-97.537056
11891.711426	-97.549286
11897.094727	-97.548286
11902.478027	-98.043938
11907.861328	-98.257187
11913.244629	-98.178078
11918.627930	-97.896408
11924.011230	-97.780502
11929.394531	-98.206192
11934.777832	-98.391769
11940.161133	-97.880531
11945.544434	-98.246605
11950.927734	-98.432114
11956.311035	-98.032410
11961.694336	-98.156944
11967.077637	-97.870384
11972.460938	-98.208092
11977.844238	-98.708168
11983.227539	-98.428200
11988.610840	-97.666519
11993.994141	-97.948181
11999.377441	-98.649704
12004.760742	-97.534538
12010.144043	-97.751579
12015.527344	-97.844292
12020.910645	-98.339737
12026.293945	-98.138634
12031.677246	-98.383179
12037.060547	-98.541031
12042.443848	-98.810509
12047.827148	-98.641457
12053.210449	-98.812088
12058.593750	-98.520950
12063.977051	-98.834343
12069.360352	-98.972046
12074.743652	-98.246246
12080.126953	-97.929199
12085.510254	-98.156868
12090.893555	-98.276764
12096.276855	-98.986725
12101.660156	-98.472191
12107.043457	-97.877281
12112.426758	-98.224129
12117.810059	-98.855560
12123.193359	-98.713310
12128.576660	-97.839211
12133.959961	-98.470345
12139.343262	-98.783142
12144.726562	-98.182892
12150.109863	-98.506927
12155.493164	-98.828545
12160.876465	-98.076248
12166.259766	-98.693840
12171.643066	-98.508011
12177.026367	-99.137779
12182.409668	-98.775009
12187.792969	-98.008011
12193.176270	-98.367477
12198.559570	-98.574211
12203.942871	-98.530388
12209.326172	-98.764130
12214.709473	-98.285316
12220.092773	-98.409584
12225.476074	-97.968857
12230.859375	-98.506798
12236.242676	-97.838089
12241.625977	-98.294075
12247.009277	-98.775200
12252.392578	-98.607262
12257.775879	-98.274490
12263.159180	-98.173767
12268.542480	-97.945427
12273.925781	-98.730042
12279.309082	-98.731285
12284.692383	-99.013512
12290.075684	-98.837814
12295.458984	-98.864693
12300.842285	-98.338165
12306.225586	-98.947235
12311.608887	-99.102943
12316.992188	-99.173874
12322.375488	-99.387627
12327.758789	-99.001442
12333.142090	-98.783585
12338.525391	-98.771469
12343.908691	-98.155907
12349.291992	-98.667587
12354.675293	-98.796837
12360.058594	-97.938332
12365.441895	-98.455681
12370.825195	-98.880623
12376.208496	-98.810966
12381.591797	-98.535927
12386.975098	-98.720673
12392.358398	-99.092941
12397.741699	-98.398872
12403.125000	-97.850769
12408.508301	-99.114883
12413.891602	-99.394936
12419.274902	-99.362816
12424.658203	-99.275177
12430.041504	-98.501572
12435.424805	-99.199142
12440.808105	-99.000000
12446.191406	-98.499252
12451.574707	-98.593719
12456.958008	-98.836166
12462.341309	-98.792725
12467.724609	-98.374908
12473.107910	-98.016838
12478.491211	-98.565712
12483.874512	-98.442780
12489.257812	-98.551979
12494.641113	-98.647667
12500.024414	-98.610023
12505.407715	-98.508194
12510.791016	-98.355927
12516.174316	-98.196838
12521.557617	-99.170525
12526.940918	-98.887032
12532.324219	-98.535553
12537.707520	-98.005600
12543.090820	-99.341042
12548.474121	-99.274612
12553.857422	-98.955025
12559.240723	-99.095673
12564.624023	-98.549706
12570.007324	-98.513367
12575.390625	-98.824493
12580.773926	-98.467941
12586.157227	-98.852776
12591.540527	-98.952553
12596.923828	-98.413559
12602.307129	-98.033485
12607.690430	-97.845985
12613.073730	-98.440567
12618.457031	-98.729034
12623.840332	-98.583488
12629.223633	-99.101730
12634.606934	-98.551994
12639.990234	-98.606537
12645.373535	-98.347450
12650.756836	-98.288704
12656.140137	-98.578468
12661.523438	-98.338600
12666.906738	-98.612434
12672.290039	-98.969406
12677.673340	-99.410851
12683.056641	-98.922607
12688.439941	-98.537910
12693.823242	-98.884644
12699.206543	-98.755798
12704.589844	-99.226799
12709.973145	-99.550278
12715.356445	-99.767296
12720.739746	-99.615616
12726.123047	-98.845955
12731.506348	-98.770653
12736.889648	-98.841331
12742.272949	-98.992447
12747.656250	-98.886398
12753.039551	-98.898529
12758.422852	-99.276924
12763.806152	-99.550049
12769.189453	-99.732697
12774.572754	-99.794312
12779.956055	-98.681351
12785.339355	-99.003487
12790.722656	-98.976517
12796.105957	-98.388618
12801.489258	-98.836807
12806.872559	-98.571739
12812.255859	-98.565529
12817.639160	-98.068283
12823.022461	-99.027039
12828.405762	-99.437927
12833.789062	-98.853462
12839.172363	-98.569008
12844.555664	-98.585266
12849.938965	-99.315582
12855.322266	-99.134064
12860.705566	-98.937645
12866.088867	-99.944794
12871.472168	-98.952606
12876.855469	-98.625534
12882.238770	-98.887321
12887.622070	-99.401176
12893.005371	-98.949142
12898.388672	-98.625977
12903.771973	-98.683578
12909.155273	-98.626938
12914.538574	-98.322800
12919.921875	-98.734825
12925.305176	-98.732880
12930.688477	-98.794144
12936.071777	-98.928528
12941.455078	-98.652885
12946.838379	-99.259445
12952.221680	-99.353546
12957.604980	-98.378906
12962.988281	-97.947487
12968.371582	-98.668488
12973.754883	-99.279755
12979.138184	-99.048981
12984.521484	-98.474564
12989.904785	-99.182190
12995.288086	-99.026222
13000.671387	-99.126778
13006.054688	-98.695061
13011.437988	-98.254013
13016.821289	-98.207222
13022.204590	-98.238815
13027.587891	-98.226242
13032.971191	-98.977219
13038.354492	-98.692345
13043.737793	-98.892860
13049.121094	-98.767105
13054.504395	-99.094475
13059.887695	-99.329315
13065.270996	-99.651031
13070.654297	-99.333305
13076.037598	-99.442253
13081.420898	-99.265228
13086.804199	-98.558479
13092.187500	-99.103302
13097.570801	-99.281776
13102.954102	-99.088928
13108.337402	-99.377258
13113.720703	-98.939301
13119.104004	-99.240967
13124.487305	-98.758781
13129.870605	-98.815048
13135.253906	-98.407616
13140.637207	-98.746666
13146.020508	-98.956810
13151.403809	-98.949753
13156.787109	-99.244194
13162.170410	-98.387001
13167.553711	-98.473351
13172.937012	-98.983414
13178.320312	-98.692665
13183.703613	-98.896049
13189.086914	-98.686127
13194.470215	-98.826912
13199.853516	-98.760979
13205.236816	-98.943169
13210.620117	-98.811256
13216.003418	-98.077034
13221.386719	-99.466774
13226.770020	-99.992889
13232.153320	-99.214279
13237.536621	-98.727310
13242.919922	-98.469528
13248.303223	-98.982773
13253.686523	-99.733017
13259.069824	-98.746544
13264.453125	-98.424942
13269.836426	-98.560753
13275.219727	-98.109047
13280.603027	-99.147087
13285.986328	-99.211655
13291.369629	-98.106697
13296.752930	-98.508400
13302.136230	-99.234184
13307.519531	-98.635567
13312.902832	-98.061729
13318.286133	-98.808006
13323.669434	-98.975395
13329.052734	-98.697952
13334.436035	-99.150833
13339.819336	-99.672287
13345.202637	-98.553101
13350.585938	-98.608078
13355.969238	-99.366127
13361.352539	-99.093430
13366.735840	-99.080811
13372.119141	-99.230644
13377.502441	-98.836639
13382.885742	-98.756393
13388.269043	-98.614998
13393.652344	-99.093056
13399.035645	-98.418388
13404.418945	-98.322830
13409.802246	-98.150673
13415.185547	-98.219246
13420.568848	-98.462860
13425.952148	-99.310616
13431.335449	-98.275497
13436.718750	-98.841614
13442.102051	-98.970940
13447.485352	-98.966766
13452.868652	-98.319878
13458.251953	-99.150711
13463.635254	-99.127739
13469.018555	-98.806961
13474.401855	-98.602943
13479.785156	-98.894135
13485.168457	-99.058174
13490.551758	-99.125778
13495.935059	-99.230606
13501.318359	-99.367508
13506.701660	-98.303406
13512.084961	-98.157425
13517.468262	-98.442650
13522.851562	-99.286713
13528.234863	-98.831230
13533.618164	-99.024010
13539.001465	-99.316360
13544.384766	-99.517632
13549.768066	-99.514580
13555.151367	-99.340721
13560.534668	-99.573792
13565.917969	-99.440811
13571.301270	-99.655693
13576.684570	-99.012436
13582.067871	-98.717430
13587.451172	-98.765488
13592.834473	-98.597488
13598.217773	-98.738014
13603.601074	-99.708107
13608.984375	-99.628159
13614.367676	-99.292183
13619.750977	-97.767151
13625.134277	-98.708817
13630.517578	-99.978844
13635.900879	-99.021523
13641.284180	-99.150467
13646.667480	-98.888565
13652.050781	-99.052788
13657.434082	-99.085625
13662.817383	-98.951683
13668.200684	-99.262604
13673.583984	-99.340057
13678.967285	-98.744514
13684.350586	-98.473671
13689.733887	-98.837479
13695.117188	-98.482796
13700.500488	-99.032463
13705.883789	-99.238869
13711.267090	-99.753220
13716.650391	-99.936676
13722.033691	-99.499023
13727.416992	-98.882607
13732.800293	-98.321678
13738.183594	-98.632599
13743.566895	-98.583092
13748.950195	-99.011223
13754.333496	-99.336166
13759.716797	-99.593689
13765.100098	-99.036362
13770.483398	-99.198128
13775.866699	-99.450584
13781.250000	-99.116577
13786.633301	-99.131195
13792.016602	-99.236809
13797.399902	-99.526527
13802.783203	-99.358711
13808.166504	-98.849686
13813.549805	-99.230904
13818.933105	-99.337929
13824.316406	-99.015068
13829.699707	-98.880875
13835.083008	-99.162277
13840.466309	-99.601822
13845.849609	-99.256332
13851.232910	-99.176987
13856.616211	-99.048584
13861.999512	-98.757172
13867.382812	-99.150955
13872.766113	-100.133842
13878.149414	-99.871368
13883.532715	-99.508919
13888.916016	-99.388168
13894.299316	-98.947472
13899.682617	-99.253273
13905.065918	-99.415543
13910.449219	-99.033852
13915.832520	-99.139328
13921.215820	-99.224907
13926.599121	-98.948639
13931.982422	-98.452187
13937.365723	-99.302948
13942.749023	-99.344238
13948.132324	-98.996468
13953.515625	-98.761169
13958.898926	-99.180992
13964.282227	-99.434494
13969.665527	-99.098824
13975.048828	-99.357979
13980.432129	-99.171906
13985.815430	-99.663086
13991.198730	-98.929482
13996.582031	-98.408318
14001.965332	-99.247200
14007.348633	-99.029259
14012.731934	-98.772942
14018.115234	-99.129822
14023.498535	-99.348206
14028.881836	-98.597984
14034.265137	-99.468025
14039.648438	-99.501839
14045.031738	-99.532585
14050.415039	-99.080620
14055.798340	-98.985542
14061.181641	-98.806808
14066.564941	-99.501854
14071.948242	-100.120056
14077.331543	-99.684364
14082.714844	-99.339409
14088.098145	-99.011963
14093.481445	-98.997299
14098.864746	-98.658058
14104.248047	-99.138481
14109.631348	-99.239433
14115.014648	-98.962837
14120.397949	-99.138580
14125.781250	-99.092781
14131.164551	-98.877129
14136.547852	-98.788818
14141.931152	-99.560760
14147.314453	-99.044235
14152.697754	-98.328674
14158.081055	-98.303299
14163.464355	-98.716713
14168.847656	-98.512337
14174.230957	-98.984161
14179.614258	-99.246834
14184.997559	-99.703743
14190.380859	-99.594231
14195.764160	-99.053261
14201.147461	-99.130630
14206.530762	-98.832329
14211.914062	-98.709221
14217.297363	-99.124603
14222.680664	-99.044342
14228.063965	-99.246078
14233.447266	-98.816078
14238.830566	-99.487724
14244.213867	-98.749344
14249.597168	-98.962822
14254.980469	-99.089851
14260.363770	-98.815544
14265.747070	-99.276863
14271.130371	-99.338791
14276.513672	-98.693352
14281.896973	-98.392006
14287.280273	-99.320801
14292.663574	-99.484543
14298.046875	-99.221169
14303.430176	-99.058975
14308.813477	-98.847000
14314.196777	-99.433823
14319.580078	-99.858200
14324.963379	-99.732071
14330.346680	-99.313774
14335.729980	-99.466286
14341.113281	-99.017677
14346.496582	-99.499786
14351.879883	-99.522575
14357.263184	-99.809418
14362.646484	-99.339600
14368.029785	-99.368271
14373.413086	-99.706619
14378.796387	-99.788422
14384.179688	-99.677361
14389.562988	-99.192139
14394.946289	-98.573112
14400.329590	-98.667603
14405.712891	-98.641609
14411.096191	-98.820015
14416.479492	-98.947899
14421.862793	-98.814796
14427.246094	-99.063675
14432.629395	-99.286865
14438.012695	-98.983360
14443.395996	-98.671967
14448.779297	-99.038391
14454.162598	-99.355003
14459.545898	-98.773346
14464.929199	-98.869133
14470.312500	-99.214699
14475.695801	-99.379578
14481.079102	-99.513741
14486.462402	-99.468956
14491.845703	-99.214272
14497.229004	-98.902321
14502.612305	-98.623093
14507.995605	-95.779518
14513.378906	-97.918365
14518.762207	-99.371536
14524.145508	-98.146339
14529.528809	-98.997757
14534.912109	-99.477211
14540.295410	-99.556404
14545.678711	-98.920502
14551.062012	-99.214134
14556.445312	-99.032059
14561.828613	-99.427368
14567.211914	-99.655197
14572.595215	-99.733093
14577.978516	-98.832504
14583.361816	-98.883858
14588.745117	-99.090370
14594.128418	-98.538155
14599.511719	-98.564720
14604.895020	-98.444000
14610.278320	-99.070648
14615.661621	-99.210373
14621.044922	-98.858322
14626.428223	-98.363991
14631.811523	-98.897179
14637.194824	-99.162323
14642.578125	-99.423599
14647.961426	-99.665001
14653.344727	-99.626915
14658.728027	-99.306976
14664.111328	-98.734863
14669.494629	-98.654823
14674.877930	-99.332169
14680.261230	-99.103928
14685.644531	-98.799263
14691.027832	-99.202904
14696.411133	-99.123421
14701.794434	-98.791260
14707.177734	-98.869980
14712.561035	-99.108757
14717.944336	-98.368942
14723.327637	-98.725525
14728.710938	-98.990517
14734.094238	-99.647865
14739.477539	-99.630440
14744.860840	-99.531929
14750.244141	-99.662209
14755.627441	-99.128555
14761.010742	-99.065750
14766.394043	-99.149727
14771.777344	-99.198380
14777.160645	-99.498802
14782.543945	-99.321480
14787.927246	-99.264725
14793.310547	-99.274727
14798.693848	-99.312012
14804.077148	-98.327309
14809.460449	-99.341835
14814.843750	-99.293060
14820.227051	-99.344345
14825.610352	-99.561646
14830.993652	-99.584007
14836.376953	-99.214867
14841.760254	-99.104851
14847.143555	-99.312553
14852.526855	-99.388802
14857.910156	-98.952415
14863.293457	-98.859970
14868.676758	-98.883141
14874.060059	-99.565193
14879.443359	-99.116661
14884.826660	-98.756302
14890.209961	-99.393875
14895.593262	-99.471977
14900.976562	-99.747337
14906.359863	-99.566422
14911.743164	-99.354691
14917.126465	-98.691086
14922.509766	-99.139008
14927.893066	-99.265007
14933.276367	-99.041054
14938.659668	-99.181534
14944.042969	-99.904388
14949.426270	-99.052094
14954.809570	-98.944641
14960.192871	-98.837738
14965.576172	-99.288261
14970.959473	-99.647514
14976.342773	-99.145073
14981.726074	-99.127899
14987.109375	-99.203911
14992.492676	-99.272812
14997.875977	-99.981232
15003.259277	-99.579201
15008.642578	-99.038467
15014.025879	-98.467674
15019.409180	-98.675362
15024.792480	-99.436920
15030.175781	-99.749039
15035.559082	-99.458633
15040.942383	-99.120789
15046.325684	-98.648598
15051.708984	-98.331268
15057.092285	-99.544701
15062.475586	-99.425835
15067.858887	-98.694717
15073.242188	-98.596199
15078.625488	-98.945435
15084.008789	-98.738037
15089.392090	-98.725822
15094.775391	-98.773941
15100.158691	-98.888458
15105.541992	-99.067352
15110.925293	-99.162163
15116.308594	-99.380363
15121.691895	-100.086891
15127.075195	-99.226242
15132.458496	-98.184151
15137.841797	-99.333275
15143.225098	-99.413506
15148.608398	-99.110199
15153.991699	-99.106361
15159.375000	-99.014320
15164.758301	-99.439377
15170.141602	-99.299248
15175.524902	-99.387062
15180.908203	-99.892883
15186.291504	-99.589615
15191.674805	-98.676430
15197.058105	-99.507072
15202.441406	-99.675102
15207.824707	-99.286888
15213.208008	-99.489304
15218.591309	-99.569946
15223.974609	-99.752190
15229.357910	-99.525749
15234.741211	-100.064789
15240.124512	-99.490440
15245.507812	-98.814095
15250.891113	-98.654465
15256.274414	-98.357857
15261.657715	-98.672958
15267.041016	-99.979126
15272.424316	-99.065155
15277.807617	-99.067726
15283.190918	-99.151306
15288.574219	-98.952484
15293.957520	-99.098610
15299.340820	-99.445427
15304.724121	-98.942322
15310.107422	-98.634819
15315.490723	-98.833176
15320.874023	-99.292679
15326.257324	-99.199417
15331.640625	-99.236038
15337.023926	-99.536720
15342.407227	-99.448212
15347.790527	-99.210182
15353.173828	-99.557877
15358.557129	-99.140396
15363.940430	-99.492905
15369.323730	-99.900116
15374.707031	-99.185745
15380.090332	-99.014915
15385.473633	-99.376869
15390.856934	-99.350929
15396.240234	-98.665176
15401.623535	-99.101974
15407.006836	-99.254272
15412.390137	-99.201019
15417.773438	-99.111702
15423.156738	-98.898178
15428.540039	-99.301186
15433.923340	-99.337273
15439.306641	-99.651741
15444.689941	-99.063873
15450.073242	-98.421364
15455.456543	-98.564262
15460.839844	-98.843193
15466.223145	-98.804230
15471.606445	-99.191826
15476.989746	-99.710510
15482.373047	-99.216545
15487.756348	-99.045296
15493.139648	-99.054420
15498.522949	-99.510361
15503.906250	-99.645508
15509.289551	-99.342598
15514.672852	-99.385109
15520.056152	-99.434738
15525.439453	-99.823601
15530.822754	-99.464676
15536.206055	-99.048965
15541.589355	-99.074257
15546.972656	-99.593452
15552.355957	-99.294647
15557.739258	-99.349586
15563.122559	-99.576599
15568.505859	-98.758690
15573.889160	-98.817528
15579.272461	-99.512932
15584.655762	-99.606613
15590.039062	-98.903442
15595.422363	-98.850266
15600.805664	-99.229790
15606.188965	-98.379784
15611.572266	-98.710739
15616.955566	-99.857658
15622.338867	-99.449173
15627.722168	-98.858635
15633.105469	-99.218384
15638.488770	-99.267418
15643.872070	-99.327003
15649.255371	-99.241646
15654.638672	-99.098457
15660.021973	-98.885422
15665.405273	-99.379768
15670.788574	-99.360588
15676.171875	-98.967262
15681.555176	-99.523003
15686.938477	-99.212593
15692.321777	-99.423370
15697.705078	-99.340721
15703.088379	-99.322136
15708.471680	-99.036919
15713.854980	-98.963608
15719.238281	-99.067276
15724.621582	-99.619324
15730.004883	-98.818169
15735.388184	-98.306633
15740.771484	-98.767540
15746.154785	-98.831497
15751.538086	-99.170219
15756.921387	-99.240196
15762.304688	-99.584206
15767.687988	-99.712227
15773.071289	-98.688034
15778.454590	-98.996521
15783.837891	-99.096306
15789.221191	-98.710815
15794.604492	-99.104469
15799.987793	-98.862457
15805.371094	-99.155617
15810.754395	-99.475563
15816.137695	-99.258850
15821.520996	-99.128975
15826.904297	-98.749321
15832.287598	-99.483002
15837.670898	-99.214348
15843.054199	-98.784035
15848.437500	-98.723717
15853.820801	-98.713760
15859.204102	-98.145058
15864.587402	-99.711113
15869.970703	-99.005684
15875.354004	-98.850563
15880.737305	-99.006012
15886.120605	-99.304726
15891.503906	-98.482666
15896.887207	-98.191795
15902.270508	-98.695175
15907.653809	-98.593513
15913.037109	-98.900543
15918.420410	-99.071159
15923.803711	-99.263161
15929.187012	-98.644272
15934.570312	-98.900566
15939.953613	-99.305542
15945.336914	-99.563538
15950.720215	-98.999115
15956.103516	-99.084694
15961.486816	-98.295723
15966.870117	-98.250786
15972.253418	-99.064758
15977.636719	-98.580673
15983.020020	-98.576515
15988.403320	-98.454887
15993.786621	-98.572624
15999.169922	-98.678329
16004.553223	-98.258430
16009.936523	-99.055580
16015.319824	-99.030922
16020.703125	-98.521683
16026.086426	-98.562943
16031.469727	-97.947723
16036.853027	-98.449699
16042.236328	-98.289978
16047.619629	-98.650017
16053.002930	-98.426323
16058.386230	-99.263626
16063.769531	-98.862305
16069.152832	-98.871231
16074.536133	-98.975922
16079.919434	-99.316185
16085.302734	-98.095001
16090.686035	-98.360657
16096.069336	-98.969772
16101.452637	-98.696335
16106.835938	-98.901642
16112.219238	-98.805473
16117.602539	-98.721588
16122.985840	-98.485466
16128.369141	-98.736511
16133.752441	-98.480270
16139.135742	-98.825249
16144.519043	-98.832535
16149.902344	-98.766815
16155.285645	-98.787582
16160.668945	-99.058044
16166.052246	-99.764183
16171.435547	-98.847519
16176.818848	-98.571327
16182.202148	-99.128105
16187.585449	-98.991951
16192.968750	-98.975609
16198.352051	-99.200790
16203.735352	-98.518723
16209.118652	-98.560143
16214.501953	-98.914452
16219.885254	-98.600281
16225.268555	-98.366859
16230.651855	-98.697174
16236.035156	-98.683998
16241.418457	-98.563461
16246.801758	-99.210007
16252.185059	-99.262085
16257.568359	-98.456474
16262.951660	-98.592926
16268.334961	-98.938721
16273.718262	-99.242210
16279.101562	-99.806290
16284.484863	-99.179016
16289.868164	-99.271378
16295.251465	-99.108688
16300.634766	-98.904259
16306.018066	-99.094704
16311.401367	-98.898750
16316.784668	-98.811401
16322.167969	-99.288391
16327.551270	-98.901604
16332.934570	-98.697021
16338.317871	-98.944092
16343.701172	-98.761330
16349.084473	-98.728073
16354.467773	-98.990150
16359.851074	-99.204590
16365.234375	-98.923721
16370.617676	-99.906487
16376.000977	-99.161949
16381.384277	-98.939262
16386.767578	-98.677582
16392.150879	-98.324959
16397.534180	-98.560257
16402.917480	-98.453773
16408.300781	-99.465805
16413.684082	-99.456528
16419.067383	-99.677185
16424.450684	-98.677467
16429.833984	-98.444435
16435.217285	-99.083488
16440.600586	-98.532417
16445.983887	-98.544098
16451.367188	-98.895416
16456.750488	-98.914116
16462.133789	-98.488747
16467.517090	-99.145775
16472.900391	-99.187286
16478.283691	-99.065483
16483.666992	-99.054306
16489.050293	-99.161575
16494.433594	-98.741142
16499.816895	-98.827118
16505.200195	-99.053162
16510.583496	-98.584351
16515.966797	-98.631607
16521.350098	-99.205917
16526.733398	-98.612106
16532.116699	-98.365135
16537.500000	-98.514488
16542.883301	-98.252548
16548.266602	-98.588013
16553.649902	-99.046455
16559.033203	-99.101303
16564.416504	-99.351425
16569.799805	-99.002106
16575.183105	-98.980698
16580.566406	-99.042122
16585.949707	-99.295181
16591.333008	-99.409492
16596.716309	-99.383240
16602.099609	-99.268959
16607.482910	-99.312737
16612.866211	-99.170914
16618.249512	-98.977409
16623.632812	-99.106216
16629.016113	-98.759514
16634.399414	-98.824409
16639.782715	-98.620338
16645.166016	-99.366432
16650.549316	-98.900459
16655.932617	-98.575294
16661.315918	-98.650894
16666.699219	-98.804703
16672.082520	-99.174675
16677.465820	-99.537880
16682.849121	-99.804581
16688.232422	-99.229233
16693.615723	-99.186180
16698.999023	-98.978867
16704.382324	-98.945389
16709.765625	-98.861984
16715.148926	-98.964722
16720.532227	-99.024261
16725.915527	-99.204391
16731.298828	-99.346550
16736.682129	-99.323891
16742.065430	-99.475937
16747.448730	-99.181198
16752.832031	-99.147385
16758.215332	-99.015633
16763.598633	-98.942368
16768.981934	-98.784988
16774.365234	-99.163261
16779.748535	-99.278969
16785.131836	-99.242584
16790.515137	-99.147751
16795.898438	-98.979980
16801.281738	-99.016319
16806.665039	-99.325630
16812.048340	-99.190002
16817.431641	-98.685799
16822.814941	-99.357056
16828.198242	-99.391685
16833.581543	-99.209892
16838.964844	-98.451645
16844.348145	-98.895424
16849.731445	-99.210823
16855.114746	-99.377487
16860.498047	-99.425423
16865.881348	-98.525169
16871.264648	-98.451759
16876.647949	-98.977844
16882.031250	-99.302475
16887.414551	-99.030327
16892.797852	-99.183167
16898.181152	-98.967682
16903.564453	-98.837914
16908.947754	-98.893509
16914.331055	-99.123451
16919.714355	-98.296211
16925.097656	-98.286690
16930.480957	-98.653419
16935.864258	-99.877251
16941.247559	-99.896576
16946.630859	-99.635391
16952.014160	-98.812996
16957.397461	-98.997169
16962.780762	-99.349876
16968.164062	-98.947945
16973.547363	-98.984505
16978.930664	-99.294579
16984.313965	-98.719795
16989.697266	-98.843452
16995.080566	-99.317825
17000.463867	-98.970230
17005.847168	-99.060600
17011.230469	-99.919960
17016.613770	-99.999908
17021.997070	-99.142288
17027.380371	-99.205406
17032.763672	-98.762756
17038.146973	-98.941498
17043.530273	-99.391853
17048.913574	-99.189072
17054.296875	-99.333153
17059.680176	-99.840591
17065.063477	-99.632462
17070.446777	-99.538300
17075.830078	-98.871483
17081.213379	-99.094612
17086.596680	-99.375801
17091.979980	-99.350357
17097.363281	-98.866402
17102.746582	-99.600464
17108.129883	-99.476212
17113.513184	-99.601921
17118.896484	-99.855202
17124.279785	-99.325775
17129.663086	-99.976067
17135.046387	-99.557655
17140.429688	-99.406876
17145.812988	-99.636322
17151.196289	-99.371994
17156.579590	-99.387390
17161.962891	-99.097206
17167.346191	-98.754837
17172.729492	-98.919853
17178.112793	-99.081055
17183.496094	-99.299919
17188.879395	-99.183197
17194.262695	-99.066246
17199.645996	-99.140602
17205.029297	-99.205276
17210.412598	-98.480438
17215.795898	-98.747742
17221.179199	-98.657379
17226.562500	-99.248055
17231.945801	-98.570114
17237.329102	-99.226624
17242.712402	-99.393150
17248.095703	-98.968842
17253.479004	-99.139687
17258.862305	-99.530144
17264.245605	-99.289917
17269.628906	-99.094536
17275.012207	-98.897163
17280.395508	-99.143730
17285.778809	-99.175385
17291.162109	-98.935341
17296.545410	-98.884140
17301.928711	-98.623100
17307.312012	-98.545830
17312.695312	-98.870758
17318.078613	-99.798798
17323.461914	-100.220032
17328.845215	-99.423004
17334.228516	-99.356018
17339.611816	-98.907135
17344.995117	-99.075607
17350.378418	-99.259308
17355.761719	-99.354454
17361.145020	-98.934174
17366.528320	-99.109535
17371.911621	-99.502426
17377.294922	-100.322182
17382.678223	-99.508812
17388.061523	-99.141624
17393.444824	-99.561920
17398.828125	-99.296486
17404.211426	-99.895401
17409.594727	-98.738571
17414.978027	-98.718811
17420.361328	-99.070572
17425.744629	-99.508911
17431.127930	-99.354088
17436.511230	-99.106079
17441.894531	-99.595558
17447.277832	-99.043274
17452.661133	-98.947250
17458.044434	-99.318550
17463.427734	-99.264709
17468.811035	-98.804382
17474.194336	-98.843094
17479.577637	-98.700096
17484.960938	-99.367828
17490.344238	-98.568886
17495.727539	-98.239983
17501.110840	-99.577293
17506.494141	-99.365120
17511.877441	-99.765480
17517.260742	-99.496986
17522.644043	-99.265495
17528.027344	-99.539551
17533.410645	-99.438873
17538.793945	-99.789215
17544.177246	-99.905533
17549.560547	-99.710152
17554.943848	-99.441345
17560.327148	-99.104286
17565.710449	-99.912277
17571.093750	-99.791000
17576.477051	-99.305374
17581.860352	-99.203529
17587.243652	-99.574348
17592.626953	-99.342155
17598.010254	-99.544197
17603.393555	-99.146133
17608.776855	-98.528831
17614.160156	-99.128876
17619.543457	-99.263954
17624.926758	-99.439713
17630.310059	-99.527855
17635.693359	-99.583031
17641.076660	-99.340469
17646.459961	-99.342545
17651.843262	-99.001366
17657.226562	-98.852005
17662.609863	-98.801590
17667.993164	-99.401299
17673.376465	-99.137970
17678.759766	-98.453621
17684.143066	-99.091415
17689.526367	-99.131180
17694.909668	-99.433472
17700.292969	-99.340919
17705.676270	-98.945534
17711.059570	-99.503876
17716.442871	-99.714005
17721.826172	-99.288597
17727.209473	-99.452293
17732.592773	-99.391502
17737.976074	-98.904701
17743.359375	-98.938896
17748.742676	-98.611305
17754.125977	-98.969719
17759.509277	-99.309029
17764.892578	-99.247749
17770.275879	-98.528656
17775.659180	-98.464371
17781.042480	-98.893669
17786.425781	-98.644211
17791.809082	-99.474739
17797.192383	-99.910919
17802.575684	-99.778061
17807.958984	-98.976280
17813.342285	-98.470367
17818.725586	-98.852867
17824.108887	-98.657410
17829.492188	-99.800453
17834.875488	-99.625671
17840.258789	-99.113014
17845.642090	-98.310493
17851.025391	-98.559776
17856.408691	-98.947304
17861.791992	-99.216911
17867.175293	-98.782005
17872.558594	-99.219917
17877.941895	-99.598289
17883.325195	-99.428818
17888.708496	-99.570564
17894.091797	-98.510063
17899.475098	-98.779457
17904.858398	-99.234993
17910.241699	-99.172646
17915.625000	-99.743820
17921.008301	-99.123978
17926.391602	-99.116409
17931.774902	-99.369644
17937.158203	-99.056053
17942.541504	-99.259155
17947.924805	-99.331932
17953.308105	-99.876656
17958.691406	-99.672394
17964.074707	-99.145752
17969.458008	-98.644409
17974.841309	-98.721420
17980.224609	-98.954613
17985.607910	-98.744080
17990.991211	-98.244774
17996.374512	-98.310295
18001.757812	-98.615982
18007.141113	-98.856522
18012.524414	-98.818108
18017.907715	-98.509850
18023.291016	-98.453949
18028.674316	-98.673157
18034.057617	-98.866463
18039.440918	-99.466446
18044.824219	-98.582741
18050.207520	-98.226028
18055.590820	-98.777260
18060.974121	-98.822868
18066.357422	-98.443733
18071.740723	-98.879044
18077.124023	-98.790024
18082.507324	-98.430008
18087.890625	-98.197235
18093.273926	-97.734123
18098.657227	-97.960022
18104.040527	-98.681229
18109.423828	-98.518936
18114.807129	-98.665276
18120.190430	-98.773399
18125.573730	-98.767326
18130.957031	-98.820709
18136.340332	-98.673332
18141.723633	-98.580292
18147.106934	-98.256401
18152.490234	-98.382118
18157.873535	-98.183052
18163.256836	-98.325562
18168.640137	-98.296921
18174.023438	-98.206184
18179.406738	-98.216011
18184.790039	-98.030266
18190.173340	-97.721992
18195.556641	-98.033607
18200.939941	-98.729286
18206.323242	-98.553497
18211.706543	-98.151932
18217.089844	-98.488632
18222.473145	-98.187103
18227.856445	-98.040863
18233.239746	-98.014061
18238.623047	-98.574310
18244.006348	-98.053490
18249.389648	-98.481964
18254.772949	-98.168404
18260.156250	-98.183479
18265.539551	-98.371788
18270.922852	-98.260376
18276.306152	-97.723946
18281.689453	-97.608078
18287.072754	-98.014328
18292.456055	-98.050720
18297.839355	-98.110291
18303.222656	-98.077431
18308.605957	-98.360840
18313.989258	-98.398865
18319.372559	-98.133987
18324.755859	-97.930801
18330.139160	-98.229843
18335.522461	-98.478310
18340.905762	-98.260384
18346.289062	-98.738174
18351.672363	-98.317032
18357.055664	-97.810623
18362.438965	-98.263504
18367.822266	-97.947426
18373.205566	-98.133339
18378.588867	-97.486908
18383.972168	-97.530182
18389.355469	-98.203758
18394.738770	-98.210411
18400.122070	-98.213760
18405.505371	-97.769539
18410.888672	-97.955925
18416.271973	-97.748085
18421.655273	-97.728767
18427.038574	-97.938667
18432.421875	-97.822899
18437.805176	-97.347816
18443.188477	-97.703575
18448.571777	-97.860573
18453.955078	-97.541985
18459.338379	-97.908157
18464.721680	-97.868004
18470.104980	-98.329338
18475.488281	-98.097153
18480.871582	-98.001282
18486.254883	-97.499008
18491.638184	-97.639809
18497.021484	-97.603386
18502.404785	-97.495697
18507.788086	-97.932076
18513.171387	-98.288231
18518.554688	-98.409004
18523.937988	-98.779060
18529.321289	-98.796326
18534.704590	-98.259872
18540.087891	-97.545776
18545.471191	-97.792961
18550.854492	-97.909492
18556.237793	-98.378609
18561.621094	-98.116951
18567.004395	-98.123543
18572.387695	-98.410461
18577.770996	-98.286469
18583.154297	-98.324265
18588.537598	-98.537415
18593.920898	-98.234039
18599.304199	-98.517822
18604.687500	-98.856354
18610.070801	-98.437012
18615.454102	-98.215096
18620.837402	-97.852486
18626.220703	-98.802338
18631.604004	-98.147545
18636.987305	-98.478241
18642.370605	-98.369118
18647.753906	-97.993637
18653.137207	-97.572426
18658.520508	-97.479462
18663.903809	-98.093140
18669.287109	-98.129051
18674.670410	-98.316170
18680.053711	-97.889252
18685.437012	-97.863007
18690.820312	-97.589745
18696.203613	-97.636360
18701.586914	-98.082092
18706.970215	-97.977753
18712.353516	-98.388695
18717.736816	-98.182106
18723.120117	-97.899933
18728.503418	-98.421638
18733.886719	-97.781082
18739.270020	-97.881226
18744.653320	-97.669456
18750.036621	-97.550941
18755.419922	-98.300034
18760.803223	-97.606621
18766.186523	-97.499413
18771.569824	-98.218063
18776.953125	-97.909447
18782.336426	-97.238434
18787.719727	-97.255714
18793.103027	-97.104950
18798.486328	-97.502029
18803.869629	-97.871536
18809.252930	-97.853561
18814.636230	-97.850502
18820.019531	-98.097878
18825.402832	-98.203987
18830.786133	-98.350136
18836.169434	-98.686081
18841.552734	-98.049599
18846.936035	-97.659920
18852.319336	-98.073891
18857.702637	-98.123459
18863.085938	-98.206726
18868.469238	-98.679001
18873.852539	-98.060318
18879.235840	-97.827141
18884.619141	-98.152725
18890.002441	-97.788864
18895.385742	-98.271950
18900.769043	-98.386261
18906.152344	-98.555252
18911.535645	-98.418449
18916.918945	-98.436531
18922.302246	-98.223808
18927.685547	-98.349396
18933.068848	-98.259583
18938.452148	-98.336411
18943.835449	-97.735527
18949.218750	-98.208557
18954.602051	-98.148651
18959.985352	-98.168648
18965.368652	-98.276085
18970.751953	-98.019501
18976.135254	-98.312805
18981.518555	-98.367950
18986.901855	-97.959106
18992.285156	-98.449913
18997.668457	-98.852119
19003.051758	-98.314522
19008.435059	-98.511589
19013.818359	-98.506149
19019.201660	-98.101448
19024.584961	-98.250908
19029.968262	-97.642410
19035.351562	-98.243286
19040.734863	-98.513252
19046.118164	-98.272842
19051.501465	-98.207245
19056.884766	-98.522514
19062.268066	-98.572762
19067.651367	-98.522827
19073.034668	-98.014175
19078.417969	-98.285965
19083.801270	-98.598404
19089.184570	-98.696411
19094.567871	-98.374924
19099.951172	-98.007950
19105.334473	-98.473274
19110.717773	-98.504417
19116.101074	-98.849724
19121.484375	-98.836891
19126.867676	-98.089874
19132.250977	-98.335152
19137.634277	-98.525223
19143.017578	-98.596939
19148.400879	-99.077858
19153.784180	-98.376869
19159.167480	-98.270493
19164.550781	-98.825035
19169.934082	-98.968239
19175.317383	-98.706192
19180.700684	-98.493668
19186.083984	-98.496460
19191.467285	-98.172180
19196.850586	-97.796371
19202.233887	-97.803627
19207.617188	-98.358185
19213.000488	-98.412125
19218.383789	-98.302437
19223.767090	-98.230560
19229.150391	-98.029053
19234.533691	-98.817429
19239.916992	-98.447075
19245.300293	-98.535324
19250.683594	-98.583511
19256.066895	-98.397865
19261.450195	-99.285477
19266.833496	-99.103989
19272.216797	-99.007820
19277.600098	-98.432556
19282.983398	-98.643379
19288.366699	-98.361275
19293.750000	-97.599785
19299.133301	-97.619370
19304.516602	-98.169029
19309.899902	-98.686745
19315.283203	-98.323624
19320.666504	-98.205025
19326.049805	-98.459961
19331.433105	-98.466339
19336.816406	-98.374184
19342.199707	-97.934380
19347.583008	-97.952797
19352.966309	-99.229004
19358.349609	-99.155746
19363.732910	-98.367462
19369.116211	-98.476280
19374.499512	-99.278023
19379.882812	-99.050827
19385.266113	-98.484360
19390.649414	-98.803230
19396.032715	-98.722015
19401.416016	-98.317261
19406.799316	-98.252411
19412.182617	-98.478714
19417.565918	-98.394035
19422.949219	-98.539223
19428.332520	-98.699059
19433.715820	-98.259895
19439.099121	-97.643410
19444.482422	-98.256630
19449.865723	-98.248886
19455.249023	-98.746803
19460.632324	-98.559456
19466.015625	-98.982780
19471.398926	-99.021729
19476.782227	-98.146545
19482.165527	-98.799034
19487.548828	-98.746437
19492.932129	-98.787628
19498.315430	-99.350952
19503.698730	-98.474434
19509.082031	-98.666039
19514.465332	-98.067421
19519.848633	-98.173279
19525.231934	-98.274101
19530.615234	-98.113564
19535.998535	-98.724762
19541.381836	-98.457176
19546.765137	-98.935730
19552.148438	-99.114159
19557.531738	-98.760063
19562.915039	-98.500664
19568.298340	-98.805519
19573.681641	-99.260582
19579.064941	-98.910736
19584.448242	-99.162231
19589.831543	-99.161400
19595.214844	-98.670547
19600.598145	-98.843925
19605.981445	-98.818672
19611.364746	-99.060852
19616.748047	-99.015533
19622.131348	-98.698486
19627.514648	-98.710815
19632.897949	-99.125069
19638.281250	-99.508209
19643.664551	-99.400963
19649.047852	-98.638191
19654.431152	-98.527122
19659.814453	-98.749138
19665.197754	-99.010674
19670.581055	-99.046722
19675.964355	-98.797874
19681.347656	-98.792038
19686.730957	-98.919296
19692.114258	-98.473328
19697.497559	-98.751587
19702.880859	-99.023590
19708.264160	-99.151009
19713.647461	-99.051941
19719.030762	-99.088928
19724.414062	-99.138878
19729.797363	-99.338982
19735.180664	-98.613731
19740.563965	-98.903961
19745.947266	-98.642876
19751.330566	-98.638359
19756.713867	-98.621262
19762.097168	-99.210411
19767.480469	-99.405632
19772.863770	-98.399529
19778.247070	-98.664314
19783.630371	-98.916664
19789.013672	-99.065102
19794.396973	-98.557350
19799.780273	-98.362991
19805.163574	-99.327309
19810.546875	-99.344719
19815.930176	-99.208191
19821.313477	-98.591881
19826.696777	-99.086769
19832.080078	-98.482628
19837.463379	-98.578079
19842.846680	-98.631721
19848.229980	-98.983368
19853.613281	-99.446526
19858.996582	-99.308258
19864.379883	-98.313423
19869.763184	-98.541962
19875.146484	-98.629723
19880.529785	-99.194595
19885.913086	-98.927818
19891.296387	-98.355484
19896.679688	-98.785027
19902.062988	-98.884880
19907.446289	-99.159584
19912.829590	-98.789879
19918.212891	-98.425774
19923.596191	-98.381401
19928.979492	-98.502762
19934.362793	-98.330513
19939.746094	-98.947983
19945.129395	-99.556358
19950.512695	-99.162201
19955.895996	-98.553818
19961.279297	-98.771713
19966.662598	-99.339333
19972.045898	-98.996994
19977.429199	-98.596901
19982.812500	-98.866501
19988.195801	-98.683044
19993.579102	-98.055061
19998.962402	-98.464897
20004.345703	-98.503174
20009.729004	-98.591942
20015.112305	-98.806717
20020.495605	-98.935196
20025.878906	-98.815781
20031.262207	-99.173523
20036.645508	-98.331345
20042.028809	-98.698463
20047.412109	-98.283722
20052.795410	-98.508270
20058.178711	-98.176231
20063.562012	-98.761627
20068.945312	-98.956802
20074.328613	-99.647018
20079.711914	-99.773323
20085.095215	-99.191559
20090.478516	-98.768311
20095.861816	-98.429840
20101.245117	-98.630882
20106.628418	-98.557205
20112.011719	-98.499260
20117.395020	-98.845078
20122.778320	-98.819275
20128.161621	-99.073547
20133.544922	-98.583488
20138.928223	-98.284370
20144.311523	-98.740067
20149.694824	-98.809990
20155.078125	-99.648911
20160.461426	-99.183342
20165.844727	-98.324921
20171.228027	-98.757797
20176.611328	-99.057312
20181.994629	-99.069618
20187.377930	-98.964081
20192.761230	-99.451820
20198.144531	-99.379616
20203.527832	-99.161629
20208.911133	-99.431633
20214.294434	-98.892471
20219.677734	-98.913460
20225.061035	-99.249985
20230.444336	-99.375816
20235.827637	-98.709908
20241.210938	-98.929642
20246.594238	-99.352791
20251.977539	-100.014351
20257.360840	-99.754112
20262.744141	-99.813782
20268.127441	-99.210938
20273.510742	-99.556892
20278.894043	-99.453300
20284.277344	-99.430038
20289.660645	-99.060226
20295.043945	-99.345917
20300.427246	-99.396301
20305.810547	-99.100357
20311.193848	-99.315048
20316.577148	-99.078110
20321.960449	-99.928299
20327.343750	-100.507629
20332.727051	-99.730347
20338.110352	-99.796043
20343.493652	-100.259598
20348.876953	-99.956001
20354.260254	-100.081108
20359.643555	-100.535866
20365.026855	-100.376534
20370.410156	-100.389557
20375.793457	-99.759621
20381.176758	-99.806244
20386.560059	-99.545441
20391.943359	-100.171432
20397.326660	-99.979149
20402.709961	-99.851143
20408.093262	-99.660576
20413.476562	-100.329178
20418.859863	-100.684860
20424.243164	-100.401634
20429.626465	-100.457230
20435.009766	-100.461662
20440.393066	-100.492508
20445.776367	-100.435188
20451.159668	-100.483444
20456.542969	-100.397858
20461.926270	-100.476273
20467.309570	-101.167511
20472.692871	-100.565201
20478.076172	-100.640938
20483.459473	-101.100113
20488.842773	-100.595718
20494.226074	-100.752419
20499.609375	-101.148483
20504.992676	-100.809685
20510.375977	-101.160797
20515.759277	-101.121704
20521.142578	-100.203987
20526.525879	-100.783470
20531.909180	-100.745171
20537.292480	-101.004585
20542.675781	-101.247589
20548.059082	-101.518181
20553.442383	-101.586395
20558.825684	-101.829582
20564.208984	-101.776070
20569.592285	-102.261055
20574.975586	-101.648804
20580.358887	-101.810600
20585.742188	-102.143066
20591.125488	-102.698799
20596.508789	-102.974144
20601.892090	-102.349747
20607.275391	-102.869324
20612.658691	-103.153419
20618.041992	-103.166252
20623.425293	-103.198288
20628.808594	-103.463905
20634.191895	-103.932045
20639.575195	-103.338104
20644.958496	-103.380264
20650.341797	-103.122009
20655.725098	-104.020660
20661.108398	-103.896797
20666.491699	-103.662994
20671.875000	-102.959625
20677.258301	-103.108391
20682.641602	-103.579620
20688.024902	-104.258476
20693.408203	-104.000305
20698.791504	-104.055527
20704.174805	-104.196129
20709.558105	-104.698418
20714.941406	-104.823921
20720.324707	-105.242943
20725.708008	-105.612473
20731.091309	-105.266991
20736.474609	-105.472092
20741.857910	-105.147926
20747.241211	-105.965858
20752.624512	-105.571083
20758.007812	-105.404091
20763.391113	-105.934853
20768.774414	-106.044472
20774.157715	-105.835579
20779.541016	-106.406540
20784.924316	-106.424194
20790.307617	-106.508751
20795.690918	-106.569611
20801.074219	-106.694893
20806.457520	-107.086273
20811.840820	-107.326935
20817.224121	-107.545631
20822.607422	-108.026436
20827.990723	-107.656319
20833.374023	-108.096565
20838.757324	-108.421585
20844.140625	-107.843124
20849.523926	-108.146599
20854.907227	-108.847427
20860.290527	-108.633942
20865.673828	-108.605202
20871.057129	-108.574898
20876.440430	-108.941483
20881.823730	-109.401497
20887.207031	-109.241737
20892.590332	-109.121758
20897.973633	-110.010330
20903.356934	-110.188416
20908.740234	-109.431206
20914.123535	-109.721550
20919.506836	-110.486076
20924.890137	-110.302330
20930.273438	-111.134430
20935.656738	-111.426605
20941.040039	-111.729591
20946.423340	-111.938362
20951.806641	-111.205315
20957.189941	-111.387688
20962.573242	-112.121796
20967.956543	-112.259766
20973.339844	-112.806465
20978.723145	-113.171631
20984.106445	-113.151482
20989.489746	-113.462166
20994.873047	-113.377037
21000.256348	-114.081299
21005.639648	-114.070320
21011.022949	-114.552544
21016.406250	-114.653969
21021.789551	-114.344238
21027.172852	-115.253006
21032.556152	-115.028931
21037.939453	-115.490700
21043.322754	-115.816353
21048.706055	-115.976387
21054.089355	-116.151642
21059.472656	-116.810738
21064.855957	-116.305016
21070.239258	-116.683739
21075.622559	-117.232544
21081.005859	-117.502419
21086.389160	-117.759148
21091.772461	-118.637611
21097.155762	-118.538971
21102.539062	-118.500076
21107.922363	-119.114479
21113.305664	-119.216156
21118.688965	-119.179047
21124.072266	-118.868195
21129.455566	-119.006279
21134.838867	-119.935997
21140.222168	-120.416641
21145.605469	-120.595764
21150.988770	-121.205299
21156.372070	-118.857933
21161.755371	-110.469154
21167.138672	-112.995857
21172.521973	-121.485626
21177.905273	-122.231071
21183.288574	-122.842339
21188.671875	-123.042801
21194.055176	-123.745819
21199.438477	-124.263733
21204.821777	-124.861801
21210.205078	-125.111618
21215.588379	-124.504135
21220.971680	-124.922371
21226.354980	-125.631622
21231.738281	-125.542358
21237.121582	-126.396454
21242.504883	-125.719215
21247.888184	-126.790291
21253.271484	-126.929787
21258.654785	-127.215057
21264.038086	-127.823524
21269.421387	-128.518097
21274.804688	-128.828308
21280.187988	-128.762619
21285.571289	-128.308975
21290.954590	-129.019760
21296.337891	-129.292969
21301.721191	-129.606689
21307.104492	-129.632614
21312.487793	-130.244339
21317.871094	-130.634064
21323.254395	-130.688187
21328.637695	-130.807266
21334.020996	-131.133072
21339.404297	-131.287140
21344.787598	-131.242523
21350.170898	-131.609665
21355.554199	-131.676544
21360.937500	-131.692703
21366.320801	-132.434433
21371.704102	-132.376144
21377.087402	-132.453751
21382.470703	-132.752335
21387.854004	-132.218826
21393.237305	-132.794830
21398.620605	-132.741318
21404.003906	-132.989227
21409.387207	-133.173813
21414.770508	-133.098541
21420.153809	-133.414307
21425.537109	-133.059814
21430.920410	-133.392212
21436.303711	-133.266891
21441.687012	-133.568787
21447.070312	-133.446045
21452.453613	-133.381378
21457.836914	-133.617615
21463.220215	-133.413345
21468.603516	-133.665115
21473.986816	-133.631714
21479.370117	-133.641586
21484.753418	-133.728104
21490.136719	-133.463547
21495.520020	-133.674271
21500.903320	-133.748138
21506.286621	-133.718979
21511.669922	-133.664856
21517.053223	-133.647614
21522.436523	-133.772552
21527.819824	-133.745544
21533.203125	-133.711960
21538.586426	-133.725662
21543.969727	-133.707062
21549.353027	-133.815094
21554.736328	-133.740280
21560.119629	-133.754486
21565.502930	-133.757294
21570.886230	-133.730850
21576.269531	-133.751404
21581.652832	-133.799805
21587.036133	-133.769180
21592.419434	-133.708466
21597.802734	-133.794754
21603.186035	-133.762100
21608.569336	-133.782043
21613.952637	-133.738983
21619.335938	-133.779510
21624.719238	-133.754654
21630.102539	-133.784378
21635.485840	-133.758316
21640.869141	-133.773376
21646.252441	-133.758469
21651.635742	-133.774353
21657.019043	-133.767868
21662.402344	-133.772507
21667.785645	-133.761871
21673.168945	-133.767731
21678.552246	-133.769485
21683.935547	-133.772781
21689.318848	-133.765305
21694.702148	-133.770920
21700.085449	-133.767059
21705.468750	-133.770218
21710.852051	-133.769272
21716.235352	-133.767914
21721.618652	-133.769867
21727.001953	-133.766632
21732.385254	-133.772171
21737.768555	-133.768005
21743.151855	-133.769348
21748.535156	-133.769547
21753.918457	-133.768097
21759.301758	-133.770660
21764.685059	-133.768478
21770.068359	-133.770218
21775.451660	-133.769394
21780.834961	-133.769608
21786.218262	-133.768951
21791.601562	-133.769348
21796.984863	-133.770035
21802.368164	-133.769379
21807.751465	-133.769241
21813.134766	-133.769516
21818.518066	-133.769653
21823.901367	-133.769485
21829.284668	-133.769363
21834.667969	-133.769760
21840.051270	-133.769745
21845.434570	-133.769836
21850.817871	-133.769775
21856.201172	-133.769592
21861.584473	-133.770004
21866.967773	-133.769653
21872.351074	-133.769791
21877.734375	-133.769760
21883.117676	-133.769821
21888.500977	-133.769791
21893.884277	-133.770004
21899.267578	-133.769821
21904.650879	-133.770187
21910.034180	-133.769608
21915.417480	-133.769775
21920.800781	-133.770065
21926.184082	-133.769928
21931.567383	-133.769882
21936.950684	-133.770615
21942.333984	-133.770020
21947.717285	-133.769867
21953.100586	-133.770126
21958.483887	-133.769882
21963.867188	-133.769760
21969.250488	-133.770203
21974.633789	-133.769958
21980.017090	-133.770203
21985.400391	-133.770340
21990.783691	-133.770935
21996.166992	-133.769974
22001.550293	-133.770248
22006.933594	-133.770340
22012.316895	-133.770065
22017.700195	-133.770355
22023.083496	-133.770615
22028.466797	-133.769913
22033.850098	-133.770126
22039.233398	-133.770126
22044.616699	-133.770065
