Frequency (Hz)	Level (dB)
5.383301	-85.236694
10.766602	-84.176666
16.149902	-68.628632
21.533203	-57.749710
26.916504	-58.053864
32.299805	-54.275936
37.683105	-51.614620
43.066406	-50.870632
48.449707	-49.041706
53.833008	-48.153950
59.216309	-49.823776
64.599609	-49.384853
69.982910	-48.642731
75.366211	-51.129513
80.749512	-49.715206
86.132812	-47.462906
91.516113	-47.166565
96.899414	-45.985336
102.282715	-42.211037
107.666016	-42.080700
113.049316	-42.274509
118.432617	-48.296204
123.815918	-50.436497
129.199219	-48.517593
134.582520	-48.188652
139.965820	-51.056198
145.349121	-53.179020
150.732422	-55.173244
156.115723	-57.033340
161.499023	-57.048935
166.882324	-55.990131
172.265625	-55.124004
177.648926	-55.150803
183.032227	-54.853626
188.415527	-54.273815
193.798828	-54.108925
199.182129	-54.210712
204.565430	-56.097328
209.948730	-57.049324
215.332031	-57.026878
220.715332	-57.264904
226.098633	-56.683083
231.481934	-58.524963
236.865234	-62.187195
242.248535	-63.997334
247.631836	-66.042557
253.015137	-67.274551
258.398438	-64.959953
263.781738	-63.003796
269.165039	-65.807007
274.548340	-67.163467
279.931641	-66.812378
285.314941	-65.570419
290.698242	-66.085838
296.081543	-66.287811
301.464844	-65.522713
306.848145	-65.491661
312.231445	-65.488945
317.614746	-64.724693
322.998047	-63.573769
328.381348	-62.349464
333.764648	-62.095871
339.147949	-61.979889
344.531250	-62.817890
349.914551	-63.846897
355.297852	-64.890167
360.681152	-65.264153
366.064453	-66.187225
371.447754	-66.754105
376.831055	-66.503494
382.214355	-66.359825
387.597656	-65.899750
392.980957	-64.582764
398.364258	-63.551086
403.747559	-62.044739
409.130859	-61.023731
414.514160	-62.116600
419.897461	-62.296673
425.280762	-63.100864
430.664062	-64.250595
436.047363	-64.917358
441.430664	-66.455849
446.813965	-68.065453
452.197266	-68.431671
457.580566	-67.752762
462.963867	-68.626389
468.347168	-69.539566
473.730469	-69.068123
479.113770	-69.021873
484.497070	-68.919945
489.880371	-68.449677
495.263672	-67.837906
500.646973	-66.838219
506.030273	-65.913307
511.413574	-65.053497
516.796875	-63.284035
522.180176	-60.691853
527.563477	-60.349331
532.946777	-62.175850
538.330078	-63.428646
543.713379	-64.060242
549.096680	-65.952652
554.479980	-67.209938
559.863281	-69.451904
565.246582	-69.499977
570.629883	-68.582893
576.013184	-68.769150
581.396484	-69.265495
586.779785	-67.921928
592.163086	-66.001305
597.546387	-65.950661
602.929688	-65.668945
608.312988	-64.953056
613.696289	-64.654297
619.079590	-64.756088
624.462891	-66.027428
629.846191	-66.593925
635.229492	-67.002579
640.612793	-67.087303
645.996094	-67.215385
651.379395	-66.838554
656.762695	-66.223991
662.145996	-66.856926
667.529297	-67.441475
672.912598	-67.413147
678.295898	-67.638374
683.679199	-68.355537
689.062500	-68.068077
694.445801	-68.251747
699.829102	-68.759705
705.212402	-69.486633
710.595703	-70.356255
715.979004	-70.859917
721.362305	-70.378464
726.745605	-70.645844
732.128906	-71.079903
737.512207	-70.930054
742.895508	-71.388237
748.278809	-72.487709
753.662109	-73.515152
759.045410	-74.598991
764.428711	-75.187492
769.812012	-75.708351
775.195312	-75.479683
780.578613	-74.116707
785.961914	-73.372314
791.345215	-72.309349
796.728516	-71.666389
802.111816	-70.782883
807.495117	-70.323570
812.878418	-69.587318
818.261719	-70.251465
823.645020	-70.427773
829.028320	-70.766113
834.411621	-70.699257
839.794922	-71.548134
845.178223	-72.246902
850.561523	-73.404274
855.944824	-74.801155
861.328125	-74.705414
866.711426	-73.832115
872.094727	-73.092781
877.478027	-72.446754
882.861328	-71.507263
888.244629	-70.511368
893.627930	-69.478088
899.011230	-69.606796
904.394531	-69.529358
909.777832	-69.669319
915.161133	-68.973839
920.544434	-68.062782
925.927734	-67.945290
931.311035	-67.754013
936.694336	-67.358459
942.077637	-67.888214
947.460938	-68.950150
952.844238	-70.670135
958.227539	-72.619522
963.610840	-74.776260
968.994141	-75.316429
974.377441	-74.811501
979.760742	-74.232582
985.144043	-74.036606
990.527344	-74.466873
995.910645	-74.124146
1001.293945	-73.955147
1006.677246	-74.762749
1012.060547	-73.933434
1017.443848	-72.733818
1022.827148	-72.417511
1028.210449	-71.977356
1033.593750	-71.493179
1038.977051	-71.760803
1044.360352	-72.947578
1049.743652	-73.887726
1055.126953	-75.396431
1060.510254	-76.547447
1065.893555	-77.004227
1071.276855	-76.895676
1076.660156	-76.987068
1082.043457	-76.727638
1087.426758	-76.220673
1092.810059	-76.084328
1098.193359	-75.515907
1103.576660	-75.455513
1108.959961	-75.068298
1114.343262	-74.652351
1119.726562	-74.092072
1125.109863	-74.592079
1130.493164	-75.669212
1135.876465	-76.548439
1141.259766	-77.564728
1146.643066	-77.795822
1152.026367	-77.911201
1157.409668	-77.538078
1162.792969	-77.496056
1168.176270	-76.384613
1173.559570	-75.089203
1178.942871	-73.583153
1184.326172	-73.921341
1189.709473	-75.967865
1195.092773	-77.935226
1200.476074	-78.695496
1205.859375	-78.976318
1211.242676	-78.806664
1216.625977	-78.060394
1222.009277	-78.120987
1227.392578	-79.641861
1232.775879	-79.884201
1238.159180	-79.284119
1243.542480	-78.708244
1248.925781	-78.922592
1254.309082	-79.718895
1259.692383	-80.179787
1265.075684	-79.611961
1270.458984	-78.832108
1275.842285	-77.090607
1281.225586	-76.363708
1286.608887	-75.623314
1291.992188	-75.061592
1297.375488	-75.798286
1302.758789	-76.855461
1308.142090	-76.399651
1313.525391	-76.459770
1318.908691	-77.841759
1324.291992	-79.310242
1329.675293	-79.766319
1335.058594	-78.824959
1340.441895	-78.222031
1345.825195	-77.609940
1351.208496	-77.477905
1356.591797	-78.209244
1361.975098	-78.958397
1367.358398	-79.034874
1372.741699	-79.473068
1378.125000	-80.109337
1383.508301	-80.584930
1388.891602	-80.848732
1394.274902	-80.401985
1399.658203	-78.991928
1405.041504	-77.828888
1410.424805	-77.062332
1415.808105	-76.469864
1421.191406	-76.295830
1426.574707	-75.886787
1431.958008	-75.723808
1437.341309	-75.439270
1442.724609	-75.720993
1448.107910	-76.888931
1453.491211	-76.503052
1458.874512	-76.217003
1464.257812	-76.603233
1469.641113	-77.415527
1475.024414	-77.274689
1480.407715	-77.401184
1485.791016	-78.014137
1491.174316	-78.165230
1496.557617	-78.595787
1501.940918	-78.633339
1507.324219	-78.210442
1512.707520	-77.670601
1518.090820	-76.755539
1523.474121	-76.608276
1528.857422	-76.615082
1534.240723	-76.339798
1539.624023	-75.789871
1545.007324	-75.759949
1550.390625	-76.092522
1555.773926	-76.628212
1561.157227	-77.504051
1566.540527	-77.435905
1571.923828	-76.885063
1577.307129	-77.191811
1582.690430	-77.635216
1588.073730	-77.517990
1593.457031	-77.344849
1598.840332	-77.558243
1604.223633	-77.747849
1609.606934	-77.856300
1614.990234	-78.780762
1620.373535	-79.529106
1625.756836	-78.865379
1631.140137	-79.067459
1636.523438	-78.060402
1641.906738	-77.162193
1647.290039	-76.773315
1652.673340	-76.444252
1658.056641	-75.590469
1663.439941	-75.348740
1668.823242	-75.611099
1674.206543	-75.424416
1679.589844	-74.827766
1684.973145	-74.684669
1690.356445	-74.384071
1695.739746	-74.128784
1701.123047	-74.201340
1706.506348	-74.882141
1711.889648	-76.302826
1717.272949	-76.585724
1722.656250	-77.526459
1728.039551	-78.172882
1733.422852	-79.057518
1738.806152	-80.534576
1744.189453	-81.306122
1749.572754	-82.035690
1754.956055	-81.834999
1760.339355	-81.823265
1765.722656	-80.918015
1771.105957	-80.529442
1776.489258	-80.868340
1781.872559	-81.052338
1787.255859	-81.268875
1792.639160	-81.419212
1798.022461	-80.977859
1803.405762	-81.282013
1808.789062	-82.029381
1814.172363	-82.794380
1819.555664	-83.507126
1824.938965	-83.345459
1830.322266	-82.981468
1835.705566	-82.485825
1841.088867	-81.996613
1846.472168	-81.912415
1851.855469	-81.702469
1857.238770	-81.157524
1862.622070	-79.936546
1868.005371	-79.802490
1873.388672	-79.600433
1878.771973	-80.130684
1884.155273	-80.624420
1889.538574	-81.349655
1894.921875	-81.504883
1900.305176	-81.009338
1905.688477	-81.532806
1911.071777	-82.725616
1916.455078	-83.959969
1921.838379	-84.272476
1927.221680	-84.595360
1932.604980	-84.816025
1937.988281	-83.817917
1943.371582	-83.551544
1948.754883	-83.571495
1954.138184	-83.390358
1959.521484	-83.642090
1964.904785	-84.027740
1970.288086	-83.843018
1975.671387	-84.039825
1981.054688	-84.772148
1986.437988	-85.555077
1991.821289	-85.773643
1997.204590	-85.362686
2002.587891	-84.258911
2007.971191	-84.143257
2013.354492	-83.538635
2018.737793	-82.199089
2024.121094	-81.160309
2029.504395	-79.418098
2034.887695	-78.769020
2040.270996	-82.047310
2045.654297	-82.338051
2051.037598	-82.730789
2056.420898	-83.290833
2061.804199	-83.349670
2067.187500	-83.362320
2072.570801	-82.241760
2077.954102	-82.090698
2083.337402	-82.682259
2088.720703	-82.742020
2094.104004	-83.015007
2099.487305	-82.981087
2104.870605	-82.927254
2110.253906	-82.759300
2115.637207	-82.927483
2121.020508	-82.347015
2126.403809	-81.774010
2131.787109	-81.109901
2137.170410	-81.199448
2142.553711	-81.085083
2147.937012	-80.588165
2153.320312	-80.538643
2158.703613	-81.118851
2164.086914	-81.342278
2169.470215	-81.806740
2174.853516	-82.118431
2180.236816	-82.327576
2185.620117	-82.312233
2191.003418	-81.727463
2196.386719	-80.901855
2201.770020	-80.319435
2207.153320	-80.012695
2212.536621	-79.649300
2217.919922	-79.538986
2223.303223	-79.858429
2228.686523	-79.995155
2234.069824	-80.470657
2239.453125	-81.303741
2244.836426	-81.669106
2250.219727	-83.417946
2255.603027	-84.707550
2260.986328	-85.712189
2266.369629	-85.796349
2271.752930	-85.975494
2277.136230	-86.406921
2282.519531	-86.836845
2287.902832	-87.203171
2293.286133	-87.551445
2298.669434	-86.203186
2304.052734	-86.213898
2309.436035	-86.702919
2314.819336	-86.316948
2320.202637	-86.559464
2325.585938	-86.711288
2330.969238	-87.065849
2336.352539	-87.404686
2341.735840	-87.789726
2347.119141	-87.790909
2352.502441	-86.883301
2357.885742	-86.404099
2363.269043	-85.948929
2368.652344	-85.209953
2374.035645	-85.168648
2379.418945	-85.575378
2384.802246	-85.970184
2390.185547	-86.113083
2395.568848	-86.069382
2400.952148	-86.721939
2406.335449	-86.546814
2411.718750	-86.082741
2417.102051	-86.613045
2422.485352	-86.324783
2427.868652	-86.548172
2433.251953	-86.536957
2438.635254	-84.528618
2444.018555	-86.051262
2449.401855	-87.909775
2454.785156	-88.215729
2460.168457	-89.448952
2465.551758	-89.824020
2470.935059	-89.174187
2476.318359	-88.982353
2481.701660	-88.332703
2487.084961	-88.154709
2492.468262	-88.034851
2497.851562	-87.597748
2503.234863	-87.122856
2508.618164	-86.580406
2514.001465	-85.386375
2519.384766	-85.663734
2524.768066	-86.243301
2530.151367	-86.208199
2535.534668	-86.891060
2540.917969	-86.948784
2546.301270	-87.118683
2551.684570	-87.369812
2557.067871	-88.153625
2562.451172	-88.597649
2567.834473	-88.901489
2573.217773	-89.117966
2578.601074	-89.519409
2583.984375	-88.919434
2589.367676	-88.848480
2594.750977	-88.716675
2600.134277	-89.667397
2605.517578	-90.162376
2610.900879	-90.030067
2616.284180	-90.562263
2621.667480	-91.231033
2627.050781	-90.780907
2632.434082	-90.544060
2637.817383	-90.300018
2643.200684	-89.932999
2648.583984	-89.651871
2653.967285	-89.671791
2659.350586	-89.728699
2664.733887	-88.984253
2670.117188	-89.146812
2675.500488	-89.065231
2680.883789	-89.211456
2686.267090	-89.027039
2691.650391	-88.415565
2697.033691	-88.810036
2702.416992	-88.569283
2707.800293	-88.763741
2713.183594	-89.075195
2718.566895	-89.102661
2723.950195	-89.329437
2729.333496	-89.153549
2734.716797	-88.231094
2740.100098	-87.980728
2745.483398	-88.243355
2750.866699	-87.784714
2756.250000	-87.620743
2761.633301	-87.524529
2767.016602	-87.446411
2772.399902	-87.190918
2777.783203	-86.957619
2783.166504	-86.503265
2788.549805	-86.758293
2793.933105	-86.819359
2799.316406	-86.839531
2804.699707	-86.622627
2810.083008	-86.421234
2815.466309	-86.426254
2820.849609	-87.117241
2826.232910	-87.692223
2831.616211	-88.100098
2836.999512	-89.374702
2842.382812	-89.891586
2847.766113	-90.656685
2853.149414	-91.626389
2858.532715	-91.802643
2863.916016	-91.754097
2869.299316	-90.529846
2874.682617	-89.643196
2880.065918	-88.934212
2885.449219	-88.445702
2890.832520	-88.207809
2896.215820	-88.216309
2901.599121	-87.741570
2906.982422	-87.849739
2912.365723	-88.357979
2917.749023	-88.989319
2923.132324	-88.809448
2928.515625	-89.256561
2933.898926	-90.034370
2939.282227	-90.040054
2944.665527	-89.892754
2950.048828	-89.810226
2955.432129	-90.021156
2960.815430	-89.615288
2966.198730	-90.359283
2971.582031	-90.661507
2976.965332	-90.435608
2982.348633	-91.102333
2987.731934	-92.114342
2993.115234	-92.594719
2998.498535	-92.570496
3003.881836	-93.218773
3009.265137	-92.779022
3014.648438	-92.109177
3020.031738	-92.196022
3025.415039	-91.747055
3030.798340	-92.045471
3036.181641	-91.616943
3041.564941	-91.901367
3046.948242	-92.023354
3052.331543	-91.714867
3057.714844	-91.372612
3063.098145	-91.211227
3068.481445	-91.017464
3073.864746	-90.066757
3079.248047	-89.495811
3084.631348	-89.764626
3090.014648	-89.531364
3095.397949	-89.647118
3100.781250	-89.721893
3106.164551	-90.143364
3111.547852	-90.270164
3116.931152	-90.044548
3122.314453	-90.392326
3127.697754	-91.262062
3133.081055	-92.852432
3138.464355	-93.874046
3143.847656	-94.101395
3149.230957	-94.149513
3154.614258	-93.915123
3159.997559	-93.777664
3165.380859	-93.725204
3170.764160	-93.026054
3176.147461	-91.840050
3181.530762	-90.620728
3186.914062	-89.698608
3192.297363	-89.336159
3197.680664	-88.585236
3203.063965	-88.191193
3208.447266	-88.044571
3213.830566	-88.408890
3219.213867	-88.910728
3224.597168	-89.339806
3229.980469	-89.761276
3235.363770	-90.689529
3240.747070	-91.422821
3246.130371	-91.182693
3251.513672	-90.563889
3256.896973	-90.432541
3262.280273	-89.990723
3267.663574	-89.568459
3273.046875	-89.418358
3278.430176	-90.124420
3283.813477	-90.882622
3289.196777	-91.660378
3294.580078	-92.116661
3299.963379	-91.613091
3305.346680	-91.095306
3310.729980	-90.197212
3316.113281	-90.405182
3321.496582	-90.893875
3326.879883	-91.210136
3332.263184	-91.169098
3337.646484	-91.739868
3343.029785	-90.977150
3348.413086	-90.365974
3353.796387	-89.505760
3359.179688	-88.103668
3364.562988	-87.840263
3369.946289	-87.622925
3375.329590	-88.324905
3380.712891	-88.775063
3386.096191	-89.323494
3391.479492	-90.155235
3396.862793	-90.561661
3402.246094	-90.394989
3407.629395	-91.190231
3413.012695	-91.902161
3418.395996	-92.202126
3423.779297	-92.752991
3429.162598	-93.047211
3434.545898	-94.060921
3439.929199	-94.592476
3445.312500	-94.928711
3450.695801	-95.272148
3456.079102	-95.020676
3461.462402	-94.507637
3466.845703	-94.444618
3472.229004	-94.466698
3477.612305	-94.439728
3482.995605	-94.590988
3488.378906	-94.264397
3493.762207	-94.076309
3499.145508	-93.136154
3504.528809	-92.016869
3509.912109	-91.881485
3515.295410	-91.866417
3520.678711	-92.426933
3526.062012	-93.024437
3531.445312	-93.017693
3536.828613	-93.132133
3542.211914	-93.086174
3547.595215	-93.373993
3552.978516	-93.509789
3558.361816	-93.351059
3563.745117	-93.449493
3569.128418	-93.924927
3574.511719	-94.112022
3579.895020	-94.463860
3585.278320	-94.126122
3590.661621	-92.612274
3596.044922	-91.105354
3601.428223	-90.395058
3606.811523	-90.622177
3612.194824	-91.096001
3617.578125	-91.132576
3622.961426	-92.077293
3628.344727	-92.645615
3633.728027	-93.060493
3639.111328	-93.657967
3644.494629	-93.271042
3649.877930	-91.930496
3655.261230	-90.726822
3660.644531	-90.633369
3666.027832	-90.538322
3671.411133	-90.231216
3676.794434	-90.225540
3682.177734	-90.544540
3687.561035	-91.220688
3692.944336	-91.598953
3698.327637	-91.942459
3703.710938	-91.651466
3709.094238	-92.306152
3714.477539	-92.877922
3719.860840	-92.875702
3725.244141	-92.824890
3730.627441	-92.525093
3736.010742	-91.783470
3741.394043	-91.642380
3746.777344	-91.766632
3752.160645	-91.357063
3757.543945	-91.245750
3762.927246	-90.972679
3768.310547	-90.676712
3773.693848	-91.109650
3779.077148	-91.857788
3784.460449	-92.136147
3789.843750	-92.096046
3795.227051	-92.770042
3800.610352	-92.796295
3805.993652	-93.432434
3811.376953	-93.566528
3816.760254	-93.265587
3822.143555	-92.906281
3827.526855	-92.749596
3832.910156	-92.397606
3838.293457	-93.071571
3843.676758	-93.588333
3849.060059	-93.716812
3854.443359	-94.825089
3859.826660	-94.527229
3865.209961	-94.726257
3870.593262	-95.318672
3875.976562	-95.443230
3881.359863	-94.966240
3886.743164	-94.984261
3892.126465	-95.052200
3897.509766	-94.560463
3902.893066	-94.636635
3908.276367	-94.307137
3913.659668	-94.420273
3919.042969	-94.261391
3924.426270	-93.724922
3929.809570	-93.318314
3935.192871	-93.514847
3940.576172	-92.794487
3945.959473	-93.194656
3951.342773	-93.670052
3956.726074	-94.199265
3962.109375	-94.722099
3967.492676	-95.336098
3972.875977	-95.515289
3978.259277	-94.652885
3983.642578	-94.096230
3989.025879	-93.311577
3994.409180	-93.102272
3999.792480	-92.472961
4005.175781	-92.218979
4010.559082	-92.344193
4015.942383	-92.094315
4021.325684	-91.804565
4026.708984	-91.592201
4032.092285	-91.213211
4037.475586	-91.339325
4042.858887	-91.592232
4048.242188	-92.424141
4053.625488	-92.551048
4059.008789	-93.156418
4064.392090	-94.166969
4069.775391	-94.782753
4075.158691	-95.051842
4080.541992	-95.149834
4085.925293	-95.175140
4091.308594	-95.338539
4096.691895	-95.546997
4102.075195	-95.248260
4107.458496	-95.117615
4112.841797	-95.012024
4118.225098	-95.264763
4123.608398	-94.885529
4128.991699	-94.624741
4134.375000	-94.439636
4139.758301	-94.703819
4145.141602	-94.207870
4150.524902	-93.285049
4155.908203	-92.886887
4161.291504	-92.428223
4166.674805	-93.146919
4172.058105	-93.208626
4177.441406	-93.598282
4182.824707	-94.376167
4188.208008	-94.390839
4193.591309	-95.207390
4198.974609	-96.147308
4204.357910	-96.567940
4209.741211	-96.172844
4215.124512	-96.002419
4220.507812	-95.309753
4225.891113	-94.960396
4231.274414	-95.202644
4236.657715	-94.915489
4242.041016	-94.425606
4247.424316	-94.451340
4252.807617	-95.236702
4258.190918	-95.460190
4263.574219	-95.466644
4268.957520	-95.287231
4274.340820	-95.094292
4279.724121	-94.626251
4285.107422	-94.335289
4290.490723	-93.905838
4295.874023	-94.283730
4301.257324	-94.545609
4306.640625	-94.550606
4312.023926	-94.413483
4317.407227	-94.369324
4322.790527	-95.230721
4328.173828	-95.720787
4333.557129	-95.141891
4338.940430	-94.607727
4344.323730	-94.103188
4349.707031	-93.537086
4355.090332	-93.318771
4360.473633	-92.828880
4365.856934	-93.403435
4371.240234	-93.913376
4376.623535	-93.008453
4382.006836	-91.589325
4387.390137	-91.008163
4392.773438	-90.921448
4398.156738	-90.986717
4403.540039	-91.285721
4408.923340	-91.200348
4414.306641	-89.864212
4419.689941	-89.029175
4425.073242	-87.726273
4430.456543	-86.131432
4435.839844	-85.156509
4441.223145	-84.890137
4446.606445	-85.575333
4451.989746	-85.626663
4457.373047	-86.821106
4462.756348	-88.701614
4468.139648	-89.533928
4473.522949	-89.318939
4478.906250	-88.030563
4484.289551	-86.261612
4489.672852	-85.070679
4495.056152	-83.937561
4500.439453	-82.950554
4505.822754	-82.681900
4511.206055	-83.149048
4516.589355	-85.256233
4521.972656	-87.827377
4527.355957	-91.367729
4532.739258	-93.184860
4538.122559	-91.245636
4543.505859	-88.440849
4548.889160	-86.214073
4554.272461	-85.672760
4559.655762	-86.488533
4565.039062	-87.927444
4570.422363	-90.189819
4575.805664	-91.304131
4581.188965	-89.833160
4586.572266	-87.572685
4591.955566	-85.776108
4597.338867	-83.856926
4602.722168	-82.823685
4608.105469	-83.031799
4613.488770	-83.288818
4618.872070	-82.897514
4624.255371	-82.064163
4629.638672	-81.049675
4635.021973	-80.717834
4640.405273	-80.668381
4645.788574	-80.667511
4651.171875	-80.291351
4656.555176	-79.016907
4661.938477	-78.241707
4667.321777	-77.527672
4672.705078	-77.043083
4678.088379	-77.069679
4683.471680	-78.143211
4688.854980	-79.973442
4694.238281	-81.995689
4699.621582	-84.216385
4705.004883	-86.266846
4710.388184	-87.274048
4715.771484	-86.871971
4721.154785	-86.662567
4726.538086	-86.271347
4731.921387	-86.381699
4737.304688	-86.762177
4742.687988	-86.930847
4748.071289	-87.078537
4753.454590	-87.849586
4758.837891	-88.937477
4764.221191	-89.838669
4769.604492	-90.814049
4774.987793	-91.173691
4780.371094	-91.482323
4785.754395	-90.879623
4791.137695	-90.342987
4796.520996	-90.122795
4801.904297	-89.901512
4807.287598	-89.562187
4812.670898	-89.882790
4818.054199	-90.708000
4823.437500	-90.627602
4828.820801	-91.002922
4834.204102	-91.847099
4839.587402	-92.660049
4844.970703	-93.277649
4850.354004	-93.703285
4855.737305	-94.368286
4861.120605	-94.754814
4866.503906	-94.219749
4871.887207	-94.034622
4877.270508	-93.556282
4882.653809	-93.033890
4888.037109	-92.569023
4893.420410	-92.773087
4898.803711	-92.759628
4904.187012	-92.718094
4909.570312	-92.700104
4914.953613	-92.681480
4920.336914	-92.896446
4925.720215	-92.994354
4931.103516	-92.332573
4936.486816	-92.388237
4941.870117	-93.027863
4947.253418	-92.625587
4952.636719	-92.801376
4958.020020	-92.704544
4963.403320	-92.472969
4968.786621	-92.566917
4974.169922	-92.571121
4979.553223	-92.824608
4984.936523	-92.617935
4990.319824	-93.122047
4995.703125	-93.543121
5001.086426	-94.430702
5006.469727	-94.519623
5011.853027	-94.914764
5017.236328	-95.259216
5022.619629	-95.099281
5028.002930	-95.018639
5033.386230	-94.927528
5038.769531	-93.930893
5044.152832	-93.473007
5049.536133	-92.991302
5054.919434	-93.287720
5060.302734	-93.053642
5065.686035	-93.162224
5071.069336	-94.121712
5076.452637	-92.967033
5081.835938	-89.047798
5087.219238	-92.225365
5092.602539	-94.293152
5097.985840	-93.699615
5103.369141	-93.368416
5108.752441	-93.089752
5114.135742	-92.411613
5119.519043	-92.415909
5124.902344	-91.866150
5130.285645	-91.704811
5135.668945	-91.641075
5141.052246	-91.441933
5146.435547	-91.350876
5151.818848	-91.112701
5157.202148	-91.676338
5162.585449	-92.312492
5167.968750	-92.563744
5173.352051	-92.570908
5178.735352	-92.731377
5184.118652	-93.573914
5189.501953	-93.896973
5194.885254	-94.050407
5200.268555	-94.704941
5205.651855	-95.489235
5211.035156	-96.498711
5216.418457	-96.922699
5221.801758	-96.840950
5227.185059	-96.704750
5232.568359	-96.676010
5237.951660	-96.261398
5243.334961	-96.010216
5248.718262	-95.641212
5254.101562	-95.023178
5259.484863	-94.923332
5264.868164	-94.439842
5270.251465	-94.175011
5275.634766	-94.392151
5281.018066	-94.092422
5286.401367	-92.565186
5291.784668	-93.037315
5297.167969	-93.304871
5302.551270	-93.331482
5307.934570	-93.087349
5313.317871	-93.541206
5318.701172	-93.445923
5324.084473	-92.524620
5329.467773	-92.913643
5334.851074	-92.808250
5340.234375	-93.253891
5345.617676	-94.126945
5351.000977	-94.359154
5356.384277	-94.299683
5361.767578	-95.098259
5367.150879	-95.499504
5372.534180	-96.101089
5377.917480	-96.683067
5383.300781	-96.673737
5388.684082	-96.994331
5394.067383	-96.942581
5399.450684	-96.722488
5404.833984	-96.271034
5410.217285	-95.991608
5415.600586	-95.822144
5420.983887	-96.168098
5426.367188	-96.545547
5431.750488	-95.965149
5437.133789	-95.108162
5442.517090	-95.024437
5447.900391	-94.935257
5453.283691	-94.628067
5458.666992	-94.780891
5464.050293	-95.219040
5469.433594	-94.845360
5474.816895	-94.946533
5480.200195	-95.638138
5485.583496	-93.314026
5490.966797	-92.226158
5496.350098	-94.955711
5501.733398	-95.050346
5507.116699	-95.274406
5512.500000	-96.277435
5517.883301	-95.557022
5523.266602	-94.811920
5528.649902	-94.001724
5534.033203	-92.962440
5539.416504	-92.527550
5544.799805	-92.192284
5550.183105	-92.121780
5555.566406	-92.205795
5560.949707	-91.994164
5566.333008	-91.969872
5571.716309	-92.478050
5577.099609	-94.274078
5582.482910	-95.449402
5587.866211	-95.566505
5593.249512	-95.311913
5598.632812	-95.692551
5604.016113	-95.526718
5609.399414	-95.254311
5614.782715	-95.298401
5620.166016	-95.318474
5625.549316	-96.134071
5630.932617	-96.125748
5636.315918	-96.260590
5641.699219	-96.720718
5647.082520	-96.624771
5652.465820	-96.132683
5657.849121	-96.073517
5663.232422	-96.414406
5668.615723	-96.417633
5673.999023	-96.797485
5679.382324	-97.204269
5684.765625	-96.422585
5690.148926	-93.423523
5695.532227	-93.839516
5700.915527	-95.976326
5706.298828	-96.269173
5711.682129	-96.325523
5717.065430	-96.370377
5722.448730	-96.945724
5727.832031	-97.242477
5733.215332	-96.865181
5738.598633	-96.787491
5743.981934	-97.413345
5749.365234	-97.660461
5754.748535	-97.805984
5760.131836	-97.484360
5765.515137	-97.417801
5770.898438	-97.684479
5776.281738	-97.369080
5781.665039	-97.084030
5787.048340	-96.471748
5792.431641	-96.414352
5797.814941	-95.553787
5803.198242	-95.661705
5808.581543	-96.004410
5813.964844	-95.798088
5819.348145	-96.198196
5824.731445	-96.159782
5830.114746	-96.422852
5835.498047	-96.898010
5840.881348	-96.204346
5846.264648	-96.583778
5851.647949	-96.767776
5857.031250	-96.630409
5862.414551	-96.148285
5867.797852	-96.217140
5873.181152	-96.595657
5878.564453	-97.412819
5883.947754	-97.296715
5889.331055	-97.890770
5894.714355	-97.322243
5900.097656	-97.403885
5905.480957	-97.354568
5910.864258	-97.248489
5916.247559	-97.021629
5921.630859	-96.968727
5927.014160	-96.101562
5932.397461	-96.366280
5937.780762	-96.461525
5943.164062	-96.528122
5948.547363	-96.166916
5953.930664	-96.308052
5959.313965	-96.417694
5964.697266	-96.559990
5970.080566	-96.982857
5975.463867	-96.864746
5980.847168	-96.875053
5986.230469	-97.165092
5991.613770	-97.534592
5996.997070	-97.430679
6002.380371	-97.748611
6007.763672	-97.305084
6013.146973	-97.057877
6018.530273	-97.092514
6023.913574	-97.594109
6029.296875	-97.604698
6034.680176	-97.534988
6040.063477	-97.443138
6045.446777	-97.040527
6050.830078	-97.365875
6056.213379	-97.573868
6061.596680	-97.367393
6066.979980	-97.397636
6072.363281	-97.398842
6077.746582	-96.782272
6083.129883	-95.982864
6088.513184	-95.513863
6093.896484	-95.483566
6099.279785	-94.611893
6104.663086	-96.229774
6110.046387	-97.048805
6115.429688	-96.973549
6120.812988	-97.701111
6126.196289	-97.942230
6131.579590	-97.156097
6136.962891	-97.186539
6142.346191	-96.833008
6147.729492	-96.683746
6153.112793	-97.199409
6158.496094	-97.058083
6163.879395	-97.268059
6169.262695	-97.263809
6174.645996	-96.946800
6180.029297	-96.786621
6185.412598	-97.500977
6190.795898	-97.139618
6196.179199	-96.945808
6201.562500	-97.110184
6206.945801	-97.173813
6212.329102	-97.348129
6217.712402	-97.415154
6223.095703	-97.511070
6228.479004	-97.235268
6233.862305	-97.845009
6239.245605	-97.982559
6244.628906	-98.218376
6250.012207	-98.396545
6255.395508	-98.496651
6260.778809	-98.404442
6266.162109	-98.195389
6271.545410	-98.689117
6276.928711	-98.940689
6282.312012	-98.427750
6287.695312	-98.221840
6293.078613	-98.217308
6298.461914	-97.678970
6303.845215	-97.549240
6309.228516	-98.004417
6314.611816	-98.362320
6319.995117	-98.830391
6325.378418	-98.803909
6330.761719	-98.815514
6336.145020	-98.754265
6341.528320	-97.962158
6346.911621	-97.605431
6352.294922	-97.186592
6357.678223	-96.971062
6363.061523	-97.306602
6368.444824	-97.885750
6373.828125	-98.115135
6379.211426	-97.334221
6384.594727	-96.976295
6389.978027	-96.488747
6395.361328	-96.718781
6400.744629	-96.950081
6406.127930	-96.756607
6411.511230	-96.959801
6416.894531	-96.991676
6422.277832	-97.234367
6427.661133	-96.920258
6433.044434	-96.574898
6438.427734	-96.460373
6443.811035	-96.184021
6449.194336	-96.090042
6454.577637	-96.057281
6459.960938	-96.401001
6465.344238	-96.437546
6470.727539	-96.599258
6476.110840	-96.483116
6481.494141	-96.386490
6486.877441	-96.929443
6492.260742	-97.354111
6497.644043	-97.408760
6503.027344	-97.026947
6508.410645	-97.109909
6513.793945	-96.948135
6519.177246	-96.238380
6524.560547	-95.933151
6529.943848	-95.387016
6535.327148	-95.183601
6540.710449	-95.201141
6546.093750	-94.865219
6551.477051	-95.409813
6556.860352	-95.746223
6562.243652	-95.819031
6567.626953	-96.235405
6573.010254	-96.942642
6578.393555	-97.075180
6583.776855	-97.285286
6589.160156	-96.912056
6594.543457	-97.236519
6599.926758	-97.540268
6605.310059	-97.029099
6610.693359	-96.436020
6616.076660	-96.887924
6621.459961	-96.372337
6626.843262	-96.141823
6632.226562	-96.348053
6637.609863	-96.664368
6642.993164	-96.561142
6648.376465	-97.023544
6653.759766	-96.738953
6659.143066	-96.177383
6664.526367	-96.515259
6669.909668	-95.744118
6675.292969	-95.383202
6680.676270	-95.157921
6686.059570	-94.824799
6691.442871	-95.032539
6696.826172	-95.542023
6702.209473	-95.542641
6707.592773	-95.433746
6712.976074	-95.239265
6718.359375	-95.069168
6723.742676	-95.305199
6729.125977	-95.501198
6734.509277	-95.774208
6739.892578	-96.188995
6745.275879	-96.283539
6750.659180	-96.287453
6756.042480	-96.762070
6761.425781	-96.888809
6766.809082	-97.746124
6772.192383	-97.374542
6777.575684	-96.905159
6782.958984	-96.740585
6788.342285	-96.210175
6793.725586	-95.696777
6799.108887	-95.802841
6804.492188	-95.985641
6809.875488	-96.156532
6815.258789	-95.991272
6820.642090	-95.190636
6826.025391	-95.374260
6831.408691	-95.322235
6836.791992	-95.675034
6842.175293	-95.560265
6847.558594	-95.938713
6852.941895	-96.054863
6858.325195	-95.876022
6863.708496	-96.057381
6869.091797	-95.707008
6874.475098	-95.274673
6879.858398	-95.832802
6885.241699	-95.889618
6890.625000	-95.424423
6896.008301	-95.480270
6901.391602	-95.514435
6906.774902	-95.845268
6912.158203	-95.845520
6917.541504	-95.866112
6922.924805	-96.408432
6928.308105	-96.624428
6933.691406	-96.687668
6939.074707	-96.523911
6944.458008	-96.315025
6949.841309	-95.498001
6955.224609	-95.850533
6960.607910	-96.060104
6965.991211	-95.974655
6971.374512	-95.481621
6976.757812	-95.787331
6982.141113	-95.495766
6987.524414	-95.482063
6992.907715	-95.872681
6998.291016	-96.434151
7003.674316	-96.223045
7009.057617	-95.786621
7014.440918	-95.870956
7019.824219	-96.109413
7025.207520	-96.219627
7030.590820	-96.290840
7035.974121	-96.115326
7041.357422	-96.058830
7046.740723	-95.651413
7052.124023	-95.763298
7057.507324	-95.856895
7062.890625	-95.100601
7068.273926	-95.264336
7073.657227	-95.823761
7079.040527	-95.244522
7084.423828	-94.920021
7089.807129	-95.168541
7095.190430	-94.846001
7100.573730	-94.974693
7105.957031	-95.005753
7111.340332	-95.221748
7116.723633	-95.376785
7122.106934	-95.700745
7127.490234	-95.842583
7132.873535	-95.637901
7138.256836	-95.209618
7143.640137	-95.016586
7149.023438	-95.067223
7154.406738	-95.286659
7159.790039	-95.340736
7165.173340	-95.321037
7170.556641	-95.599998
7175.939941	-95.681091
7181.323242	-96.049149
7186.706543	-95.952850
7192.089844	-96.236916
7197.473145	-96.805702
7202.856445	-96.497147
7208.239746	-95.815041
7213.623047	-96.349327
7219.006348	-97.014740
7224.389648	-96.678604
7229.772949	-97.083855
7235.156250	-97.297523
7240.539551	-97.367760
7245.922852	-97.169518
7251.306152	-96.870972
7256.689453	-96.317345
7262.072754	-96.268791
7267.456055	-96.009262
7272.839355	-95.910408
7278.222656	-95.814888
7283.605957	-95.579529
7288.989258	-95.713943
7294.372559	-95.354202
7299.755859	-95.505341
7305.139160	-95.845070
7310.522461	-95.652611
7315.905762	-95.370819
7321.289062	-95.822105
7326.672363	-95.409645
7332.055664	-95.229561
7337.438965	-95.695122
7342.822266	-95.661346
7348.205566	-96.001472
7353.588867	-95.707771
7358.972168	-94.888977
7364.355469	-94.790482
7369.738770	-95.070419
7375.122070	-95.058762
7380.505371	-95.221146
7385.888672	-95.391609
7391.271973	-94.512543
7396.655273	-94.154228
7402.038574	-94.502037
7407.421875	-94.203049
7412.805176	-93.890350
7418.188477	-94.212532
7423.571777	-94.297081
7428.955078	-95.423279
7434.338379	-95.438515
7439.721680	-95.913780
7445.104980	-96.293022
7450.488281	-96.645760
7455.871582	-96.986023
7461.254883	-97.263397
7466.638184	-96.871727
7472.021484	-96.731133
7477.404785	-96.667480
7482.788086	-96.952927
7488.171387	-96.809357
7493.554688	-97.046181
7498.937988	-96.382065
7504.321289	-96.168488
7509.704590	-95.724686
7515.087891	-95.203445
7520.471191	-95.755913
7525.854492	-95.766090
7531.237793	-95.445412
7536.621094	-95.522987
7542.004395	-96.416916
7547.387695	-96.986122
7552.770996	-96.685722
7558.154297	-96.695480
7563.537598	-96.640503
7568.920898	-96.158592
7574.304199	-95.711365
7579.687500	-95.636063
7585.070801	-94.864861
7590.454102	-93.881165
7595.837402	-93.505676
7601.220703	-93.094818
7606.604004	-93.133224
7611.987305	-93.666115
7617.370605	-93.709389
7622.753906	-93.824539
7628.137207	-94.523895
7633.520508	-94.929123
7638.903809	-95.252441
7644.287109	-95.507950
7649.670410	-95.663940
7655.053711	-96.162483
7660.437012	-96.268333
7665.820312	-96.406578
7671.203613	-96.765694
7676.586914	-96.894699
7681.970215	-96.851738
7687.353516	-97.181015
7692.736816	-97.385590
7698.120117	-97.523514
7703.503418	-97.506935
7708.886719	-97.101128
7714.270020	-96.606377
7719.653320	-96.192329
7725.036621	-95.813606
7730.419922	-95.158890
7735.803223	-95.394264
7741.186523	-95.272705
7746.569824	-94.776276
7751.953125	-94.414886
7757.336426	-93.908890
7762.719727	-93.897339
7768.103027	-94.035469
7773.486328	-94.669624
7778.869629	-95.025337
7784.252930	-94.837669
7789.636230	-94.947014
7795.019531	-94.830048
7800.402832	-95.235809
7805.786133	-94.977165
7811.169434	-95.084862
7816.552734	-95.522163
7821.936035	-95.644447
7827.319336	-95.467285
7832.702637	-95.518524
7838.085938	-96.378807
7843.469238	-96.129410
7848.852539	-95.748398
7854.235840	-95.574493
7859.619141	-95.841141
7865.002441	-95.427307
7870.385742	-95.608513
7875.769043	-95.542702
7881.152344	-94.883766
7886.535645	-94.781410
7891.918945	-95.140450
7897.302246	-95.118164
7902.685547	-94.670959
7908.068848	-94.334366
7913.452148	-93.715683
7918.835449	-93.448906
7924.218750	-93.128021
7929.602051	-92.957855
7934.985352	-93.097298
7940.368652	-93.863884
7945.751953	-93.927330
7951.135254	-94.021584
7956.518555	-94.693115
7961.901855	-95.164200
7967.285156	-95.406387
7972.668457	-96.431900
7978.051758	-96.392853
7983.435059	-96.555969
7988.818359	-96.806290
7994.201660	-96.673309
7999.584961	-96.511993
8004.968262	-96.615845
8010.351562	-97.275101
8015.734863	-97.006172
8021.118164	-97.372604
8026.501465	-97.637939
8031.884766	-97.544426
8037.268066	-97.232552
8042.651367	-97.011459
8048.034668	-97.257423
8053.417969	-97.248825
8058.801270	-96.865334
8064.184570	-97.022957
8069.567871	-96.994675
8074.951172	-96.973984
8080.334473	-96.831055
8085.717773	-97.321182
8091.101074	-97.479362
8096.484375	-97.353958
8101.867676	-97.399086
8107.250977	-98.000954
8112.634277	-97.543724
8118.017578	-98.014740
8123.400879	-97.709930
8128.784180	-97.382317
8134.167480	-97.020889
8139.550781	-97.190742
8144.934082	-97.831482
8150.317383	-97.243210
8155.700684	-96.755913
8161.083984	-96.778946
8166.467285	-97.113098
8171.850586	-97.154243
8177.233887	-96.792252
8182.617188	-96.913292
8188.000488	-97.495872
8193.383789	-97.263870
8198.767090	-96.847717
8204.150391	-97.166573
8209.533691	-97.181290
8214.916992	-97.199257
8220.300293	-96.805679
8225.683594	-96.747887
8231.066895	-97.009239
8236.450195	-96.434174
8241.833496	-96.359138
8247.216797	-96.696815
8252.600098	-96.085625
8257.983398	-96.094856
8263.366699	-96.400238
8268.750000	-96.318550
8274.133301	-96.164429
8279.516602	-96.283966
8284.899902	-96.205711
8290.283203	-96.482491
8295.666504	-96.175476
8301.049805	-96.122185
8306.433105	-96.484131
8311.816406	-96.351288
8317.199707	-97.087952
8322.583008	-97.458008
8327.966309	-97.005638
8333.349609	-97.046097
8338.732910	-97.374237
8344.116211	-97.489975
8349.499512	-97.721458
8354.882812	-97.406151
8360.266113	-97.358871
8365.649414	-97.345078
8371.032715	-97.407890
8376.416016	-97.317284
8381.799316	-97.037971
8387.182617	-97.450233
8392.565918	-96.985443
8397.949219	-97.232407
8403.332520	-97.254326
8408.715820	-97.062988
8414.099121	-96.882912
8419.482422	-97.113457
8424.865723	-97.465500
8430.249023	-97.592682
8435.632324	-97.210800
8441.015625	-97.429680
8446.398926	-97.022598
8451.782227	-97.453621
8457.165527	-97.644989
8462.548828	-97.768913
8467.932129	-97.698502
8473.315430	-97.240875
8478.698730	-97.330757
8484.082031	-97.262917
8489.465332	-97.030914
8494.848633	-97.082840
8500.231934	-96.952179
8505.615234	-97.007523
8510.998535	-96.632126
8516.381836	-96.370216
8521.765137	-96.294960
8527.148438	-96.294060
8532.531738	-96.009636
8537.915039	-96.062935
8543.298340	-95.675766
8548.681641	-95.786591
8554.064941	-95.892792
8559.448242	-95.922943
8564.831543	-96.136398
8570.214844	-96.472992
8575.598145	-96.634422
8580.981445	-96.774597
8586.364746	-97.148407
8591.748047	-97.524719
8597.131348	-97.644608
8602.514648	-97.640099
8607.897949	-97.012810
8613.281250	-96.929924
8618.664551	-96.527977
8624.047852	-96.606331
8629.431152	-97.286758
8634.814453	-97.218498
8640.197754	-97.015938
8645.581055	-96.857643
8650.964355	-97.356544
8656.347656	-97.331322
8661.730957	-97.041862
8667.114258	-97.100311
8672.497559	-97.167458
8677.880859	-96.668427
8683.264160	-96.802216
8688.647461	-96.837257
8694.030762	-97.199821
8699.414062	-96.949333
8704.797363	-96.594177
8710.180664	-96.800377
8715.563965	-96.789185
8720.947266	-97.520782
8726.330566	-97.773262
8731.713867	-98.027779
8737.097168	-98.272209
8742.480469	-97.922981
8747.863770	-98.250946
8753.247070	-97.772270
8758.630371	-97.387772
8764.013672	-97.454964
8769.396973	-97.056007
8774.780273	-96.630714
8780.163574	-97.089958
8785.546875	-97.411354
8790.930176	-96.804718
8796.313477	-96.695938
8801.696777	-97.006989
8807.080078	-96.935646
8812.463379	-96.908066
8817.846680	-97.051445
8823.229980	-97.151047
8828.613281	-97.286377
8833.996582	-96.887924
8839.379883	-96.650780
8844.763184	-96.822533
8850.146484	-96.688248
8855.529785	-96.775650
8860.913086	-96.966476
8866.296387	-97.152100
8871.679688	-97.135803
8877.062988	-96.861198
8882.446289	-97.138161
8887.829590	-96.733200
8893.212891	-96.748734
8898.596191	-96.555466
8903.979492	-96.445183
8909.362793	-96.536339
8914.746094	-96.518845
8920.129395	-96.584900
8925.512695	-96.667496
8930.895996	-96.733086
8936.279297	-96.858536
8941.662598	-97.156097
8947.045898	-96.910431
8952.429199	-96.695213
8957.812500	-96.783646
8963.195801	-96.456558
8968.579102	-96.323219
8973.962402	-96.559700
8979.345703	-97.398170
8984.729004	-97.472519
8990.112305	-97.197365
8995.495605	-97.417320
9000.878906	-97.613312
9006.262207	-97.281609
9011.645508	-96.956490
9017.028809	-96.619957
9022.412109	-96.300468
9027.795410	-96.234062
9033.178711	-96.177856
9038.562012	-95.877815
9043.945312	-96.633911
9049.328613	-96.605942
9054.711914	-96.469887
9060.095215	-96.347893
9065.478516	-96.809601
9070.861816	-97.081535
9076.245117	-97.562279
9081.628418	-97.348473
9087.011719	-97.449638
9092.395020	-97.277260
9097.778320	-97.630020
9103.161621	-97.264076
9108.544922	-96.853790
9113.928223	-96.839386
9119.311523	-97.109573
9124.694824	-96.913322
9130.078125	-96.194214
9135.461426	-96.382660
9140.844727	-96.775826
9146.228027	-96.349762
9151.611328	-96.365051
9156.994629	-96.682457
9162.377930	-96.505043
9167.761230	-96.972984
9173.144531	-97.418274
9178.527832	-97.251358
9183.911133	-97.224518
9189.294434	-97.302261
9194.677734	-97.285133
9200.061035	-97.297386
9205.444336	-97.278343
9210.827637	-97.785576
9216.210938	-97.526367
9221.594238	-98.084206
9226.977539	-98.290527
9232.360840	-97.973137
9237.744141	-97.770988
9243.127441	-97.494843
9248.510742	-98.071861
9253.894043	-98.225693
9259.277344	-98.574188
9264.660645	-98.792534
9270.043945	-98.077301
9275.427246	-97.784813
9280.810547	-97.723366
9286.193848	-97.938011
9291.577148	-98.119843
9296.960449	-98.119919
9302.343750	-97.941490
9307.727051	-97.504204
9313.110352	-97.475098
9318.493652	-98.020447
9323.876953	-97.918640
9329.260254	-97.866653
9334.643555	-97.997040
9340.026855	-97.576607
9345.410156	-97.255928
9350.793457	-97.452980
9356.176758	-97.707588
9361.560059	-98.081352
9366.943359	-97.336678
9372.326660	-97.321762
9377.709961	-97.248703
9383.093262	-97.379242
9388.476562	-97.474892
9393.859863	-97.882797
9399.243164	-97.868973
9404.626465	-97.828484
9410.009766	-97.869133
9415.393066	-98.018471
9420.776367	-97.911118
9426.159668	-97.849312
9431.542969	-98.084038
9436.926270	-98.029022
9442.309570	-97.911392
9447.692871	-98.023735
9453.076172	-97.860130
9458.459473	-98.092171
9463.842773	-98.141289
9469.226074	-97.552010
9474.609375	-97.658745
9479.992676	-97.413147
9485.375977	-97.211006
9490.759277	-97.361244
9496.142578	-97.167801
9501.525879	-97.720444
9506.909180	-98.333817
9512.292480	-98.031563
9517.675781	-97.641800
9523.059082	-97.615723
9528.442383	-97.200050
9533.825684	-97.439743
9539.208984	-97.291138
9544.592285	-97.659088
9549.975586	-97.387245
9555.358887	-97.355927
9560.742188	-98.167641
9566.125488	-98.310600
9571.508789	-97.759842
9576.892090	-97.428970
9582.275391	-97.433670
9587.658691	-97.819847
9593.041992	-97.906425
9598.425293	-97.574944
9603.808594	-97.476799
9609.191895	-97.369156
9614.575195	-97.566589
9619.958496	-97.713882
9625.341797	-96.820656
9630.725098	-97.106712
9636.108398	-97.552734
9641.491699	-97.617058
9646.875000	-97.412033
9652.258301	-97.110069
9657.641602	-96.751625
9663.024902	-96.395844
9668.408203	-96.696365
9673.791504	-96.182541
9679.174805	-96.301758
9684.558105	-96.473915
9689.941406	-96.518883
9695.324707	-95.532806
9700.708008	-95.505951
9706.091309	-95.808640
9711.474609	-96.194077
9716.857910	-96.447220
9722.241211	-97.034760
9727.624512	-96.874481
9733.007812	-97.621300
9738.391113	-97.498276
9743.774414	-97.381561
9749.157715	-97.542007
9754.541016	-97.618477
9759.924316	-96.468422
9765.307617	-97.103714
9770.690918	-97.224518
9776.074219	-97.621986
9781.457520	-97.773758
9786.840820	-97.874237
9792.224121	-97.524200
9797.607422	-97.302025
9802.990723	-97.470222
9808.374023	-97.001610
9813.757324	-96.816101
9819.140625	-96.768257
9824.523926	-96.711105
9829.907227	-96.853996
9835.290527	-96.419243
9840.673828	-96.581390
9846.057129	-96.457855
9851.440430	-96.447357
9856.823730	-96.018845
9862.207031	-96.399033
9867.590332	-96.263718
9872.973633	-96.557587
9878.356934	-96.848328
9883.740234	-97.482399
9889.123535	-97.682602
9894.506836	-97.674103
9899.890137	-97.739670
9905.273438	-97.483696
9910.656738	-97.398628
9916.040039	-97.311043
9921.423340	-97.474586
9926.806641	-97.736099
9932.189941	-98.056923
9937.573242	-98.041122
9942.956543	-98.087868
9948.339844	-98.034363
9953.723145	-98.493813
9959.106445	-97.946747
9964.489746	-97.979485
9969.873047	-98.147293
9975.256348	-98.314865
9980.639648	-98.250427
9986.022949	-98.150307
9991.406250	-97.970940
9996.789551	-97.854980
10002.172852	-97.444794
10007.556152	-97.554695
10012.939453	-97.931442
10018.322754	-98.465591
10023.706055	-98.812653
10029.089355	-98.736008
10034.472656	-98.467949
10039.855957	-98.536964
10045.239258	-98.144180
10050.622559	-97.877472
10056.005859	-97.822578
10061.389160	-98.159645
10066.772461	-97.940796
10072.155762	-97.708786
10077.539062	-98.204231
10082.922363	-97.868484
10088.305664	-97.456848
10093.688965	-97.666824
10099.072266	-97.641899
10104.455566	-97.220711
10109.838867	-97.295517
10115.222168	-97.349960
10120.605469	-97.617210
10125.988770	-97.769989
10131.372070	-97.729362
10136.755371	-97.777664
10142.138672	-97.480003
10147.521973	-97.759872
10152.905273	-97.716301
10158.288574	-97.554695
10163.671875	-97.783897
10169.055176	-97.783134
10174.438477	-97.978699
10179.821777	-98.120308
10185.205078	-97.962616
10190.588379	-97.977791
10195.971680	-98.041061
10201.354980	-97.568657
10206.738281	-97.478058
10212.121582	-97.808655
10217.504883	-98.183868
10222.888184	-97.842766
10228.271484	-97.816742
10233.654785	-97.824715
10239.038086	-97.815170
10244.421387	-97.762161
10249.804688	-97.762833
10255.187988	-97.430679
10260.571289	-97.623764
10265.954590	-98.045036
10271.337891	-98.110954
10276.721191	-97.706284
10282.104492	-96.398560
10287.487793	-96.731812
10292.871094	-96.519669
10298.254395	-96.417694
10303.637695	-97.004410
10309.020996	-97.236549
10314.404297	-97.149101
10319.787598	-96.653458
10325.170898	-96.963768
10330.554199	-96.934273
10335.937500	-97.323990
10341.320801	-97.610146
10346.704102	-97.712517
10352.087402	-97.752632
10357.470703	-96.727982
10362.854004	-96.958191
10368.237305	-96.528740
10373.620605	-96.906433
10379.003906	-97.166351
10384.387207	-97.348007
10389.770508	-97.992371
10395.153809	-98.098366
10400.537109	-97.978706
10405.920410	-98.171844
10411.303711	-98.000420
10416.687012	-98.074440
10422.070312	-97.602234
10427.453613	-97.293472
10432.836914	-97.808464
10438.220215	-97.385086
10443.603516	-97.258904
10448.986816	-97.393074
10454.370117	-97.239815
10459.753418	-96.594604
10465.136719	-96.868134
10470.520020	-96.597252
10475.903320	-96.328117
10481.286621	-96.709053
10486.669922	-96.649338
10492.053223	-96.345459
10497.436523	-96.505257
10502.819824	-96.832550
10508.203125	-96.970695
10513.586426	-97.102226
10518.969727	-97.050407
10524.353027	-96.828285
10529.736328	-97.107574
10535.119629	-97.552872
10540.502930	-97.233131
10545.886230	-96.949738
10551.269531	-97.271515
10556.652832	-97.317566
10562.036133	-97.084160
10567.419434	-97.332756
10572.802734	-96.500969
10578.186035	-96.958603
10583.569336	-96.885338
10588.952637	-96.998337
10594.335938	-96.665710
10599.719238	-96.410301
10605.102539	-96.186386
10610.485840	-95.933464
10615.869141	-96.218399
10621.252441	-96.429688
10626.635742	-96.279625
10632.019043	-96.255615
10637.402344	-96.229858
10642.785645	-96.246964
10648.168945	-96.833786
10653.552246	-97.484001
10658.935547	-97.477921
10664.318848	-97.520439
10669.702148	-97.317596
10675.085449	-96.489998
10680.468750	-96.626137
10685.852051	-97.166389
10691.235352	-97.276985
10696.618652	-97.224861
10702.001953	-97.365677
10707.385254	-96.785080
10712.768555	-97.021622
10718.151855	-97.440842
10723.535156	-97.374939
10728.918457	-96.826752
10734.301758	-96.809753
10739.685059	-97.055298
10745.068359	-97.028885
10750.451660	-97.466759
10755.834961	-97.799896
10761.218262	-97.383102
10766.601562	-97.852905
10771.984863	-97.801872
10777.368164	-97.766647
10782.751465	-97.355507
10788.134766	-96.915253
10793.518066	-97.348991
10798.901367	-96.913475
10804.284668	-97.201675
10809.667969	-96.881775
10815.051270	-96.134132
10820.434570	-95.625107
10825.817871	-96.438042
10831.201172	-96.453636
10836.584473	-96.537376
10841.967773	-96.653961
10847.351074	-96.846252
10852.734375	-97.044609
10858.117676	-96.758568
10863.500977	-96.674400
10868.884277	-96.837639
10874.267578	-96.526871
10879.650879	-96.021904
10885.034180	-96.007034
10890.417480	-96.072296
10895.800781	-96.335762
10901.184082	-96.561470
10906.567383	-96.682961
10911.950684	-96.708679
10917.333984	-96.641380
10922.717285	-96.796921
10928.100586	-97.667610
10933.483887	-97.451302
10938.867188	-97.127373
10944.250488	-97.651131
10949.633789	-97.199165
10955.017090	-96.989662
10960.400391	-97.434044
10965.783691	-97.204033
10971.166992	-97.131920
10976.550293	-97.459167
10981.933594	-97.450462
10987.316895	-97.317001
10992.700195	-97.056557
10998.083496	-96.931816
11003.466797	-96.807121
11008.850098	-96.879646
11014.233398	-96.880211
11019.616699	-97.099030
11025.000000	-97.343559
11030.383301	-97.112717
11035.766602	-97.377106
11041.149902	-96.663612
11046.533203	-96.170586
11051.916504	-95.864143
11057.299805	-96.124550
11062.683105	-96.139618
11068.066406	-95.102272
11073.449707	-94.508041
11078.833008	-95.234474
11084.216309	-95.282166
11089.599609	-94.991043
11094.982910	-95.010872
11100.366211	-94.972076
11105.749512	-95.215698
11111.132812	-95.287727
11116.516113	-95.957825
11121.899414	-96.496872
11127.282715	-96.640930
11132.666016	-97.216240
11138.049316	-97.020012
11143.432617	-96.246803
11148.815918	-96.442986
11154.199219	-96.318909
11159.582520	-96.126564
11164.965820	-96.238998
11170.349121	-96.312241
11175.732422	-96.334053
11181.115723	-96.490837
11186.499023	-96.564346
11191.882324	-96.646660
11197.265625	-96.841019
11202.648926	-96.696228
11208.032227	-96.983376
11213.415527	-97.252228
11218.798828	-97.253548
11224.182129	-97.385162
11229.565430	-97.198982
11234.948730	-96.721420
11240.332031	-97.149788
11245.715332	-97.205437
11251.098633	-96.562607
11256.481934	-96.574944
11261.865234	-95.268112
11267.248535	-95.833008
11272.631836	-95.996429
11278.015137	-96.649750
11283.398438	-96.487671
11288.781738	-96.733871
11294.165039	-96.453476
11299.548340	-96.552132
11304.931641	-96.710838
11310.314941	-96.260002
11315.698242	-96.345970
11321.081543	-96.114975
11326.464844	-95.906998
11331.848145	-95.826027
11337.231445	-95.728104
11342.614746	-95.582077
11347.998047	-95.772644
11353.381348	-96.134216
11358.764648	-95.716530
11364.147949	-95.808556
11369.531250	-95.468704
11374.914551	-95.197678
11380.297852	-95.477440
11385.681152	-95.175621
11391.064453	-95.987694
11396.447754	-96.263786
11401.831055	-96.052536
11407.214355	-96.177864
11412.597656	-96.666908
11417.980957	-96.762268
11423.364258	-96.464195
11428.747559	-96.552864
11434.130859	-96.765419
11439.514160	-97.221725
11444.897461	-97.290863
11450.280762	-96.886322
11455.664062	-96.799194
11461.047363	-96.848686
11466.430664	-95.953651
11471.813965	-95.231377
11477.197266	-95.339256
11482.580566	-95.123901
11487.963867	-95.315132
11493.347168	-95.128334
11498.730469	-95.134445
11504.113770	-94.779404
11509.497070	-94.537849
11514.880371	-94.527313
11520.263672	-94.757683
11525.646973	-94.870132
11531.030273	-95.476006
11536.413574	-95.318230
11541.796875	-95.601891
11547.180176	-95.669289
11552.563477	-96.151527
11557.946777	-96.860077
11563.330078	-97.252121
11568.713379	-96.944534
11574.096680	-97.263191
11579.479980	-97.970795
11584.863281	-96.969788
11590.246582	-96.677933
11595.629883	-97.388542
11601.013184	-96.046242
11606.396484	-92.180885
11611.779785	-95.014183
11617.163086	-96.476662
11622.546387	-96.337013
11627.929688	-96.357681
11633.312988	-96.535027
11638.696289	-95.881607
11644.079590	-96.504494
11649.462891	-96.493500
11654.846191	-96.456291
11660.229492	-96.245819
11665.612793	-95.864883
11670.996094	-96.129074
11676.379395	-96.461449
11681.762695	-96.329002
11687.145996	-96.123657
11692.529297	-96.574684
11697.912598	-96.878471
11703.295898	-96.880341
11708.679199	-97.135071
11714.062500	-97.398720
11719.445801	-96.802368
11724.829102	-96.920891
11730.212402	-97.633751
11735.595703	-97.446686
11740.979004	-97.744843
11746.362305	-97.767265
11751.745605	-97.340591
11757.128906	-97.164391
11762.512207	-97.786545
11767.895508	-97.361061
11773.278809	-97.196434
11778.662109	-97.707031
11784.045410	-98.038185
11789.428711	-97.712189
11794.812012	-97.371292
11800.195312	-97.443283
11805.578613	-97.532204
11810.961914	-96.851234
11816.345215	-97.029518
11821.728516	-97.150124
11827.111816	-96.891907
11832.495117	-96.710968
11837.878418	-96.709236
11843.261719	-97.179848
11848.645020	-97.153374
11854.028320	-96.954185
11859.411621	-97.113556
11864.794922	-97.101303
11870.178223	-97.608292
11875.561523	-97.130630
11880.944824	-97.275444
11886.328125	-97.811241
11891.711426	-97.706268
11897.094727	-97.770859
11902.478027	-97.843849
11907.861328	-98.098320
11913.244629	-98.095818
11918.627930	-98.047615
11924.011230	-98.025314
11929.394531	-97.699265
11934.777832	-97.897034
11940.161133	-97.975594
11945.544434	-97.533669
11950.927734	-97.909561
11956.311035	-97.745796
11961.694336	-97.658272
11967.077637	-97.937119
11972.460938	-97.547935
11977.844238	-97.451385
11983.227539	-97.703720
11988.610840	-97.700623
11993.994141	-96.958481
11999.377441	-97.744438
12004.760742	-97.706535
12010.144043	-97.825394
12015.527344	-97.892075
12020.910645	-98.452072
12026.293945	-98.268578
12031.677246	-98.049255
12037.060547	-97.365929
12042.443848	-97.608307
12047.827148	-97.071579
12053.210449	-97.420486
12058.593750	-97.372269
12063.977051	-97.130180
12069.360352	-96.748459
12074.743652	-96.866386
12080.126953	-97.247292
12085.510254	-97.429733
12090.893555	-97.252914
12096.276855	-97.246628
12101.660156	-97.376869
12107.043457	-97.645981
12112.426758	-97.543739
12117.810059	-97.534340
12123.193359	-97.865891
12128.576660	-98.332817
12133.959961	-98.065956
12139.343262	-97.738998
12144.726562	-97.661575
12150.109863	-97.988525
12155.493164	-97.779655
12160.876465	-98.067528
12166.259766	-97.678673
12171.643066	-97.973396
12177.026367	-98.314781
12182.409668	-98.024475
12187.792969	-98.077736
12193.176270	-97.722359
12198.559570	-98.148972
12203.942871	-98.401627
12209.326172	-98.692986
12214.709473	-98.340538
12220.092773	-98.395264
12225.476074	-98.582710
12230.859375	-98.160759
12236.242676	-98.440598
12241.625977	-98.442795
12247.009277	-98.419571
12252.392578	-98.667007
12257.775879	-98.775673
12263.159180	-98.883316
12268.542480	-98.268623
12273.925781	-98.249832
12279.309082	-97.944717
12284.692383	-98.124557
12290.075684	-98.542336
12295.458984	-98.746925
12300.842285	-99.008255
12306.225586	-98.298775
12311.608887	-98.342201
12316.992188	-98.581871
12322.375488	-98.705811
12327.758789	-98.371964
12333.142090	-98.340508
12338.525391	-98.459312
12343.908691	-98.138611
12349.291992	-98.305664
12354.675293	-98.555939
12360.058594	-98.592842
12365.441895	-98.413086
12370.825195	-98.407921
12376.208496	-99.035126
12381.591797	-98.496994
12386.975098	-98.207893
12392.358398	-98.116051
12397.741699	-97.898376
12403.125000	-97.967094
12408.508301	-98.703499
12413.891602	-98.248550
12419.274902	-98.249573
12424.658203	-98.848381
12430.041504	-98.501999
12435.424805	-98.573799
12440.808105	-98.628914
12446.191406	-98.688286
12451.574707	-98.779297
12456.958008	-98.704651
12462.341309	-98.796654
12467.724609	-98.110985
12473.107910	-98.233009
12478.491211	-98.867599
12483.874512	-98.821053
12489.257812	-98.580910
12494.641113	-98.644104
12500.024414	-98.665245
12505.407715	-98.951180
12510.791016	-98.691460
12516.174316	-98.214783
12521.557617	-98.474564
12526.940918	-98.864281
12532.324219	-98.663460
12537.707520	-98.876961
12543.090820	-98.616844
12548.474121	-98.802399
12553.857422	-99.200485
12559.240723	-99.068062
12564.624023	-98.793106
12570.007324	-98.658150
12575.390625	-98.642159
12580.773926	-98.728355
12586.157227	-98.893509
12591.540527	-98.495300
12596.923828	-99.095192
12602.307129	-98.756584
12607.690430	-98.725563
12613.073730	-99.131271
12618.457031	-99.285477
12623.840332	-98.672874
12629.223633	-98.582321
12634.606934	-98.532021
12639.990234	-98.465408
12645.373535	-98.424591
12650.756836	-98.316307
12656.140137	-97.953255
12661.523438	-98.342949
12666.906738	-98.685768
12672.290039	-98.736603
12677.673340	-98.662636
12683.056641	-98.762192
12688.439941	-98.694633
12693.823242	-98.121933
12699.206543	-97.962051
12704.589844	-98.235893
12709.973145	-98.539726
12715.356445	-98.015038
12720.739746	-98.089035
12726.123047	-98.335243
12731.506348	-98.256409
12736.889648	-97.907471
12742.272949	-98.786873
12747.656250	-99.073578
12753.039551	-98.430542
12758.422852	-98.705734
12763.806152	-98.843025
12769.189453	-98.744736
12774.572754	-98.714699
12779.956055	-98.424133
12785.339355	-98.270103
12790.722656	-98.378151
12796.105957	-98.139061
12801.489258	-98.159393
12806.872559	-98.345200
12812.255859	-97.859055
12817.639160	-97.629120
12823.022461	-97.770035
12828.405762	-98.329330
12833.789062	-98.020340
12839.172363	-98.009064
12844.555664	-98.495270
12849.938965	-98.725655
12855.322266	-98.561806
12860.705566	-98.517723
12866.088867	-98.279137
12871.472168	-98.692535
12876.855469	-98.831604
12882.238770	-99.084015
12887.622070	-98.741928
12893.005371	-99.148659
12898.388672	-98.722748
12903.771973	-98.474701
12909.155273	-98.744232
12914.538574	-98.785141
12919.921875	-98.831444
12925.305176	-98.949463
12930.688477	-99.375526
12936.071777	-99.175789
12941.455078	-99.096146
12946.838379	-99.009872
12952.221680	-98.912827
12957.604980	-98.531815
12962.988281	-98.186203
12968.371582	-98.430801
12973.754883	-98.805870
12979.138184	-98.484795
12984.521484	-98.295258
12989.904785	-98.616119
12995.288086	-98.914520
13000.671387	-98.488152
13006.054688	-97.776642
13011.437988	-97.201645
13016.821289	-98.286003
13022.204590	-98.921844
13027.587891	-99.436722
13032.971191	-99.203636
13038.354492	-98.808701
13043.737793	-98.395256
13049.121094	-98.542786
13054.504395	-98.671280
13059.887695	-98.550568
13065.270996	-98.466270
13070.654297	-98.164253
13076.037598	-98.584526
13081.420898	-98.609329
13086.804199	-98.868614
13092.187500	-98.773094
13097.570801	-98.671410
13102.954102	-99.053398
13108.337402	-98.949753
13113.720703	-98.803185
13119.104004	-98.558319
13124.487305	-98.465286
13129.870605	-98.589638
13135.253906	-98.442825
13140.637207	-98.536369
13146.020508	-98.837303
13151.403809	-98.953552
13156.787109	-98.371010
13162.170410	-98.074898
13167.553711	-98.374420
13172.937012	-98.851120
13178.320312	-98.506340
13183.703613	-98.512459
13189.086914	-98.244576
13194.470215	-97.933739
13199.853516	-98.624619
13205.236816	-98.948883
13210.620117	-98.361740
13216.003418	-98.485939
13221.386719	-98.655762
13226.770020	-98.298012
13232.153320	-98.612183
13237.536621	-98.925285
13242.919922	-99.165329
13248.303223	-99.104523
13253.686523	-98.654816
13259.069824	-98.587349
13264.453125	-98.978996
13269.836426	-98.865028
13275.219727	-98.844109
13280.603027	-98.822472
13285.986328	-98.738007
13291.369629	-98.722977
13296.752930	-98.759109
13302.136230	-99.138046
13307.519531	-98.859146
13312.902832	-98.485199
13318.286133	-98.780273
13323.669434	-98.452095
13329.052734	-98.381416
13334.436035	-97.896896
13339.819336	-98.176445
13345.202637	-98.124496
13350.585938	-98.119270
13355.969238	-98.310715
13361.352539	-98.359001
13366.735840	-98.759705
13372.119141	-98.584892
13377.502441	-98.658493
13382.885742	-98.874275
13388.269043	-98.658478
13393.652344	-98.518021
13399.035645	-98.072456
13404.418945	-98.291580
13409.802246	-98.717384
13415.185547	-98.481567
13420.568848	-98.892586
13425.952148	-98.902664
13431.335449	-98.601608
13436.718750	-98.595833
13442.102051	-98.939545
13447.485352	-98.961433
13452.868652	-98.805305
13458.251953	-98.821609
13463.635254	-99.144554
13469.018555	-98.831085
13474.401855	-98.495621
13479.785156	-98.782692
13485.168457	-98.524284
13490.551758	-98.615761
13495.935059	-99.154266
13501.318359	-99.310173
13506.701660	-98.693855
13512.084961	-99.110306
13517.468262	-99.182495
13522.851562	-99.188248
13528.234863	-98.605614
13533.618164	-98.819862
13539.001465	-98.861557
13544.384766	-98.549904
13549.768066	-98.856186
13555.151367	-99.245262
13560.534668	-98.974030
13565.917969	-98.466118
13571.301270	-98.791702
13576.684570	-98.659897
13582.067871	-98.385338
13587.451172	-98.456215
13592.834473	-98.357010
13598.217773	-98.405273
13603.601074	-98.174789
13608.984375	-98.662163
13614.367676	-98.968437
13619.750977	-97.858124
13625.134277	-97.785477
13630.517578	-98.166359
13635.900879	-98.019371
13641.284180	-98.228752
13646.667480	-98.353165
13652.050781	-98.163094
13657.434082	-98.110390
13662.817383	-97.851868
13668.200684	-97.837730
13673.583984	-97.999802
13678.967285	-97.713211
13684.350586	-98.226295
13689.733887	-98.078346
13695.117188	-97.543228
13700.500488	-97.687073
13705.883789	-97.584412
13711.267090	-97.703339
13716.650391	-97.508972
13722.033691	-97.283791
13727.416992	-97.272446
13732.800293	-96.891121
13738.183594	-97.120758
13743.566895	-97.201530
13748.950195	-97.771873
13754.333496	-98.021858
13759.716797	-97.923248
13765.100098	-98.207138
13770.483398	-98.484390
13775.866699	-98.736977
13781.250000	-98.610451
13786.633301	-98.955322
13792.016602	-98.476143
13797.399902	-98.021896
13802.783203	-98.499168
13808.166504	-97.961159
13813.549805	-98.104393
13818.933105	-98.263435
13824.316406	-98.075256
13829.699707	-98.104057
13835.083008	-97.760643
13840.466309	-97.896294
13845.849609	-97.654007
13851.232910	-97.640518
13856.616211	-98.109634
13861.999512	-97.615356
13867.382812	-97.208031
13872.766113	-96.993683
13878.149414	-97.098595
13883.532715	-97.487267
13888.916016	-97.296814
13894.299316	-97.716110
13899.682617	-97.445274
13905.065918	-97.338333
13910.449219	-97.335518
13915.832520	-97.374939
13921.215820	-97.790207
13926.599121	-97.867867
13931.982422	-98.122849
13937.365723	-98.179405
13942.749023	-98.293198
13948.132324	-98.428261
13953.515625	-98.977325
13958.898926	-98.757637
13964.282227	-98.087509
13969.665527	-98.715599
13975.048828	-98.682411
13980.432129	-98.256927
13985.815430	-98.602432
13991.198730	-98.994019
13996.582031	-98.624290
14001.965332	-98.706963
14007.348633	-99.252907
14012.731934	-98.993073
14018.115234	-98.636841
14023.498535	-98.204163
14028.881836	-98.199341
14034.265137	-98.830681
14039.648438	-98.776871
14045.031738	-98.958504
14050.415039	-98.777382
14055.798340	-99.193001
14061.181641	-99.062912
14066.564941	-98.885071
14071.948242	-98.856857
14077.331543	-99.496712
14082.714844	-99.877052
14088.098145	-99.974937
14093.481445	-98.605392
14098.864746	-98.655930
14104.248047	-98.340141
14109.631348	-97.435326
14115.014648	-98.905807
14120.397949	-98.581459
14125.781250	-99.039024
14131.164551	-98.970764
14136.547852	-98.914810
14141.931152	-99.482460
14147.314453	-99.030396
14152.697754	-99.135246
14158.081055	-99.353180
14163.464355	-98.973442
14168.847656	-98.591003
14174.230957	-98.912743
14179.614258	-99.001953
14184.997559	-99.061333
14190.380859	-98.699593
14195.764160	-98.352242
14201.147461	-98.970421
14206.530762	-98.956017
14211.914062	-98.666801
14217.297363	-98.613304
14222.680664	-98.806259
14228.063965	-98.665886
14233.447266	-98.773483
14238.830566	-98.606117
14244.213867	-98.358429
14249.597168	-98.942421
14254.980469	-98.390831
14260.363770	-98.216843
14265.747070	-98.586601
14271.130371	-98.446144
14276.513672	-98.256805
14281.896973	-98.751007
14287.280273	-98.821960
14292.663574	-98.186913
14298.046875	-98.174667
14303.430176	-98.123085
14308.813477	-98.422523
14314.196777	-98.889763
14319.580078	-98.524094
14324.963379	-98.279831
14330.346680	-98.253578
14335.729980	-98.315979
14341.113281	-98.358299
14346.496582	-98.700890
14351.879883	-98.210442
14357.263184	-97.934746
14362.646484	-98.346092
14368.029785	-98.657974
14373.413086	-98.955727
14378.796387	-98.228630
14384.179688	-98.484573
14389.562988	-98.409302
14394.946289	-98.753822
14400.329590	-98.945015
14405.712891	-98.848320
14411.096191	-98.757881
14416.479492	-98.805351
14421.862793	-98.296036
14427.246094	-98.800758
14432.629395	-99.030548
14438.012695	-98.760681
14443.395996	-98.507210
14448.779297	-98.382812
14454.162598	-98.431572
14459.545898	-98.886375
14464.929199	-98.735977
14470.312500	-98.593727
14475.695801	-98.839165
14481.079102	-98.132950
14486.462402	-98.075050
14491.845703	-98.363060
14497.229004	-98.751465
14502.612305	-98.192757
14507.995605	-95.406990
14513.378906	-97.321030
14518.762207	-98.673653
14524.145508	-98.699799
14529.528809	-98.638947
14534.912109	-98.355652
14540.295410	-98.717049
14545.678711	-98.772476
14551.062012	-98.868317
14556.445312	-98.756386
14561.828613	-98.056038
14567.211914	-98.234558
14572.595215	-98.156761
14577.978516	-98.031364
14583.361816	-97.913414
14588.745117	-98.180672
14594.128418	-98.689079
14599.511719	-98.888557
14604.895020	-98.485031
14610.278320	-98.444061
14615.661621	-98.414429
14621.044922	-98.472397
14626.428223	-98.071892
14631.811523	-97.742577
14637.194824	-98.355888
14642.578125	-98.617943
14647.961426	-98.613304
14653.344727	-98.410843
14658.728027	-98.697563
14664.111328	-98.426231
14669.494629	-98.873230
14674.877930	-98.835754
14680.261230	-98.785049
14685.644531	-99.098793
14691.027832	-99.198441
14696.411133	-99.057869
14701.794434	-99.100075
14707.177734	-98.770912
14712.561035	-99.038834
14717.944336	-98.805626
14723.327637	-99.129097
14728.710938	-99.050880
14734.094238	-99.272835
14739.477539	-98.865562
14744.860840	-98.328506
14750.244141	-98.436745
14755.627441	-99.197792
14761.010742	-99.044098
14766.394043	-98.380531
14771.777344	-98.380295
14777.160645	-98.965431
14782.543945	-98.719414
14787.927246	-98.536728
14793.310547	-98.362411
14798.693848	-99.027763
14804.077148	-98.712326
14809.460449	-98.601303
14814.843750	-98.825066
14820.227051	-99.026543
14825.610352	-98.876907
14830.993652	-98.892899
14836.376953	-98.821442
14841.760254	-98.897301
14847.143555	-98.711578
14852.526855	-98.136391
14857.910156	-97.839890
14863.293457	-98.018341
14868.676758	-98.415474
14874.060059	-98.684036
14879.443359	-98.285324
14884.826660	-98.058708
14890.209961	-98.261070
14895.593262	-98.663376
14900.976562	-98.668953
14906.359863	-99.211510
14911.743164	-99.918884
14917.126465	-99.193703
14922.509766	-98.943085
14927.893066	-98.916855
14933.276367	-98.750328
14938.659668	-98.796898
14944.042969	-98.797180
14949.426270	-99.165260
14954.809570	-99.008972
14960.192871	-98.678642
14965.576172	-98.284218
14970.959473	-99.343140
14976.342773	-99.081551
14981.726074	-98.464111
14987.109375	-98.575340
14992.492676	-98.788673
14997.875977	-98.515785
15003.259277	-98.349434
15008.642578	-98.140663
15014.025879	-98.762146
15019.409180	-98.779854
15024.792480	-98.801979
15030.175781	-98.284378
15035.559082	-98.551102
15040.942383	-98.477058
15046.325684	-98.207481
15051.708984	-98.614143
15057.092285	-99.305298
15062.475586	-98.975357
15067.858887	-98.348694
15073.242188	-98.148247
15078.625488	-98.645515
15084.008789	-99.139801
15089.392090	-98.992371
15094.775391	-98.560478
15100.158691	-98.763115
15105.541992	-98.844093
15110.925293	-99.265999
15116.308594	-99.364464
15121.691895	-99.172165
15127.075195	-99.360863
15132.458496	-98.764999
15137.841797	-98.439171
15143.225098	-99.090546
15148.608398	-98.938370
15153.991699	-98.763123
15159.375000	-98.518631
15164.758301	-99.002457
15170.141602	-99.002586
15175.524902	-99.210030
15180.908203	-99.214760
15186.291504	-99.055244
15191.674805	-98.855225
15197.058105	-99.058533
15202.441406	-98.714012
15207.824707	-98.901550
15213.208008	-99.347855
15218.591309	-98.934708
15223.974609	-98.982155
15229.357910	-98.939857
15234.741211	-98.858421
15240.124512	-99.206688
15245.507812	-99.108139
15250.891113	-98.799202
15256.274414	-98.984070
15261.657715	-98.850624
15267.041016	-98.636024
15272.424316	-98.620850
15277.807617	-98.821991
15283.190918	-98.292992
15288.574219	-98.453293
15293.957520	-98.413223
15299.340820	-98.264618
15304.724121	-98.531807
15310.107422	-99.170303
15315.490723	-98.826836
15320.874023	-98.569786
15326.257324	-99.025314
15331.640625	-98.974449
15337.023926	-98.753593
15342.407227	-98.773712
15347.790527	-99.071312
15353.173828	-99.452843
15358.557129	-99.286072
15363.940430	-99.068810
15369.323730	-99.031097
15374.707031	-98.797203
15380.090332	-98.976044
15385.473633	-98.873184
15390.856934	-98.543930
15396.240234	-98.951775
15401.623535	-99.332733
15407.006836	-99.141960
15412.390137	-98.468704
15417.773438	-98.701401
15423.156738	-98.559067
15428.540039	-99.156334
15433.923340	-99.132729
15439.306641	-99.073402
15444.689941	-98.806328
15450.073242	-98.894516
15455.456543	-98.909882
15460.839844	-98.642792
15466.223145	-98.870819
15471.606445	-98.597603
15476.989746	-98.769264
15482.373047	-99.098686
15487.756348	-99.331787
15493.139648	-98.866234
15498.522949	-98.643326
15503.906250	-98.638878
15509.289551	-98.405853
15514.672852	-98.794998
15520.056152	-98.770058
15525.439453	-98.924652
15530.822754	-99.192543
15536.206055	-99.264290
15541.589355	-98.945404
15546.972656	-99.211319
15552.355957	-99.109528
15557.739258	-99.236053
15563.122559	-98.951355
15568.505859	-98.563454
15573.889160	-99.344254
15579.272461	-99.197693
15584.655762	-99.063469
15590.039062	-98.947777
15595.422363	-98.851074
15600.805664	-98.919800
15606.188965	-99.232597
15611.572266	-99.114662
15616.955566	-98.788132
15622.338867	-98.904701
15627.722168	-98.470795
15633.105469	-98.826675
15638.488770	-99.290527
15643.872070	-98.887405
15649.255371	-98.686394
15654.638672	-98.126717
15660.021973	-98.600731
15665.405273	-98.460625
15670.788574	-98.533974
15676.171875	-98.719177
15681.555176	-99.431465
15686.938477	-98.698685
15692.321777	-98.910713
15697.705078	-98.921219
15703.088379	-98.516174
15708.471680	-98.253967
15713.854980	-98.399925
15719.238281	-98.597778
15724.621582	-98.789711
15730.004883	-98.640686
15735.388184	-98.393478
15740.771484	-98.754555
15746.154785	-98.896736
15751.538086	-98.539589
15756.921387	-99.037735
15762.304688	-98.887779
15767.687988	-99.102539
15773.071289	-99.123459
15778.454590	-98.584877
15783.837891	-98.614105
15789.221191	-98.878723
15794.604492	-98.869576
15799.987793	-98.817528
15805.371094	-98.420250
15810.754395	-98.676056
15816.137695	-99.239586
15821.520996	-98.898643
15826.904297	-99.111588
15832.287598	-99.258286
15837.670898	-99.154114
15843.054199	-98.717026
15848.437500	-98.396576
15853.820801	-98.624870
15859.204102	-99.087029
15864.587402	-98.840332
15869.970703	-99.093163
15875.354004	-99.076889
15880.737305	-98.883659
15886.120605	-98.555321
15891.503906	-98.814140
15896.887207	-99.492256
15902.270508	-99.099190
15907.653809	-98.574043
15913.037109	-98.426445
15918.420410	-98.113548
15923.803711	-98.246429
15929.187012	-97.315338
15934.570312	-97.182350
15939.953613	-98.112045
15945.336914	-98.398964
15950.720215	-97.827339
15956.103516	-97.397240
15961.486816	-97.575584
15966.870117	-97.780083
15972.253418	-98.223495
15977.636719	-98.614670
15983.020020	-98.349976
15988.403320	-97.963867
15993.786621	-98.246353
15999.169922	-98.261261
16004.553223	-98.689568
16009.936523	-98.503426
16015.319824	-98.187271
16020.703125	-97.988838
16026.086426	-98.152740
16031.469727	-98.496857
16036.853027	-98.274109
16042.236328	-98.122635
16047.619629	-98.416084
16053.002930	-98.674927
16058.386230	-98.378761
16063.769531	-98.253624
16069.152832	-98.829536
16074.536133	-98.711029
16079.919434	-98.441559
16085.302734	-98.460152
16090.686035	-98.156395
16096.069336	-98.159424
16101.452637	-98.200096
16106.835938	-98.052147
16112.219238	-98.247444
16117.602539	-98.183434
16122.985840	-97.713264
16128.369141	-97.867943
16133.752441	-98.183174
16139.135742	-98.152725
16144.519043	-98.439148
16149.902344	-98.245819
16155.285645	-98.320671
16160.668945	-98.609962
16166.052246	-98.181007
16171.435547	-97.767250
16176.818848	-98.302376
16182.202148	-98.324974
16187.585449	-98.479141
16192.968750	-98.573990
16198.352051	-98.764435
16203.735352	-98.442749
16209.118652	-98.663864
16214.501953	-98.743660
16219.885254	-98.694191
16225.268555	-99.129822
16230.651855	-98.999710
16236.035156	-99.386269
16241.418457	-99.497421
16246.801758	-98.944992
16252.185059	-98.834053
16257.568359	-98.944283
16262.951660	-98.421219
16268.334961	-98.981438
16273.718262	-99.536392
16279.101562	-99.249008
16284.484863	-98.892792
16289.868164	-98.908295
16295.251465	-99.602791
16300.634766	-99.394043
16306.018066	-99.189377
16311.401367	-98.824692
16316.784668	-99.093452
16322.167969	-98.622841
16327.551270	-98.739319
16332.934570	-99.016159
16338.317871	-99.013428
16343.701172	-98.929634
16349.084473	-98.793144
16354.467773	-98.450638
16359.851074	-98.084732
16365.234375	-99.319016
16370.617676	-99.249390
16376.000977	-98.872200
16381.384277	-98.769463
16386.767578	-98.763557
16392.150879	-99.172203
16397.534180	-99.199623
16402.917480	-98.943199
16408.300781	-99.041946
16413.684082	-98.933235
16419.067383	-99.177223
16424.450684	-99.478195
16429.833984	-99.381126
16435.217285	-99.217308
16440.600586	-98.474770
16445.983887	-98.516609
16451.367188	-98.607605
16456.750488	-98.834221
16462.133789	-98.052956
16467.517090	-97.752991
16472.900391	-97.884964
16478.283691	-97.862221
16483.666992	-97.527824
16489.050293	-97.657310
16494.433594	-97.794807
16499.816895	-97.943375
16505.200195	-97.599327
16510.583496	-97.799171
16515.966797	-98.556366
16521.350098	-97.951683
16526.733398	-98.130470
16532.116699	-99.111420
16537.500000	-98.764786
16542.883301	-98.063675
16548.266602	-98.953667
16553.649902	-99.090141
16559.033203	-98.406227
16564.416504	-98.219788
16569.799805	-98.363945
16575.183105	-98.177994
16580.566406	-98.493752
16585.949707	-98.709541
16591.333008	-98.364334
16596.716309	-98.750481
16602.099609	-99.344467
16607.482910	-99.118919
16612.866211	-98.573196
16618.249512	-98.567871
16623.632812	-98.380333
16629.016113	-98.590630
16634.399414	-99.031792
16639.782715	-98.608963
16645.166016	-99.116463
16650.549316	-98.982475
16655.932617	-99.144554
16661.315918	-98.919395
16666.699219	-99.492676
16672.082520	-99.321907
16677.465820	-99.372688
16682.849121	-99.407959
16688.232422	-98.712372
16693.615723	-98.696350
16698.999023	-98.787933
16704.382324	-98.782623
16709.765625	-99.336441
16715.148926	-99.770912
16720.532227	-99.299324
16725.915527	-98.544395
16731.298828	-98.709305
16736.682129	-98.944244
16742.065430	-98.962852
16747.448730	-99.022087
16752.832031	-98.962212
16758.215332	-99.104393
16763.598633	-98.673782
16768.981934	-98.797867
16774.365234	-99.061752
16779.748535	-99.003929
16785.131836	-98.276779
16790.515137	-98.360115
16795.898438	-98.429596
16801.281738	-98.356033
16806.665039	-98.899612
16812.048340	-98.801872
16817.431641	-98.497581
16822.814941	-98.812462
16828.198242	-99.032852
16833.581543	-99.233528
16838.964844	-99.447487
16844.348145	-99.344551
16849.731445	-99.299751
16855.114746	-98.990044
16860.498047	-99.025063
16865.881348	-99.024513
16871.264648	-99.446747
16876.647949	-99.295807
16882.031250	-99.360680
16887.414551	-99.561104
16892.797852	-99.854256
16898.181152	-99.132812
16903.564453	-98.601837
16908.947754	-98.951904
16914.331055	-99.786987
16919.714355	-99.438683
16925.097656	-99.201630
16930.480957	-99.280167
16935.864258	-99.111832
16941.247559	-99.451294
16946.630859	-98.791878
16952.014160	-98.681099
16957.397461	-98.607185
16962.780762	-98.984711
16968.164062	-99.230202
16973.547363	-99.955269
16978.930664	-99.456818
16984.313965	-99.668221
16989.697266	-99.841545
16995.080566	-99.380669
17000.463867	-99.305176
17005.847168	-99.717781
17011.230469	-99.393173
17016.613770	-99.570656
17021.997070	-99.587929
17027.380371	-99.324310
17032.763672	-99.433357
17038.146973	-99.126945
17043.530273	-98.561516
17048.913574	-98.587402
17054.296875	-99.302780
17059.680176	-99.577553
17065.063477	-99.642616
17070.446777	-99.202057
17075.830078	-98.879906
17081.213379	-99.294586
17086.596680	-99.354462
17091.979980	-98.986259
17097.363281	-99.235710
17102.746582	-98.842461
17108.129883	-98.959465
17113.513184	-99.384148
17118.896484	-99.290787
17124.279785	-99.061401
17129.663086	-99.088646
17135.046387	-99.312439
17140.429688	-98.880142
17145.812988	-98.712555
17151.196289	-98.722229
17156.579590	-99.193024
17161.962891	-99.186470
17167.346191	-99.166389
17172.729492	-99.251534
17178.112793	-99.000633
17183.496094	-99.215668
17188.879395	-99.194534
17194.262695	-99.149246
17199.645996	-99.312431
17205.029297	-99.182091
17210.412598	-99.689323
17215.795898	-100.114113
17221.179199	-99.363174
17226.562500	-99.001144
17231.945801	-99.375847
17237.329102	-99.689247
17242.712402	-99.786385
17248.095703	-99.292175
17253.479004	-99.230721
17258.862305	-99.336975
17264.245605	-99.148140
17269.628906	-99.124992
17275.012207	-99.219833
17280.395508	-99.058861
17285.778809	-99.219978
17291.162109	-99.738022
17296.545410	-99.601830
17301.928711	-99.263504
17307.312012	-99.312920
17312.695312	-99.257210
17318.078613	-99.379395
17323.461914	-99.439438
17328.845215	-99.348122
17334.228516	-99.228882
17339.611816	-98.966759
17344.995117	-99.182091
17350.378418	-99.731651
17355.761719	-99.448578
17361.145020	-99.010986
17366.528320	-99.601501
17371.911621	-99.863525
17377.294922	-99.309044
17382.678223	-99.601082
17388.061523	-99.649445
17393.444824	-99.233330
17398.828125	-99.052147
17404.211426	-99.213570
17409.594727	-98.867676
17414.978027	-98.905975
17420.361328	-98.912468
17425.744629	-99.124397
17431.127930	-98.921158
17436.511230	-99.122650
17441.894531	-99.626694
17447.277832	-99.315842
17452.661133	-99.348572
17458.044434	-99.600906
17463.427734	-99.377571
17468.811035	-99.450287
17474.194336	-99.375847
17479.577637	-99.179955
17484.960938	-98.926430
17490.344238	-99.176643
17495.727539	-99.353554
17501.110840	-99.611877
17506.494141	-99.395073
17511.877441	-99.131783
17517.260742	-98.925339
17522.644043	-99.015190
17528.027344	-99.429291
17533.410645	-99.717636
17538.793945	-99.723106
17544.177246	-99.601776
17549.560547	-99.635269
17554.943848	-99.827469
17560.327148	-99.499397
17565.710449	-98.916161
17571.093750	-99.043617
17576.477051	-99.533073
17581.860352	-99.530800
17587.243652	-99.635887
17592.626953	-99.368111
17598.010254	-99.285576
17603.393555	-99.139503
17608.776855	-99.649567
17614.160156	-99.392952
17619.543457	-99.566536
17624.926758	-99.868065
17630.310059	-99.069130
17635.693359	-99.455490
17641.076660	-99.589111
17646.459961	-99.323181
17651.843262	-99.070618
17657.226562	-98.941826
17662.609863	-99.450706
17667.993164	-99.448799
17673.376465	-99.156273
17678.759766	-98.880356
17684.143066	-99.183495
17689.526367	-99.342094
17694.909668	-99.256058
17700.292969	-99.452362
17705.676270	-99.472824
17711.059570	-99.151062
17716.442871	-99.434601
17721.826172	-99.548592
17727.209473	-99.265823
17732.592773	-99.678886
17737.976074	-99.228256
17743.359375	-98.970711
17748.742676	-99.346825
17754.125977	-99.329231
17759.509277	-98.890228
17764.892578	-99.291542
17770.275879	-99.110405
17775.659180	-98.626945
17781.042480	-99.249359
17786.425781	-99.340134
17791.809082	-99.425545
17797.192383	-99.280968
17802.575684	-99.057396
17807.958984	-98.995712
17813.342285	-99.104462
17818.725586	-99.725258
17824.108887	-98.905106
17829.492188	-98.983719
17834.875488	-99.343422
17840.258789	-99.438820
17845.642090	-99.081772
17851.025391	-99.005440
17856.408691	-98.820282
17861.791992	-98.832062
17867.175293	-98.926575
17872.558594	-98.769005
17877.941895	-98.790413
17883.325195	-99.381500
17888.708496	-98.981178
17894.091797	-99.290329
17899.475098	-99.394920
17904.858398	-98.662987
17910.241699	-98.692764
17915.625000	-99.528648
17921.008301	-98.929398
17926.391602	-98.980949
17931.774902	-98.832542
17937.158203	-98.547600
17942.541504	-99.409088
17947.924805	-99.119072
17953.308105	-98.623947
17958.691406	-99.148338
17964.074707	-99.196602
17969.458008	-98.993088
17974.841309	-99.093185
17980.224609	-98.784500
17985.607910	-98.782463
17990.991211	-98.959946
17996.374512	-99.247223
18001.757812	-98.855141
18007.141113	-98.945160
18012.524414	-98.809822
18017.907715	-98.890877
18023.291016	-98.880875
18028.674316	-98.749641
18034.057617	-98.502235
18039.440918	-98.715706
18044.824219	-98.985428
18050.207520	-98.807442
18055.590820	-98.648323
18060.974121	-98.203629
18066.357422	-98.488510
18071.740723	-98.504486
18077.124023	-98.090919
18082.507324	-98.330490
18087.890625	-98.608612
18093.273926	-99.168892
18098.657227	-98.462898
18104.040527	-98.687851
18109.423828	-98.544716
18114.807129	-98.265388
18120.190430	-98.041847
18125.573730	-98.471230
18130.957031	-98.327759
18136.340332	-98.482735
18141.723633	-98.700645
18147.106934	-98.935028
18152.490234	-98.569214
18157.873535	-98.962784
18163.256836	-98.754829
18168.640137	-98.331848
18174.023438	-98.704117
18179.406738	-98.433052
18184.790039	-98.663010
18190.173340	-98.268761
18195.556641	-98.435799
18200.939941	-98.818199
18206.323242	-98.752754
18211.706543	-98.471504
18217.089844	-98.132324
18222.473145	-97.876289
18227.856445	-98.173546
18233.239746	-97.878639
18238.623047	-98.151299
18244.006348	-97.963646
18249.389648	-98.151924
18254.772949	-98.126480
18260.156250	-97.642105
18265.539551	-98.062439
18270.922852	-97.990631
18276.306152	-97.950249
18281.689453	-97.755013
18287.072754	-97.564766
18292.456055	-98.027412
18297.839355	-98.391556
18303.222656	-98.284767
18308.605957	-97.800186
18313.989258	-97.701553
18319.372559	-98.084831
18324.755859	-98.439964
18330.139160	-98.354752
18335.522461	-98.139679
18340.905762	-98.148239
18346.289062	-98.486404
18351.672363	-97.697365
18357.055664	-97.926514
18362.438965	-97.788048
18367.822266	-98.404282
18373.205566	-98.224922
18378.588867	-98.114571
18383.972168	-98.115723
18389.355469	-98.049034
18394.738770	-98.124466
18400.122070	-98.135292
18405.505371	-97.852203
18410.888672	-98.059685
18416.271973	-98.401863
18421.655273	-97.712288
18427.038574	-97.624016
18432.421875	-97.818619
18437.805176	-97.539093
18443.188477	-97.516510
18448.571777	-97.742218
18453.955078	-98.060089
18459.338379	-97.915871
18464.721680	-98.074333
18470.104980	-98.589676
18475.488281	-98.354683
18480.871582	-97.803627
18486.254883	-98.061363
18491.638184	-97.937492
18497.021484	-97.776703
18502.404785	-97.560356
18507.788086	-97.813049
18513.171387	-98.120621
18518.554688	-97.907608
18523.937988	-98.140701
18529.321289	-98.395233
18534.704590	-98.055740
18540.087891	-97.863823
18545.471191	-97.879364
18550.854492	-98.046661
18556.237793	-98.138702
18561.621094	-97.520149
18567.004395	-98.365257
18572.387695	-98.712166
18577.770996	-98.730064
18583.154297	-98.774261
18588.537598	-99.075851
18593.920898	-98.723549
18599.304199	-98.892136
18604.687500	-98.845459
18610.070801	-98.819275
18615.454102	-98.642685
18620.837402	-98.310005
18626.220703	-98.857269
18631.604004	-98.518967
18636.987305	-98.343842
18642.370605	-98.386230
18647.753906	-98.692719
18653.137207	-98.685654
18658.520508	-98.624229
18663.903809	-98.309509
18669.287109	-98.565704
18674.670410	-98.375702
18680.053711	-98.156998
18685.437012	-97.679726
18690.820312	-97.810638
18696.203613	-97.460342
18701.586914	-97.533798
18706.970215	-98.171257
18712.353516	-98.381645
18717.736816	-98.101936
18723.120117	-97.854500
18728.503418	-97.810951
18733.886719	-97.560692
18739.270020	-97.228851
18744.653320	-98.128822
18750.036621	-98.312157
18755.419922	-98.051712
18760.803223	-97.568161
18766.186523	-97.500954
18771.569824	-98.079842
18776.953125	-98.169762
18782.336426	-98.224091
18787.719727	-97.927910
18793.103027	-97.872177
18798.486328	-97.874771
18803.869629	-98.291031
18809.252930	-97.686432
18814.636230	-97.449348
18820.019531	-97.927483
18825.402832	-98.252922
18830.786133	-98.159958
18836.169434	-98.075142
18841.552734	-98.451004
18846.936035	-98.177704
18852.319336	-98.494270
18857.702637	-98.465233
18863.085938	-97.902786
18868.469238	-97.976128
18873.852539	-98.493935
18879.235840	-98.458458
18884.619141	-98.197090
18890.002441	-97.766762
18895.385742	-98.476051
18900.769043	-98.643867
18906.152344	-98.278793
18911.535645	-97.787605
18916.918945	-98.170647
18922.302246	-98.761078
18927.685547	-98.617699
18933.068848	-98.348991
18938.452148	-98.289955
18943.835449	-98.418442
18949.218750	-98.339409
18954.602051	-98.118835
18959.985352	-97.948792
18965.368652	-98.187973
18970.751953	-98.599106
18976.135254	-98.444534
18981.518555	-98.395714
18986.901855	-97.592834
18992.285156	-97.367157
18997.668457	-98.170204
19003.051758	-98.393196
19008.435059	-97.929100
19013.818359	-98.287544
19019.201660	-98.623940
19024.584961	-98.616730
19029.968262	-98.919121
19035.351562	-98.439308
19040.734863	-98.484550
19046.118164	-98.733047
19051.501465	-98.790031
19056.884766	-98.800270
19062.268066	-98.366623
19067.651367	-98.735428
19073.034668	-98.585899
19078.417969	-98.273170
19083.801270	-98.516434
19089.184570	-98.685493
19094.567871	-98.871796
19099.951172	-98.763062
19105.334473	-98.180412
19110.717773	-98.253502
19116.101074	-98.644127
19121.484375	-98.535294
19126.867676	-98.701790
19132.250977	-98.574852
19137.634277	-98.630241
19143.017578	-98.496727
19148.400879	-98.637100
19153.784180	-99.073608
19159.167480	-98.519882
19164.550781	-98.696648
19169.934082	-98.309685
19175.317383	-98.559151
19180.700684	-98.310265
19186.083984	-98.514977
19191.467285	-98.406746
19196.850586	-98.396294
19202.233887	-98.728661
19207.617188	-98.729469
19213.000488	-98.326241
19218.383789	-97.955254
19223.767090	-97.940613
19229.150391	-98.827690
19234.533691	-99.293159
19239.916992	-98.905334
19245.300293	-98.861168
19250.683594	-98.956421
19256.066895	-98.836845
19261.450195	-98.830780
19266.833496	-98.862320
19272.216797	-98.932999
19277.600098	-98.251373
19282.983398	-98.175179
19288.366699	-98.412689
19293.750000	-98.662537
19299.133301	-98.591888
19304.516602	-98.787697
19309.899902	-98.755142
19315.283203	-98.259270
19320.666504	-98.464035
19326.049805	-98.341904
19331.433105	-98.699112
19336.816406	-98.964241
19342.199707	-98.842812
19347.583008	-99.156853
19352.966309	-99.169785
19358.349609	-98.582245
19363.732910	-98.650314
19369.116211	-98.824188
19374.499512	-98.239037
19379.882812	-98.100052
19385.266113	-98.561798
19390.649414	-98.706947
19396.032715	-98.591370
19401.416016	-98.641510
19406.799316	-98.755295
19412.182617	-99.141792
19417.565918	-99.025177
19422.949219	-98.717384
19428.332520	-98.673592
19433.715820	-98.706322
19439.099121	-98.932877
19444.482422	-98.795898
19449.865723	-99.197113
19455.249023	-98.794952
19460.632324	-98.498047
19466.015625	-98.722382
19471.398926	-98.779861
19476.782227	-98.689354
19482.165527	-98.939972
19487.548828	-98.765656
19492.932129	-98.352478
19498.315430	-98.549759
19503.698730	-98.611427
19509.082031	-99.163277
19514.465332	-99.056839
19519.848633	-98.841644
19525.231934	-98.640747
19530.615234	-98.627861
19535.998535	-98.685562
19541.381836	-98.650864
19546.765137	-98.953773
19552.148438	-98.915138
19557.531738	-98.521103
19562.915039	-98.150330
19568.298340	-98.651184
19573.681641	-98.869362
19579.064941	-99.010178
19584.448242	-98.877861
19589.831543	-98.769867
19595.214844	-98.786690
19600.598145	-99.013229
19605.981445	-98.882004
19611.364746	-99.034012
19616.748047	-98.896843
19622.131348	-98.579346
19627.514648	-98.472298
19632.897949	-98.796188
19638.281250	-98.980057
19643.664551	-99.020073
19649.047852	-98.809906
19654.431152	-98.838936
19659.814453	-98.783981
19665.197754	-98.726074
19670.581055	-98.683426
19675.964355	-98.861801
19681.347656	-98.859001
19686.730957	-99.010559
19692.114258	-99.198524
19697.497559	-99.061081
19702.880859	-98.835670
19708.264160	-98.941017
19713.647461	-99.364807
19719.030762	-99.056625
19724.414062	-98.952461
19729.797363	-98.804459
19735.180664	-98.820618
19740.563965	-98.980896
19745.947266	-98.890198
19751.330566	-98.670631
19756.713867	-98.766998
19762.097168	-98.866562
19767.480469	-98.889328
19772.863770	-98.875114
19778.247070	-98.594688
19783.630371	-98.689346
19789.013672	-98.971603
19794.396973	-99.376091
19799.780273	-98.932861
19805.163574	-98.547813
19810.546875	-98.745422
19815.930176	-98.973839
19821.313477	-98.817909
19826.696777	-98.973679
19832.080078	-99.171997
19837.463379	-98.890205
19842.846680	-98.876595
19848.229980	-98.860970
19853.613281	-98.872398
19858.996582	-99.268570
19864.379883	-98.597351
19869.763184	-98.269714
19875.146484	-98.479446
19880.529785	-99.013031
19885.913086	-99.035934
19891.296387	-98.373978
19896.679688	-98.473167
19902.062988	-98.861458
19907.446289	-98.948227
19912.829590	-99.045921
19918.212891	-98.783333
19923.596191	-98.365761
19928.979492	-98.546814
19934.362793	-98.772469
19939.746094	-98.944420
19945.129395	-98.506363
19950.512695	-98.713036
19955.895996	-98.661049
19961.279297	-98.275070
19966.662598	-98.556679
19972.045898	-99.149406
19977.429199	-98.836143
19982.812500	-98.574844
19988.195801	-98.355873
19993.579102	-98.889000
19998.962402	-98.526413
20004.345703	-98.583557
20009.729004	-98.466301
20015.112305	-98.325439
20020.495605	-98.482140
20025.878906	-98.426468
20031.262207	-98.407570
20036.645508	-98.795021
20042.028809	-98.798134
20047.412109	-98.502617
20052.795410	-98.788177
20058.178711	-98.580276
20063.562012	-98.326546
20068.945312	-98.917999
20074.328613	-99.029114
20079.711914	-99.264420
20085.095215	-99.263596
20090.478516	-99.102066
20095.861816	-98.773407
20101.245117	-98.930367
20106.628418	-99.183411
20112.011719	-98.966522
20117.395020	-98.283577
20122.778320	-98.715004
20128.161621	-99.256355
20133.544922	-98.741608
20138.928223	-99.084511
20144.311523	-99.342018
20149.694824	-99.270294
20155.078125	-99.184464
20160.461426	-99.009071
20165.844727	-99.034004
20171.228027	-98.821609
20176.611328	-98.851105
20181.994629	-98.905235
20187.377930	-98.815598
20192.761230	-98.620842
20198.144531	-99.387665
20203.527832	-99.161385
20208.911133	-99.285446
20214.294434	-98.934364
20219.677734	-99.294128
20225.061035	-99.388405
20230.444336	-99.655426
20235.827637	-100.079124
20241.210938	-99.400970
20246.594238	-99.081795
20251.977539	-99.093758
20257.360840	-99.023117
20262.744141	-99.255112
20268.127441	-99.488564
20273.510742	-99.099136
20278.894043	-98.833023
20284.277344	-98.387680
20289.660645	-98.700279
20295.043945	-99.356384
20300.427246	-99.666550
20305.810547	-99.317291
20311.193848	-99.511101
20316.577148	-99.586594
20321.960449	-99.223122
20327.343750	-99.139244
20332.727051	-99.421677
20338.110352	-99.820572
20343.493652	-99.707863
20348.876953	-99.828102
20354.260254	-99.892143
20359.643555	-99.849312
20365.026855	-99.841270
20370.410156	-100.054108
20375.793457	-99.719009
20381.176758	-99.911919
20386.560059	-100.560417
20391.943359	-100.968048
20397.326660	-100.282433
20402.709961	-99.635941
20408.093262	-99.651497
20413.476562	-99.933502
20418.859863	-100.131721
20424.243164	-100.052284
20429.626465	-100.509140
20435.009766	-100.673843
20440.393066	-100.040871
20445.776367	-100.389221
20451.159668	-100.955093
20456.542969	-101.056175
20461.926270	-101.275375
20467.309570	-101.117485
20472.692871	-100.752052
20478.076172	-100.735924
20483.459473	-101.096687
20488.842773	-101.241493
20494.226074	-101.752823
20499.609375	-101.477798
20504.992676	-101.148064
20510.375977	-101.352745
20515.759277	-101.701569
20521.142578	-102.284882
20526.525879	-101.737816
20531.909180	-101.550117
20537.292480	-101.513420
20542.675781	-101.741898
20548.059082	-101.885414
20553.442383	-102.167488
20558.825684	-101.570869
20564.208984	-101.197388
20569.592285	-102.248322
20574.975586	-102.103043
20580.358887	-102.495743
20585.742188	-102.351166
20591.125488	-102.745399
20596.508789	-102.792343
20601.892090	-102.682144
20607.275391	-102.362343
20612.658691	-103.008141
20618.041992	-103.158951
20623.425293	-103.022903
20628.808594	-103.061661
20634.191895	-102.973885
20639.575195	-103.455101
20644.958496	-103.257072
20650.341797	-103.231018
20655.725098	-103.924492
20661.108398	-104.330414
20666.491699	-103.816917
20671.875000	-103.791542
20677.258301	-103.771858
20682.641602	-104.310104
20688.024902	-104.675377
20693.408203	-104.765480
20698.791504	-104.378235
20704.174805	-104.382126
20709.558105	-104.778465
20714.941406	-104.934853
20720.324707	-104.833672
20725.708008	-104.854538
20731.091309	-105.022614
20736.474609	-104.665543
20741.857910	-105.084412
20747.241211	-105.875847
20752.624512	-105.836548
20758.007812	-105.752541
20763.391113	-106.207161
20768.774414	-106.091393
20774.157715	-106.214523
20779.541016	-106.995438
20784.924316	-106.582687
20790.307617	-106.566513
20795.690918	-106.677544
20801.074219	-106.480980
20806.457520	-106.895958
20811.840820	-107.260086
20817.224121	-107.479637
20822.607422	-107.653954
20827.990723	-107.461136
20833.374023	-107.492416
20838.757324	-107.710518
20844.140625	-108.093193
20849.523926	-108.175407
20854.907227	-108.377647
20860.290527	-108.994781
20865.673828	-109.408691
20871.057129	-109.330254
20876.440430	-109.491074
20881.823730	-109.525810
20887.207031	-109.592636
20892.590332	-110.138275
20897.973633	-110.340836
20903.356934	-110.014641
20908.740234	-109.934258
20914.123535	-110.222252
20919.506836	-110.736938
20924.890137	-110.772987
20930.273438	-111.341591
20935.656738	-111.473801
20941.040039	-112.042030
20946.423340	-111.709114
20951.806641	-111.243744
20957.189941	-111.189041
20962.573242	-111.802177
20967.956543	-112.598190
20973.339844	-112.998886
20978.723145	-113.151779
20984.106445	-113.243980
20989.489746	-113.244469
20994.873047	-113.254829
21000.256348	-113.689690
21005.639648	-114.490143
21011.022949	-114.613976
21016.406250	-114.562164
21021.789551	-114.580643
21027.172852	-114.997627
21032.556152	-115.058228
21037.939453	-115.612900
21043.322754	-115.887222
21048.706055	-115.465088
21054.089355	-115.904480
21059.472656	-116.122879
21064.855957	-116.186951
21070.239258	-117.375839
21075.622559	-117.861069
21081.005859	-117.287300
21086.389160	-117.183540
21091.772461	-117.814011
21097.155762	-118.366348
21102.539062	-118.505653
21107.922363	-118.540886
21113.305664	-119.044640
21118.688965	-118.965080
21124.072266	-119.247665
21129.455566	-119.626091
21134.838867	-119.934418
21140.222168	-120.310936
21145.605469	-120.316910
21150.988770	-121.083534
21156.372070	-120.187546
21161.755371	-115.324516
21167.138672	-117.446236
21172.521973	-121.208420
21177.905273	-122.590164
21183.288574	-122.393135
21188.671875	-122.850044
21194.055176	-122.734612
21199.438477	-123.427223
21204.821777	-124.111885
21210.205078	-123.868683
21215.588379	-124.121391
21220.971680	-124.093513
21226.354980	-125.027786
21231.738281	-124.630325
21237.121582	-125.200996
21242.504883	-125.375847
21247.888184	-125.915321
21253.271484	-126.052032
21258.654785	-126.024307
21264.038086	-125.830383
21269.421387	-126.546417
21274.804688	-126.597687
21280.187988	-126.605721
21285.571289	-127.110886
21290.954590	-127.099030
21296.337891	-127.499725
21301.721191	-127.722847
21307.104492	-127.893906
21312.487793	-127.959152
21317.871094	-128.337646
21323.254395	-127.988205
21328.637695	-128.682770
21334.020996	-128.528839
21339.404297	-128.555618
21344.787598	-128.587860
21350.170898	-128.871368
21355.554199	-128.720917
21360.937500	-129.129898
21366.320801	-128.917877
21371.704102	-128.988876
21377.087402	-129.163422
21382.470703	-129.261688
21387.854004	-129.240936
21393.237305	-129.302368
21398.620605	-129.503372
21404.003906	-129.241135
21409.387207	-129.575912
21414.770508	-129.350235
21420.153809	-129.496338
21425.537109	-129.556046
21430.920410	-129.530045
21436.303711	-129.550491
21441.687012	-129.498901
21447.070312	-129.697128
21452.453613	-129.572449
21457.836914	-129.554230
21463.220215	-129.641388
21468.603516	-129.703049
21473.986816	-129.583557
21479.370117	-129.693283
21484.753418	-129.686188
21490.136719	-129.681580
21495.520020	-129.678925
21500.903320	-129.662994
21506.286621	-129.702682
21511.669922	-129.718491
21517.053223	-129.664429
21522.436523	-129.708847
21527.819824	-129.737350
21533.203125	-129.678421
21538.586426	-129.718384
21543.969727	-129.711166
21549.353027	-129.710541
21554.736328	-129.717545
21560.119629	-129.717285
21565.502930	-129.712952
21570.886230	-129.705246
21576.269531	-129.743240
21581.652832	-129.698441
21587.036133	-129.729233
21592.419434	-129.714294
21597.802734	-129.730026
21603.186035	-129.716965
21608.569336	-129.722687
21613.952637	-129.721344
21619.335938	-129.723419
21624.719238	-129.723770
21630.102539	-129.727158
21635.485840	-129.720825
21640.869141	-129.728043
21646.252441	-129.725266
21651.635742	-129.724121
21657.019043	-129.726990
21662.402344	-129.724564
21667.785645	-129.728714
21673.168945	-129.726227
21678.552246	-129.727905
21683.935547	-129.725998
21689.318848	-129.727661
21694.702148	-129.728271
21700.085449	-129.727020
21705.468750	-129.728653
21710.852051	-129.728561
21716.235352	-129.728149
21721.618652	-129.729218
21727.001953	-129.728790
21732.385254	-129.728638
21737.768555	-129.729172
21743.151855	-129.729065
21748.535156	-129.730103
21753.918457	-129.729858
21759.301758	-129.729294
21764.685059	-129.730316
21770.068359	-129.729843
21775.451660	-129.730179
21780.834961	-129.730835
21786.218262	-129.730408
21791.601562	-129.730682
21796.984863	-129.730927
21802.368164	-129.731018
21807.751465	-129.731125
21813.134766	-129.731461
21818.518066	-129.731262
21823.901367	-129.731552
21829.284668	-129.731552
21834.667969	-129.731888
21840.051270	-129.731796
21845.434570	-129.732025
21850.817871	-129.731979
21856.201172	-129.732178
21861.584473	-129.732056
21866.967773	-129.732224
21872.351074	-129.732346
21877.734375	-129.732300
21883.117676	-129.732651
21888.500977	-129.732727
21893.884277	-129.732880
21899.267578	-129.732849
21904.650879	-129.732574
21910.034180	-129.732971
21915.417480	-129.733154
21920.800781	-129.733047
21926.184082	-129.732864
21931.567383	-129.733109
21936.950684	-129.733505
21942.333984	-129.733582
21947.717285	-129.732758
21953.100586	-129.733246
21958.483887	-129.733353
21963.867188	-129.733292
21969.250488	-129.733597
21974.633789	-129.733429
21980.017090	-129.734024
21985.400391	-129.733582
21990.783691	-129.733871
21996.166992	-129.734009
22001.550293	-129.733658
22006.933594	-129.733826
22012.316895	-129.733658
22017.700195	-129.733780
22023.083496	-129.733780
22028.466797	-129.733780
22033.850098	-129.733841
22039.233398	-129.733810
22044.616699	-129.733932
