Frequency (Hz)	Level (dB)
5.383301	-84.504402
10.766602	-83.320107
16.149902	-68.515366
21.533203	-57.667145
26.916504	-58.503716
32.299805	-54.675434
37.683105	-51.824200
43.066406	-49.743088
48.449707	-48.072208
53.833008	-47.103561
59.216309	-48.192440
64.599609	-46.781536
69.982910	-45.956264
75.366211	-48.421730
80.749512	-47.693810
86.132812	-45.830616
91.516113	-46.207180
96.899414	-45.858368
102.282715	-42.323288
107.666016	-42.073544
113.049316	-43.306198
118.432617	-48.991440
123.815918	-50.622326
129.199219	-48.801476
134.582520	-48.684364
139.965820	-51.870125
145.349121	-53.576672
150.732422	-54.992790
156.115723	-56.708736
161.499023	-56.409424
166.882324	-55.374142
172.265625	-54.778927
177.648926	-54.533798
183.032227	-54.689762
188.415527	-53.440414
193.798828	-54.097313
199.182129	-55.305557
204.565430	-55.882195
209.948730	-56.895210
215.332031	-57.663525
220.715332	-57.914654
226.098633	-56.567783
231.481934	-58.357544
236.865234	-61.942970
242.248535	-62.914783
247.631836	-64.232765
253.015137	-65.847885
258.398438	-66.155670
263.781738	-66.582703
269.165039	-66.701752
274.548340	-67.096237
279.931641	-66.801315
285.314941	-66.749840
290.698242	-66.447792
296.081543	-65.802223
301.464844	-65.230125
306.848145	-64.849762
312.231445	-64.640793
317.614746	-63.419849
322.998047	-62.606667
328.381348	-61.408035
333.764648	-60.134201
339.147949	-58.439060
344.531250	-60.376152
349.914551	-62.828537
355.297852	-64.211372
360.681152	-64.640068
366.064453	-64.939529
371.447754	-65.608109
376.831055	-65.387001
382.214355	-65.329491
387.597656	-64.276718
392.980957	-63.469505
398.364258	-62.577797
403.747559	-62.098564
409.130859	-61.282536
414.514160	-61.355095
419.897461	-61.950691
425.280762	-62.724724
430.664062	-63.819252
436.047363	-64.873474
441.430664	-66.529915
446.813965	-67.650269
452.197266	-68.392014
457.580566	-68.843178
462.963867	-69.322472
468.347168	-69.610779
473.730469	-69.192772
479.113770	-69.273575
484.497070	-68.439835
489.880371	-67.780884
495.263672	-67.519218
500.646973	-66.462875
506.030273	-65.580139
511.413574	-64.849190
516.796875	-63.343235
522.180176	-62.002205
527.563477	-62.484295
532.946777	-63.812897
538.330078	-64.176033
543.713379	-64.753281
549.096680	-66.454346
554.479980	-67.522118
559.863281	-69.209129
565.246582	-69.884392
570.629883	-69.235153
576.013184	-69.306534
581.396484	-68.670959
586.779785	-67.112328
592.163086	-66.573288
597.546387	-65.187561
602.929688	-65.142395
608.312988	-65.073799
613.696289	-64.704323
619.079590	-64.597336
624.462891	-65.328354
629.846191	-65.956947
635.229492	-66.153893
640.612793	-66.632019
645.996094	-66.920891
651.379395	-66.587173
656.762695	-66.480484
662.145996	-66.499329
667.529297	-66.849716
672.912598	-66.395180
678.295898	-66.308762
683.679199	-67.041359
689.062500	-67.730911
694.445801	-68.920189
699.829102	-70.027573
705.212402	-69.686646
710.595703	-69.866341
715.979004	-70.318596
721.362305	-70.778267
726.745605	-70.353012
732.128906	-70.556801
737.512207	-70.405563
742.895508	-70.551491
748.278809	-70.860977
753.662109	-71.256866
759.045410	-72.090149
764.428711	-72.594696
769.812012	-72.592522
775.195312	-72.441971
780.578613	-71.896500
785.961914	-71.595680
791.345215	-71.262543
796.728516	-70.953354
802.111816	-70.587021
807.495117	-69.855995
812.878418	-69.441101
818.261719	-69.521004
823.645020	-69.244972
829.028320	-69.892845
834.411621	-70.472649
839.794922	-70.724121
845.178223	-71.343323
850.561523	-72.380104
855.944824	-73.674706
861.328125	-73.385635
866.711426	-72.078857
872.094727	-71.303841
877.478027	-70.365082
882.861328	-69.606598
888.244629	-69.339691
893.627930	-68.995232
899.011230	-68.724968
904.394531	-68.798256
909.777832	-69.595390
915.161133	-69.102875
920.544434	-68.342270
925.927734	-68.039406
931.311035	-67.923378
936.694336	-67.723137
942.077637	-68.430283
947.460938	-69.427643
952.844238	-70.539795
958.227539	-72.372665
963.610840	-73.311050
968.994141	-74.086426
974.377441	-74.182312
979.760742	-74.191391
985.144043	-74.231743
990.527344	-74.552406
995.910645	-74.126442
1001.293945	-73.683029
1006.677246	-75.082664
1012.060547	-74.212082
1017.443848	-73.060738
1022.827148	-73.353722
1028.210449	-72.510353
1033.593750	-72.401642
1038.977051	-72.443230
1044.360352	-73.355789
1049.743652	-74.608360
1055.126953	-75.744537
1060.510254	-76.586388
1065.893555	-76.435638
1071.276855	-76.068680
1076.660156	-75.393745
1082.043457	-75.288055
1087.426758	-75.103355
1092.810059	-75.144981
1098.193359	-74.631905
1103.576660	-73.321022
1108.959961	-73.094749
1114.343262	-73.622421
1119.726562	-73.720245
1125.109863	-74.370903
1130.493164	-74.848244
1135.876465	-75.780884
1141.259766	-76.544777
1146.643066	-76.688042
1152.026367	-76.573273
1157.409668	-75.667206
1162.792969	-74.195694
1168.176270	-73.673073
1173.559570	-73.640648
1178.942871	-74.677658
1184.326172	-75.521751
1189.709473	-76.546005
1195.092773	-78.159431
1200.476074	-78.892441
1205.859375	-78.489319
1211.242676	-77.705833
1216.625977	-77.465134
1222.009277	-77.127632
1227.392578	-79.116074
1232.775879	-80.529320
1238.159180	-80.352859
1243.542480	-80.423378
1248.925781	-79.714584
1254.309082	-79.859566
1259.692383	-80.869850
1265.075684	-80.007919
1270.458984	-78.742615
1275.842285	-77.372208
1281.225586	-74.994690
1286.608887	-75.105873
1291.992188	-76.010918
1297.375488	-75.562920
1302.758789	-76.085381
1308.142090	-76.541389
1313.525391	-77.380554
1318.908691	-78.426361
1324.291992	-78.644524
1329.675293	-78.487801
1335.058594	-78.052307
1340.441895	-78.245506
1345.825195	-78.058754
1351.208496	-78.347984
1356.591797	-78.998962
1361.975098	-79.417099
1367.358398	-79.776695
1372.741699	-80.188118
1378.125000	-80.920319
1383.508301	-81.421616
1388.891602	-81.178123
1394.274902	-80.559845
1399.658203	-79.775299
1405.041504	-79.418228
1410.424805	-78.524940
1415.808105	-77.714676
1421.191406	-76.950546
1426.574707	-76.327194
1431.958008	-75.828979
1437.341309	-75.609482
1442.724609	-76.153687
1448.107910	-76.777428
1453.491211	-76.536491
1458.874512	-76.535042
1464.257812	-75.758499
1469.641113	-75.988701
1475.024414	-77.174271
1480.407715	-78.792725
1485.791016	-78.525063
1491.174316	-79.043739
1496.557617	-78.628777
1501.940918	-78.967476
1507.324219	-79.363144
1512.707520	-79.157158
1518.090820	-79.198418
1523.474121	-79.058609
1528.857422	-79.021111
1534.240723	-78.171028
1539.624023	-76.964836
1545.007324	-76.479958
1550.390625	-76.261986
1555.773926	-75.818611
1561.157227	-75.009430
1566.540527	-76.703163
1571.923828	-77.698318
1577.307129	-77.742661
1582.690430	-77.811905
1588.073730	-78.193283
1593.457031	-78.036034
1598.840332	-77.689674
1604.223633	-78.765602
1609.606934	-79.271400
1614.990234	-79.127708
1620.373535	-78.649544
1625.756836	-77.156532
1631.140137	-77.773216
1636.523438	-77.805336
1641.906738	-77.128281
1647.290039	-76.462067
1652.673340	-75.671661
1658.056641	-75.593666
1663.439941	-75.597153
1668.823242	-74.942192
1674.206543	-74.972839
1679.589844	-74.259087
1684.973145	-74.004570
1690.356445	-73.413414
1695.739746	-73.581268
1701.123047	-74.499779
1706.506348	-74.932404
1711.889648	-75.786240
1717.272949	-75.837799
1722.656250	-75.681297
1728.039551	-77.500664
1733.422852	-79.592735
1738.806152	-80.757393
1744.189453	-80.855118
1749.572754	-80.440613
1754.956055	-80.456825
1760.339355	-81.016716
1765.722656	-81.253441
1771.105957	-80.950668
1776.489258	-80.103477
1781.872559	-80.584602
1787.255859	-82.063873
1792.639160	-82.304207
1798.022461	-81.883141
1803.405762	-81.779617
1808.789062	-82.384857
1814.172363	-83.949554
1819.555664	-84.196007
1824.938965	-85.411186
1830.322266	-84.491165
1835.705566	-84.196953
1841.088867	-84.529266
1846.472168	-84.006752
1851.855469	-83.492340
1857.238770	-83.165413
1862.622070	-82.073471
1868.005371	-81.246132
1873.388672	-80.927902
1878.771973	-81.378914
1884.155273	-81.650108
1889.538574	-81.532852
1894.921875	-81.655067
1900.305176	-82.252556
1905.688477	-82.187065
1911.071777	-82.960617
1916.455078	-84.028648
1921.838379	-84.516975
1927.221680	-85.204056
1932.604980	-85.380150
1937.988281	-84.962029
1943.371582	-84.576736
1948.754883	-84.229225
1954.138184	-83.715775
1959.521484	-84.685631
1964.904785	-84.636078
1970.288086	-84.806450
1975.671387	-84.493019
1981.054688	-84.525726
1986.437988	-84.863190
1991.821289	-85.244682
1997.204590	-84.805023
2002.587891	-84.073219
2007.971191	-83.089340
2013.354492	-82.163475
2018.737793	-81.853706
2024.121094	-81.550842
2029.504395	-79.976105
2034.887695	-79.182396
2040.270996	-82.313370
2045.654297	-83.289604
2051.037598	-83.598862
2056.420898	-83.549850
2061.804199	-83.370033
2067.187500	-82.584351
2072.570801	-82.180984
2077.954102	-82.311996
2083.337402	-82.541489
2088.720703	-81.964859
2094.104004	-82.463379
2099.487305	-82.657219
2104.870605	-82.724892
2110.253906	-82.196358
2115.637207	-81.821190
2121.020508	-82.064873
2126.403809	-81.698875
2131.787109	-81.322159
2137.170410	-80.632912
2142.553711	-81.587654
2147.937012	-81.454277
2153.320312	-81.600975
2158.703613	-81.765350
2164.086914	-81.744568
2169.470215	-81.958214
2174.853516	-82.529762
2180.236816	-83.081268
2185.620117	-83.162430
2191.003418	-82.268410
2196.386719	-81.457016
2201.770020	-80.661118
2207.153320	-80.085876
2212.536621	-79.841377
2217.919922	-80.004700
2223.303223	-80.654579
2228.686523	-80.936089
2234.069824	-81.499138
2239.453125	-81.882996
2244.836426	-83.126602
2250.219727	-84.510445
2255.603027	-85.349342
2260.986328	-85.969841
2266.369629	-86.451736
2271.752930	-86.376122
2277.136230	-86.538567
2282.519531	-87.103760
2287.902832	-87.490273
2293.286133	-87.325027
2298.669434	-87.115799
2304.052734	-86.643707
2309.436035	-85.972313
2314.819336	-85.670273
2320.202637	-86.409248
2325.585938	-86.862663
2330.969238	-87.423279
2336.352539	-86.769775
2341.735840	-86.241692
2347.119141	-85.943466
2352.502441	-86.530342
2357.885742	-85.336800
2363.269043	-84.679817
2368.652344	-84.634514
2374.035645	-85.274178
2379.418945	-85.385765
2384.802246	-85.107101
2390.185547	-85.305023
2395.568848	-85.954170
2400.952148	-85.794838
2406.335449	-86.451546
2411.718750	-86.586533
2417.102051	-87.351501
2422.485352	-87.182739
2427.868652	-87.568184
2433.251953	-87.486053
2438.635254	-84.428192
2444.018555	-86.944420
2449.401855	-89.820969
2454.785156	-89.473389
2460.168457	-89.137985
2465.551758	-88.070686
2470.935059	-87.864319
2476.318359	-88.338799
2481.701660	-88.031334
2487.084961	-88.310982
2492.468262	-88.285942
2497.851562	-87.831474
2503.234863	-87.023003
2508.618164	-87.023705
2514.001465	-86.578545
2519.384766	-86.553955
2524.768066	-86.673340
2530.151367	-86.531487
2535.534668	-87.329216
2540.917969	-87.352882
2546.301270	-87.897598
2551.684570	-89.163116
2557.067871	-89.434669
2562.451172	-89.266365
2567.834473	-89.261040
2573.217773	-89.516792
2578.601074	-89.726616
2583.984375	-90.038078
2589.367676	-90.257172
2594.750977	-89.735474
2600.134277	-90.119942
2605.517578	-91.004349
2610.900879	-91.180023
2616.284180	-91.169067
2621.667480	-90.893822
2627.050781	-90.472214
2632.434082	-90.382431
2637.817383	-90.481728
2643.200684	-90.131668
2648.583984	-90.185791
2653.967285	-90.019951
2659.350586	-90.158669
2664.733887	-89.939537
2670.117188	-89.411781
2675.500488	-89.004387
2680.883789	-88.817741
2686.267090	-89.165298
2691.650391	-89.256027
2697.033691	-89.357666
2702.416992	-89.397522
2707.800293	-89.105637
2713.183594	-88.998283
2718.566895	-89.110191
2723.950195	-88.814499
2729.333496	-88.978104
2734.716797	-89.467064
2740.100098	-89.398453
2745.483398	-88.997604
2750.866699	-88.263260
2756.250000	-88.880798
2761.633301	-88.733437
2767.016602	-88.907112
2772.399902	-88.286385
2777.783203	-88.237793
2783.166504	-88.002472
2788.549805	-88.531586
2793.933105	-88.261719
2799.316406	-88.086823
2804.699707	-88.177200
2810.083008	-87.890694
2815.466309	-87.708748
2820.849609	-87.799019
2826.232910	-88.358482
2831.616211	-88.328529
2836.999512	-88.986122
2842.382812	-88.922913
2847.766113	-89.328300
2853.149414	-90.169998
2858.532715	-90.821396
2863.916016	-91.006546
2869.299316	-90.731972
2874.682617	-89.969048
2880.065918	-89.240555
2885.449219	-88.734177
2890.832520	-88.236572
2896.215820	-87.603416
2901.599121	-86.902710
2906.982422	-87.461372
2912.365723	-87.433319
2917.749023	-87.927849
2923.132324	-88.852409
2928.515625	-89.704048
2933.898926	-90.696762
2939.282227	-90.705582
2944.665527	-90.099144
2950.048828	-90.147545
2955.432129	-89.303795
2960.815430	-89.634079
2966.198730	-90.279060
2971.582031	-89.667091
2976.965332	-90.290474
2982.348633	-91.223991
2987.731934	-91.090591
2993.115234	-91.843254
2998.498535	-91.687523
3003.881836	-92.261185
3009.265137	-92.977776
3014.648438	-93.104568
3020.031738	-92.960587
3025.415039	-93.109840
3030.798340	-92.860550
3036.181641	-92.435028
3041.564941	-92.597450
3046.948242	-92.234840
3052.331543	-91.524414
3057.714844	-91.181152
3063.098145	-90.780182
3068.481445	-91.039375
3073.864746	-90.753883
3079.248047	-90.865776
3084.631348	-90.755783
3090.014648	-90.964401
3095.397949	-90.454529
3100.781250	-89.820389
3106.164551	-90.250809
3111.547852	-90.172058
3116.931152	-90.643257
3122.314453	-90.702255
3127.697754	-90.942093
3133.081055	-91.728325
3138.464355	-92.802254
3143.847656	-93.173996
3149.230957	-93.149132
3154.614258	-93.725731
3159.997559	-93.983841
3165.380859	-93.316177
3170.764160	-91.714386
3176.147461	-91.122040
3181.530762	-90.270004
3186.914062	-89.485542
3192.297363	-88.650009
3197.680664	-88.795830
3203.063965	-88.759201
3208.447266	-88.180283
3213.830566	-87.918861
3219.213867	-88.588150
3224.597168	-89.715721
3229.980469	-90.111397
3235.363770	-90.965599
3240.747070	-91.005508
3246.130371	-91.149429
3251.513672	-91.148170
3256.896973	-90.039635
3262.280273	-89.637650
3267.663574	-89.380875
3273.046875	-89.538971
3278.430176	-90.134903
3283.813477	-91.014061
3289.196777	-91.718277
3294.580078	-91.921272
3299.963379	-91.633148
3305.346680	-91.088379
3310.729980	-90.654732
3316.113281	-90.371307
3321.496582	-90.170891
3326.879883	-91.105652
3332.263184	-91.090973
3337.646484	-90.663864
3343.029785	-90.592796
3348.413086	-90.220177
3353.796387	-89.173615
3359.179688	-88.614670
3364.562988	-88.713699
3369.946289	-89.298149
3375.329590	-89.209099
3380.712891	-89.871895
3386.096191	-89.845863
3391.479492	-90.733704
3396.862793	-91.612137
3402.246094	-91.131691
3407.629395	-91.040817
3413.012695	-91.698708
3418.395996	-93.176765
3423.779297	-93.710754
3429.162598	-93.947922
3434.545898	-94.060196
3439.929199	-94.011269
3445.312500	-94.832420
3450.695801	-94.970413
3456.079102	-94.491531
3461.462402	-94.807632
3466.845703	-94.380951
3472.229004	-93.815369
3477.612305	-94.365448
3482.995605	-94.482925
3488.378906	-94.100357
3493.762207	-93.427643
3499.145508	-93.469658
3504.528809	-92.369644
3509.912109	-92.039078
3515.295410	-92.740562
3520.678711	-93.465302
3526.062012	-93.064835
3531.445312	-93.144836
3536.828613	-93.810600
3542.211914	-93.997681
3547.595215	-93.153648
3552.978516	-93.205414
3558.361816	-93.092056
3563.745117	-92.554276
3569.128418	-92.452606
3574.511719	-91.919968
3579.895020	-91.504608
3585.278320	-91.908096
3590.661621	-91.989075
3596.044922	-91.548409
3601.428223	-91.154831
3606.811523	-90.939865
3612.194824	-90.461288
3617.578125	-90.483887
3622.961426	-90.391548
3628.344727	-90.708946
3633.728027	-91.766853
3639.111328	-92.437340
3644.494629	-92.582298
3649.877930	-92.214005
3655.261230	-90.958771
3660.644531	-90.343781
3666.027832	-90.597031
3671.411133	-90.787064
3676.794434	-90.737617
3682.177734	-91.090622
3687.561035	-90.627182
3692.944336	-91.276237
3698.327637	-92.260780
3703.710938	-92.349243
3709.094238	-92.818535
3714.477539	-92.191566
3719.860840	-91.837029
3725.244141	-91.756798
3730.627441	-91.537498
3736.010742	-91.151810
3741.394043	-90.631142
3746.777344	-90.777962
3752.160645	-90.229233
3757.543945	-90.156975
3762.927246	-90.617699
3768.310547	-90.897713
3773.693848	-91.480438
3779.077148	-91.526459
3784.460449	-91.830261
3789.843750	-92.349655
3795.227051	-93.185593
3800.610352	-92.689217
3805.993652	-92.648224
3811.376953	-92.399803
3816.760254	-92.932190
3822.143555	-93.395844
3827.526855	-93.626991
3832.910156	-94.176178
3838.293457	-94.253784
3843.676758	-94.506882
3849.060059	-95.264336
3854.443359	-95.545036
3859.826660	-96.089821
3865.209961	-95.778206
3870.593262	-95.987740
3875.976562	-95.539749
3881.359863	-95.385582
3886.743164	-95.154053
3892.126465	-94.997726
3897.509766	-94.730576
3902.893066	-95.156044
3908.276367	-95.024971
3913.659668	-94.654953
3919.042969	-94.818619
3924.426270	-95.113731
3929.809570	-94.846779
3935.192871	-94.397957
3940.576172	-94.220695
3945.959473	-94.033394
3951.342773	-94.581261
3956.726074	-94.769905
3962.109375	-94.456017
3967.492676	-94.000877
3972.875977	-93.024162
3978.259277	-93.357445
3983.642578	-92.900841
3989.025879	-92.655327
3994.409180	-92.638123
3999.792480	-92.229942
4005.175781	-92.702629
4010.559082	-92.330238
4015.942383	-92.220001
4021.325684	-92.399666
4026.708984	-91.884796
4032.092285	-91.219124
4037.475586	-91.173088
4042.858887	-91.736832
4048.242188	-92.206863
4053.625488	-93.110298
4059.008789	-93.125885
4064.392090	-93.392471
4069.775391	-93.835670
4075.158691	-94.149994
4080.541992	-93.670105
4085.925293	-93.157722
4091.308594	-93.084984
4096.691895	-93.516884
4102.075195	-93.585701
4107.458496	-93.555481
4112.841797	-93.544403
4118.225098	-93.924820
4123.608398	-93.613586
4128.991699	-93.245583
4134.375000	-93.212662
4139.758301	-93.091309
4145.141602	-92.322220
4150.524902	-91.649132
4155.908203	-91.033875
4161.291504	-91.164360
4166.674805	-91.820496
4172.058105	-92.194107
4177.441406	-92.989342
4182.824707	-94.136406
4188.208008	-94.965042
4193.591309	-94.897552
4198.974609	-95.504700
4204.357910	-95.297752
4209.741211	-94.287727
4215.124512	-93.675491
4220.507812	-92.566933
4225.891113	-92.420547
4231.274414	-91.957329
4236.657715	-92.801445
4242.041016	-92.795006
4247.424316	-92.252686
4252.807617	-93.248604
4258.190918	-94.681503
4263.574219	-94.943520
4268.957520	-95.413078
4274.340820	-96.369957
4279.724121	-95.774521
4285.107422	-94.812836
4290.490723	-94.458290
4295.874023	-94.751091
4301.257324	-95.242973
4306.640625	-95.771034
4312.023926	-96.125763
4317.407227	-95.451744
4322.790527	-95.571762
4328.173828	-95.858551
4333.557129	-95.347786
4338.940430	-94.041443
4344.323730	-93.255035
4349.707031	-93.007530
4355.090332	-92.424973
4360.473633	-92.262131
4365.856934	-92.688713
4371.240234	-93.342606
4376.623535	-93.380135
4382.006836	-91.793228
4387.390137	-90.868576
4392.773438	-90.469688
4398.156738	-90.375076
4403.540039	-90.611259
4408.923340	-91.077660
4414.306641	-91.007355
4419.689941	-90.305962
4425.073242	-89.611656
4430.456543	-88.864960
4435.839844	-88.106148
4441.223145	-87.094444
4446.606445	-86.693695
4451.989746	-86.986748
4457.373047	-86.850563
4462.756348	-86.990410
4468.139648	-88.740189
4473.522949	-88.889923
4478.906250	-87.245377
4484.289551	-86.145248
4489.672852	-84.966797
4495.056152	-83.978630
4500.439453	-83.085106
4505.822754	-83.224129
4511.206055	-84.046158
4516.589355	-86.012520
4521.972656	-88.779533
4527.355957	-90.062569
4532.739258	-89.749016
4538.122559	-89.190056
4543.505859	-88.437561
4548.889160	-87.619553
4554.272461	-87.297302
4559.655762	-88.406898
4565.039062	-89.160950
4570.422363	-88.392883
4575.805664	-87.393326
4581.188965	-86.616722
4586.572266	-84.564194
4591.955566	-83.236465
4597.338867	-81.815987
4602.722168	-80.689453
4608.105469	-80.781151
4613.488770	-81.678314
4618.872070	-82.667557
4624.255371	-82.406746
4629.638672	-82.361023
4635.021973	-81.899857
4640.405273	-82.460938
4645.788574	-83.774933
4651.171875	-84.506668
4656.555176	-83.467751
4661.938477	-82.788666
4667.321777	-81.987000
4672.705078	-80.801865
4678.088379	-80.482971
4683.471680	-81.220680
4688.854980	-82.110191
4694.238281	-82.883545
4699.621582	-84.711105
4705.004883	-85.804573
4710.388184	-87.124908
4715.771484	-85.606819
4721.154785	-83.631180
4726.538086	-81.499886
4731.921387	-80.764969
4737.304688	-81.107262
4742.687988	-81.218971
4748.071289	-80.285576
4753.454590	-81.126556
4758.837891	-82.278069
4764.221191	-83.180984
4769.604492	-85.592033
4774.987793	-87.414368
4780.371094	-88.334625
4785.754395	-88.040634
4791.137695	-87.589836
4796.520996	-87.816383
4801.904297	-87.987129
4807.287598	-88.501373
4812.670898	-88.899757
4818.054199	-88.939201
4823.437500	-89.181625
4828.820801	-89.192856
4834.204102	-89.180420
4839.587402	-90.011452
4844.970703	-90.877205
4850.354004	-90.847137
4855.737305	-90.401245
4861.120605	-90.172615
4866.503906	-89.484467
4871.887207	-88.533195
4877.270508	-88.575180
4882.653809	-88.817650
4888.037109	-89.250565
4893.420410	-90.166672
4898.803711	-91.104691
4904.187012	-91.884621
4909.570312	-91.931610
4914.953613	-91.899239
4920.336914	-91.884697
4925.720215	-92.295738
4931.103516	-92.996902
4936.486816	-92.999092
4941.870117	-92.999619
4947.253418	-93.683273
4952.636719	-93.499321
4958.020020	-93.621262
4963.403320	-93.131454
4968.786621	-92.386154
4974.169922	-92.063301
4979.553223	-92.102516
4984.936523	-92.642036
4990.319824	-92.930443
4995.703125	-93.198311
5001.086426	-92.723289
5006.469727	-92.437958
5011.853027	-93.152138
5017.236328	-93.136429
5022.619629	-93.754868
5028.002930	-94.533737
5033.386230	-93.835197
5038.769531	-92.681671
5044.152832	-92.357193
5049.536133	-92.347641
5054.919434	-92.775520
5060.302734	-93.495384
5065.686035	-93.559341
5071.069336	-93.626114
5076.452637	-93.097885
5081.835938	-89.425545
5087.219238	-92.197586
5092.602539	-93.950897
5097.985840	-93.121346
5103.369141	-92.757256
5108.752441	-92.120636
5114.135742	-92.520172
5119.519043	-92.878586
5124.902344	-92.380829
5130.285645	-92.080109
5135.668945	-91.400406
5141.052246	-91.263474
5146.435547	-91.604790
5151.818848	-91.795815
5157.202148	-91.708672
5162.585449	-92.458366
5167.968750	-92.161911
5173.352051	-92.641624
5178.735352	-93.106125
5184.118652	-93.912941
5189.501953	-94.422371
5194.885254	-93.726776
5200.268555	-94.161980
5205.651855	-94.648666
5211.035156	-95.545151
5216.418457	-95.796753
5221.801758	-95.804604
5227.185059	-96.771675
5232.568359	-96.958244
5237.951660	-96.452766
5243.334961	-96.150764
5248.718262	-95.763603
5254.101562	-95.227043
5259.484863	-95.168816
5264.868164	-94.593132
5270.251465	-94.368195
5275.634766	-94.472763
5281.018066	-93.844635
5286.401367	-92.652748
5291.784668	-93.978737
5297.167969	-93.859093
5302.551270	-94.296593
5307.934570	-94.320786
5313.317871	-94.255447
5318.701172	-94.732368
5324.084473	-94.644135
5329.467773	-94.530823
5334.851074	-95.011215
5340.234375	-94.556267
5345.617676	-94.947678
5351.000977	-95.627182
5356.384277	-94.898148
5361.767578	-94.530151
5367.150879	-95.776695
5372.534180	-96.434570
5377.917480	-96.494644
5383.300781	-96.383324
5388.684082	-96.768234
5394.067383	-96.961800
5399.450684	-96.664185
5404.833984	-96.783180
5410.217285	-96.118195
5415.600586	-96.442253
5420.983887	-96.805687
5426.367188	-96.490112
5431.750488	-96.332932
5437.133789	-96.495186
5442.517090	-96.468582
5447.900391	-96.171600
5453.283691	-96.031952
5458.666992	-96.348022
5464.050293	-95.890526
5469.433594	-95.905594
5474.816895	-96.221756
5480.200195	-96.110764
5485.583496	-93.237259
5490.966797	-91.675972
5496.350098	-95.477615
5501.733398	-95.600830
5507.116699	-94.975014
5512.500000	-95.379562
5517.883301	-95.153534
5523.266602	-93.373795
5528.649902	-92.148514
5534.033203	-92.078194
5539.416504	-92.218414
5544.799805	-92.592270
5550.183105	-92.851730
5555.566406	-92.545921
5560.949707	-92.585617
5566.333008	-92.966599
5571.716309	-93.519341
5577.099609	-94.003220
5582.482910	-95.302612
5587.866211	-95.508484
5593.249512	-95.913071
5598.632812	-96.411041
5604.016113	-96.268631
5609.399414	-95.843231
5614.782715	-95.945969
5620.166016	-95.591118
5625.549316	-95.156311
5630.932617	-95.452713
5636.315918	-96.526848
5641.699219	-96.662102
5647.082520	-96.800423
5652.465820	-96.359558
5657.849121	-96.080338
5663.232422	-96.545494
5668.615723	-96.889160
5673.999023	-97.172150
5679.382324	-97.139824
5684.765625	-96.838173
5690.148926	-94.370834
5695.532227	-94.484795
5700.915527	-96.239983
5706.298828	-95.870438
5711.682129	-96.356911
5717.065430	-96.330551
5722.448730	-96.441689
5727.832031	-96.321617
5733.215332	-96.235390
5738.598633	-96.214890
5743.981934	-97.032486
5749.365234	-96.981812
5754.748535	-96.592392
5760.131836	-96.812843
5765.515137	-96.702286
5770.898438	-96.274422
5776.281738	-96.618042
5781.665039	-96.431427
5787.048340	-95.461609
5792.431641	-95.516670
5797.814941	-95.996262
5803.198242	-95.712029
5808.581543	-96.141312
5813.964844	-95.625801
5819.348145	-95.365311
5824.731445	-95.691635
5830.114746	-96.783730
5835.498047	-96.282082
5840.881348	-96.475105
5846.264648	-96.508789
5851.647949	-96.386742
5857.031250	-95.957649
5862.414551	-96.162613
5867.797852	-96.967033
5873.181152	-96.937599
5878.564453	-97.186211
5883.947754	-97.544136
5889.331055	-97.572853
5894.714355	-96.808777
5900.097656	-97.363403
5905.480957	-98.070229
5910.864258	-97.656120
5916.247559	-96.672424
5921.630859	-97.009239
5927.014160	-96.873367
5932.397461	-96.783424
5937.780762	-96.544861
5943.164062	-96.824066
5948.547363	-96.582283
5953.930664	-97.134109
5959.313965	-97.278450
5964.697266	-97.436478
5970.080566	-97.581741
5975.463867	-97.625549
5980.847168	-97.457237
5986.230469	-97.127609
5991.613770	-97.327438
5996.997070	-97.237289
6002.380371	-97.110878
6007.763672	-97.584106
6013.146973	-97.375893
6018.530273	-97.476662
6023.913574	-97.741615
6029.296875	-97.889091
6034.680176	-97.691551
6040.063477	-97.951851
6045.446777	-98.395042
6050.830078	-98.011993
6056.213379	-97.707840
6061.596680	-98.400093
6066.979980	-98.670578
6072.363281	-98.375923
6077.746582	-98.016563
6083.129883	-98.104385
6088.513184	-97.638527
6093.896484	-97.145836
6099.279785	-97.217522
6104.663086	-98.070076
6110.046387	-97.841446
6115.429688	-97.731705
6120.812988	-97.729599
6126.196289	-97.510002
6131.579590	-97.219971
6136.962891	-97.303276
6142.346191	-96.684700
6147.729492	-96.327950
6153.112793	-97.253090
6158.496094	-97.684677
6163.879395	-97.744850
6169.262695	-97.128510
6174.645996	-96.924644
6180.029297	-96.889206
6185.412598	-97.366905
6190.795898	-96.855469
6196.179199	-96.918976
6201.562500	-96.918175
6206.945801	-97.188477
6212.329102	-97.295471
6217.712402	-97.284561
6223.095703	-97.956619
6228.479004	-97.825516
6233.862305	-98.185265
6239.245605	-98.021378
6244.628906	-97.466057
6250.012207	-97.366432
6255.395508	-97.815102
6260.778809	-98.463501
6266.162109	-98.678688
6271.545410	-98.219551
6276.928711	-98.541557
6282.312012	-98.349998
6287.695312	-98.222397
6293.078613	-98.427528
6298.461914	-97.852516
6303.845215	-97.133591
6309.228516	-97.400772
6314.611816	-97.532372
6319.995117	-97.383530
6325.378418	-97.639488
6330.761719	-97.674896
6336.145020	-97.556961
6341.528320	-96.685219
6346.911621	-96.357651
6352.294922	-96.781380
6357.678223	-97.126595
6363.061523	-97.231491
6368.444824	-96.868713
6373.828125	-96.458763
6379.211426	-95.962784
6384.594727	-96.292740
6389.978027	-95.945663
6395.361328	-95.155296
6400.744629	-95.304459
6406.127930	-95.247383
6411.511230	-95.297447
6416.894531	-95.149681
6422.277832	-95.853615
6427.661133	-96.177155
6433.044434	-96.245537
6438.427734	-95.968193
6443.811035	-96.792580
6449.194336	-96.985420
6454.577637	-96.860298
6459.960938	-96.383774
6465.344238	-96.334702
6470.727539	-96.586578
6476.110840	-97.081612
6481.494141	-97.117752
6486.877441	-96.755363
6492.260742	-97.339912
6497.644043	-97.247932
6503.027344	-97.331467
6508.410645	-96.867661
6513.793945	-96.664101
6519.177246	-96.306458
6524.560547	-95.766701
6529.943848	-95.237625
6535.327148	-94.586563
6540.710449	-94.320488
6546.093750	-94.883812
6551.477051	-94.691864
6556.860352	-95.403938
6562.243652	-96.381660
6567.626953	-97.015129
6573.010254	-96.812477
6578.393555	-96.542542
6583.776855	-96.674530
6589.160156	-96.225250
6594.543457	-96.088112
6599.926758	-95.589516
6605.310059	-95.573967
6610.693359	-95.577034
6616.076660	-95.996552
6621.459961	-95.639076
6626.843262	-95.842079
6632.226562	-96.275879
6637.609863	-95.883682
6642.993164	-95.644638
6648.376465	-95.953209
6653.759766	-95.614471
6659.143066	-95.266457
6664.526367	-95.233192
6669.909668	-95.624489
6675.292969	-95.537384
6680.676270	-95.623001
6686.059570	-95.670097
6691.442871	-95.942734
6696.826172	-96.347008
6702.209473	-96.013870
6707.592773	-95.432884
6712.976074	-95.829369
6718.359375	-95.578499
6723.742676	-95.087730
6729.125977	-95.069511
6734.509277	-94.835602
6739.892578	-95.042297
6745.275879	-95.438576
6750.659180	-96.249298
6756.042480	-96.906448
6761.425781	-97.104774
6766.809082	-97.311531
6772.192383	-97.253128
6777.575684	-97.064156
6782.958984	-96.957741
6788.342285	-96.166962
6793.725586	-95.898438
6799.108887	-96.091064
6804.492188	-96.235855
6809.875488	-95.648720
6815.258789	-95.158966
6820.642090	-96.031113
6826.025391	-95.492783
6831.408691	-95.853928
6836.791992	-95.909470
6842.175293	-95.474167
6847.558594	-95.425499
6852.941895	-95.161469
6858.325195	-95.127609
6863.708496	-94.907684
6869.091797	-94.650894
6874.475098	-94.700447
6879.858398	-94.293930
6885.241699	-94.255547
6890.625000	-94.227509
6896.008301	-94.455727
6901.391602	-94.575768
6906.774902	-94.503654
6912.158203	-94.493210
6917.541504	-94.866402
6922.924805	-94.610954
6928.308105	-95.211365
6933.691406	-95.549553
6939.074707	-95.188835
6944.458008	-95.066963
6949.841309	-94.943649
6955.224609	-94.827492
6960.607910	-95.297020
6965.991211	-95.439651
6971.374512	-95.545570
6976.757812	-95.582802
6982.141113	-96.107285
6987.524414	-96.287506
6992.907715	-95.798882
6998.291016	-96.021301
7003.674316	-96.442116
7009.057617	-96.633392
7014.440918	-96.753136
7019.824219	-97.326653
7025.207520	-97.119858
7030.590820	-96.236816
7035.974121	-96.107262
7041.357422	-95.670898
7046.740723	-95.631081
7052.124023	-95.390236
7057.507324	-95.083687
7062.890625	-95.086739
7068.273926	-94.928436
7073.657227	-94.791084
7079.040527	-94.831818
7084.423828	-94.639381
7089.807129	-95.092163
7095.190430	-94.919861
7100.573730	-95.200958
7105.957031	-95.304382
7111.340332	-95.825180
7116.723633	-95.587593
7122.106934	-95.452065
7127.490234	-95.498413
7132.873535	-95.547409
7138.256836	-95.184326
7143.640137	-95.230927
7149.023438	-95.699837
7154.406738	-95.626465
7159.790039	-95.503258
7165.173340	-95.851456
7170.556641	-95.830772
7175.939941	-95.773438
7181.323242	-96.081627
7186.706543	-96.660194
7192.089844	-96.885757
7197.473145	-96.628006
7202.856445	-96.588783
7208.239746	-96.604973
7213.623047	-96.161568
7219.006348	-96.215218
7224.389648	-96.124565
7229.772949	-95.462059
7235.156250	-94.948669
7240.539551	-95.356651
7245.922852	-95.602699
7251.306152	-95.546738
7256.689453	-95.604424
7262.072754	-94.975357
7267.456055	-94.335442
7272.839355	-94.306595
7278.222656	-94.560684
7283.605957	-94.703552
7288.989258	-94.147942
7294.372559	-94.350967
7299.755859	-94.235435
7305.139160	-94.660851
7310.522461	-94.945351
7315.905762	-95.370827
7321.289062	-95.359558
7326.672363	-95.251305
7332.055664	-95.049873
7337.438965	-94.930351
7342.822266	-94.999771
7348.205566	-95.058434
7353.588867	-95.130623
7358.972168	-94.607422
7364.355469	-94.565628
7369.738770	-94.789368
7375.122070	-94.862328
7380.505371	-95.355057
7385.888672	-95.789062
7391.271973	-95.225677
7396.655273	-94.753998
7402.038574	-94.995743
7407.421875	-94.543854
7412.805176	-94.446426
7418.188477	-94.500023
7423.571777	-94.986732
7428.955078	-95.798256
7434.338379	-96.113037
7439.721680	-96.625244
7445.104980	-97.059296
7450.488281	-97.572151
7455.871582	-97.228867
7461.254883	-97.164810
7466.638184	-97.155449
7472.021484	-96.879860
7477.404785	-96.043770
7482.788086	-95.603073
7488.171387	-95.338257
7493.554688	-94.849777
7498.937988	-94.534210
7504.321289	-94.534447
7509.704590	-94.171585
7515.087891	-94.287987
7520.471191	-94.508453
7525.854492	-94.762611
7531.237793	-94.967018
7536.621094	-95.556831
7542.004395	-95.447273
7547.387695	-95.672554
7552.770996	-95.730255
7558.154297	-95.754303
7563.537598	-95.639488
7568.920898	-95.047714
7574.304199	-95.388153
7579.687500	-94.981812
7585.070801	-94.918175
7590.454102	-94.811852
7595.837402	-94.329399
7601.220703	-93.869370
7606.604004	-93.915573
7611.987305	-93.955627
7617.370605	-93.508018
7622.753906	-93.641632
7628.137207	-93.610687
7633.520508	-94.035088
7638.903809	-94.317291
7644.287109	-94.895279
7649.670410	-94.706039
7655.053711	-94.572807
7660.437012	-94.899963
7665.820312	-95.208565
7671.203613	-95.425545
7676.586914	-96.055885
7681.970215	-96.724129
7687.353516	-96.715050
7692.736816	-96.753464
7698.120117	-96.224510
7703.503418	-96.192085
7708.886719	-96.509201
7714.270020	-96.419754
7719.653320	-96.214073
7725.036621	-95.802597
7730.419922	-95.673302
7735.803223	-95.596375
7741.186523	-95.588104
7746.569824	-95.482117
7751.953125	-95.502426
7757.336426	-95.315308
7762.719727	-95.109001
7768.103027	-95.009781
7773.486328	-94.790413
7778.869629	-94.777618
7784.252930	-94.746208
7789.636230	-94.916145
7795.019531	-94.960037
7800.402832	-95.434212
7805.786133	-95.184868
7811.169434	-95.517075
7816.552734	-94.962082
7821.936035	-95.398636
7827.319336	-95.802055
7832.702637	-95.383041
7838.085938	-95.417862
7843.469238	-94.727203
7848.852539	-94.012070
7854.235840	-92.973297
7859.619141	-91.918701
7865.002441	-90.691330
7870.385742	-90.738281
7875.769043	-91.844528
7881.152344	-92.294533
7886.535645	-92.914932
7891.918945	-93.090073
7897.302246	-93.634216
7902.685547	-94.053596
7908.068848	-94.105629
7913.452148	-94.120163
7918.835449	-93.759247
7924.218750	-93.157295
7929.602051	-93.537910
7934.985352	-93.824188
7940.368652	-93.972290
7945.751953	-94.402313
7951.135254	-94.221756
7956.518555	-94.821907
7961.901855	-95.404907
7967.285156	-95.128059
7972.668457	-95.352692
7978.051758	-95.333099
7983.435059	-95.859230
7988.818359	-95.829880
7994.201660	-96.160645
7999.584961	-96.268143
8004.968262	-96.838539
8010.351562	-97.388428
8015.734863	-97.197937
8021.118164	-97.106384
8026.501465	-97.367661
8031.884766	-97.409027
8037.268066	-96.759743
8042.651367	-96.857742
8048.034668	-96.377449
8053.417969	-96.347824
8058.801270	-96.638466
8064.184570	-97.321907
8069.567871	-96.709785
8074.951172	-96.460922
8080.334473	-96.179604
8085.717773	-96.498940
8091.101074	-96.380630
8096.484375	-96.733200
8101.867676	-97.035728
8107.250977	-97.217628
8112.634277	-96.933807
8118.017578	-96.937386
8123.400879	-97.639412
8128.784180	-97.117661
8134.167480	-97.341789
8139.550781	-97.353584
8144.934082	-97.252426
8150.317383	-97.461472
8155.700684	-97.394432
8161.083984	-97.029030
8166.467285	-96.808861
8171.850586	-96.472549
8177.233887	-97.232079
8182.617188	-97.137894
8188.000488	-97.091278
8193.383789	-96.929474
8198.767090	-96.723755
8204.150391	-96.599869
8209.533691	-97.661324
8214.916992	-97.437889
8220.300293	-97.364693
8225.683594	-97.063095
8231.066895	-96.982338
8236.450195	-96.954811
8241.833496	-97.096283
8247.216797	-97.633568
8252.600098	-97.419868
8257.983398	-97.237007
8263.366699	-96.933090
8268.750000	-96.736099
8274.133301	-96.579620
8279.516602	-96.197090
8284.899902	-96.278709
8290.283203	-96.168556
8295.666504	-96.334091
8301.049805	-96.719856
8306.433105	-96.418663
8311.816406	-96.525520
8317.199707	-97.353783
8322.583008	-96.462486
8327.966309	-96.760597
8333.349609	-97.012878
8338.732910	-96.995598
8344.116211	-96.752991
8349.499512	-96.761559
8354.882812	-97.456200
8360.266113	-97.495865
8365.649414	-97.540703
8371.032715	-97.741768
8376.416016	-97.475159
8381.799316	-97.622780
8387.182617	-97.525078
8392.565918	-97.673828
8397.949219	-97.435417
8403.332520	-97.253021
8408.715820	-97.337418
8414.099121	-97.644814
8419.482422	-97.735748
8424.865723	-97.506058
8430.249023	-97.422691
8435.632324	-97.135277
8441.015625	-97.213806
8446.398926	-96.616623
8451.782227	-96.433807
8457.165527	-96.458359
8462.548828	-96.457619
8467.932129	-96.620667
8473.315430	-96.213104
8478.698730	-95.628357
8484.082031	-95.959244
8489.465332	-96.095985
8494.848633	-96.614426
8500.231934	-96.503654
8505.615234	-95.778709
8510.998535	-95.878197
8516.381836	-95.628548
8521.765137	-95.880211
8527.148438	-96.050804
8532.531738	-95.934402
8537.915039	-95.111794
8543.298340	-95.240532
8548.681641	-96.053261
8554.064941	-95.466560
8559.448242	-95.652985
8564.831543	-96.169624
8570.214844	-96.378319
8575.598145	-96.995140
8580.981445	-97.315941
8586.364746	-97.651520
8591.748047	-97.466942
8597.131348	-97.088776
8602.514648	-97.094574
8607.897949	-96.637718
8613.281250	-96.602417
8618.664551	-96.310478
8624.047852	-96.433060
8629.431152	-96.880676
8634.814453	-97.250839
8640.197754	-97.088242
8645.581055	-97.084969
8650.964355	-97.377563
8656.347656	-97.189407
8661.730957	-97.349892
8667.114258	-97.446129
8672.497559	-97.021202
8677.880859	-96.948776
8683.264160	-97.036415
8688.647461	-96.823692
8694.030762	-97.054489
8699.414062	-97.136566
8704.797363	-96.777023
8710.180664	-96.998512
8715.563965	-96.912025
8720.947266	-97.751778
8726.330566	-97.933174
8731.713867	-97.590240
8737.097168	-97.551323
8742.480469	-97.424576
8747.863770	-97.355949
8753.247070	-97.678429
8758.630371	-97.890976
8764.013672	-97.407425
8769.396973	-97.217651
8774.780273	-97.543068
8780.163574	-97.441154
8785.546875	-97.543083
8790.930176	-97.111923
8796.313477	-96.804558
8801.696777	-97.180923
8807.080078	-96.831108
8812.463379	-97.402573
8817.846680	-97.663506
8823.229980	-97.156174
8828.613281	-97.919548
8833.996582	-98.227402
8839.379883	-97.455429
8844.763184	-97.257393
8850.146484	-97.350273
8855.529785	-97.499794
8860.913086	-96.922516
8866.296387	-96.553444
8871.679688	-96.661690
8877.062988	-96.816658
8882.446289	-96.479332
8887.829590	-96.764671
8893.212891	-96.572304
8898.596191	-96.820984
8903.979492	-96.985535
8909.362793	-96.814484
8914.746094	-97.129066
8920.129395	-97.316429
8925.512695	-97.759483
8930.895996	-97.160889
8936.279297	-96.721169
8941.662598	-96.523369
8947.045898	-96.654037
8952.429199	-96.562965
8957.812500	-96.213249
8963.195801	-96.418449
8968.579102	-96.418488
8973.962402	-96.445229
8979.345703	-96.778900
8984.729004	-96.578819
8990.112305	-96.541183
8995.495605	-96.009232
9000.878906	-95.109856
9006.262207	-94.635872
9011.645508	-95.414078
9017.028809	-95.176437
9022.412109	-95.388901
9027.795410	-95.492302
9033.178711	-95.288857
9038.562012	-94.992645
9043.945312	-94.885033
9049.328613	-94.933128
9054.711914	-95.019615
9060.095215	-95.110641
9065.478516	-95.729630
9070.861816	-96.184219
9076.245117	-96.125381
9081.628418	-96.399948
9087.011719	-96.424377
9092.395020	-96.773155
9097.778320	-97.271767
9103.161621	-97.529709
9108.544922	-97.304443
9113.928223	-97.615463
9119.311523	-98.021957
9124.694824	-97.842278
9130.078125	-97.477478
9135.461426	-96.869820
9140.844727	-96.683342
9146.228027	-96.753334
9151.611328	-96.528671
9156.994629	-96.063484
9162.377930	-96.384430
9167.761230	-96.662956
9173.144531	-96.796089
9178.527832	-96.639206
9183.911133	-97.385719
9189.294434	-97.502785
9194.677734	-97.626938
9200.061035	-97.668716
9205.444336	-97.934982
9210.827637	-97.881454
9216.210938	-97.792068
9221.594238	-98.172234
9226.977539	-97.774681
9232.360840	-98.005913
9237.744141	-97.814049
9243.127441	-98.092659
9248.510742	-98.400864
9253.894043	-98.882820
9259.277344	-98.157524
9264.660645	-97.878227
9270.043945	-98.418701
9275.427246	-98.015717
9280.810547	-97.851654
9286.193848	-97.731461
9291.577148	-97.728325
9296.960449	-97.316200
9302.343750	-97.614418
9307.727051	-98.230934
9313.110352	-98.244461
9318.493652	-97.871475
9323.876953	-97.530212
9329.260254	-97.675446
9334.643555	-97.861267
9340.026855	-97.864883
9345.410156	-97.571297
9350.793457	-97.525810
9356.176758	-97.250916
9361.560059	-97.163422
9366.943359	-97.623421
9372.326660	-97.904892
9377.709961	-97.748215
9383.093262	-97.563072
9388.476562	-97.637169
9393.859863	-97.188263
9399.243164	-96.960136
9404.626465	-97.159157
9410.009766	-97.241982
9415.393066	-97.399658
9420.776367	-97.491753
9426.159668	-97.167511
9431.542969	-97.503716
9436.926270	-97.679886
9442.309570	-97.249710
9447.692871	-96.928940
9453.076172	-97.079742
9458.459473	-97.594528
9463.842773	-97.817284
9469.226074	-97.466324
9474.609375	-96.786438
9479.992676	-96.382217
9485.375977	-96.954094
9490.759277	-97.093849
9496.142578	-96.684326
9501.525879	-97.021965
9506.909180	-97.082825
9512.292480	-97.321426
9517.675781	-96.438087
9523.059082	-96.119080
9528.442383	-95.999283
9533.825684	-95.825829
9539.208984	-96.131622
9544.592285	-96.353149
9549.975586	-96.190498
9555.358887	-96.222061
9560.742188	-96.313385
9566.125488	-96.503960
9571.508789	-97.306686
9576.892090	-96.875603
9582.275391	-96.646164
9587.658691	-96.585899
9593.041992	-96.985176
9598.425293	-97.237831
9603.808594	-97.213730
9609.191895	-97.069054
9614.575195	-97.497917
9619.958496	-97.170746
9625.341797	-96.755989
9630.725098	-97.136856
9636.108398	-96.880806
9641.491699	-96.541977
9646.875000	-96.371330
9652.258301	-96.888466
9657.641602	-96.824120
9663.024902	-96.623322
9668.408203	-96.593849
9673.791504	-96.135284
9679.174805	-96.178925
9684.558105	-96.113213
9689.941406	-95.306335
9695.324707	-95.944328
9700.708008	-96.376671
9706.091309	-96.459320
9711.474609	-96.945801
9716.857910	-97.120300
9722.241211	-96.943001
9727.624512	-97.355553
9733.007812	-97.282692
9738.391113	-97.434616
9743.774414	-97.739525
9749.157715	-98.166351
9754.541016	-98.455475
9759.924316	-98.189888
9765.307617	-98.185852
9770.690918	-98.249344
9776.074219	-98.449211
9781.457520	-97.927010
9786.840820	-97.563499
9792.224121	-97.233940
9797.607422	-96.774818
9802.990723	-97.202332
9808.374023	-97.102654
9813.757324	-96.441505
9819.140625	-96.734482
9824.523926	-97.275528
9829.907227	-96.940849
9835.290527	-96.346802
9840.673828	-96.320190
9846.057129	-96.743713
9851.440430	-96.795990
9856.823730	-97.066147
9862.207031	-97.026390
9867.590332	-97.093666
9872.973633	-96.827171
9878.356934	-97.180275
9883.740234	-96.941162
9889.123535	-97.466949
9894.506836	-97.273140
9899.890137	-97.102928
9905.273438	-97.035904
9910.656738	-97.641190
9916.040039	-97.575226
9921.423340	-97.651382
9926.806641	-98.029366
9932.189941	-98.256348
9937.573242	-97.965561
9942.956543	-97.772110
9948.339844	-97.475571
9953.723145	-97.624329
9959.106445	-97.250259
9964.489746	-97.451225
9969.873047	-97.839058
9975.256348	-97.526718
9980.639648	-97.458763
9986.022949	-97.912193
9991.406250	-98.250893
9996.789551	-97.962990
10002.172852	-97.778404
10007.556152	-97.834908
10012.939453	-97.502754
10018.322754	-97.687088
10023.706055	-97.435051
10029.089355	-97.374207
10034.472656	-97.843460
10039.855957	-97.506195
10045.239258	-97.494133
10050.622559	-97.587257
10056.005859	-98.190651
10061.389160	-97.720039
10066.772461	-96.690285
10072.155762	-96.999557
10077.539062	-97.376350
10082.922363	-96.935585
10088.305664	-97.116745
10093.688965	-97.837219
10099.072266	-97.450302
10104.455566	-97.015190
10109.838867	-97.061096
10115.222168	-97.521156
10120.605469	-97.939468
10125.988770	-98.155106
10131.372070	-98.217072
10136.755371	-97.740265
10142.138672	-97.912216
10147.521973	-97.903519
10152.905273	-97.641747
10158.288574	-98.095375
10163.671875	-98.232437
10169.055176	-98.256462
10174.438477	-97.609848
10179.821777	-97.765221
10185.205078	-97.975441
10190.588379	-98.095177
10195.971680	-97.657219
10201.354980	-97.990158
10206.738281	-97.919281
10212.121582	-97.874420
10217.504883	-97.813873
10222.888184	-97.460052
10228.271484	-97.552223
10233.654785	-97.502449
10239.038086	-97.686615
10244.421387	-97.610344
10249.804688	-97.564957
10255.187988	-97.669472
10260.571289	-96.268585
10265.954590	-96.065346
10271.337891	-96.776680
10276.721191	-96.745438
10282.104492	-94.116158
10287.487793	-95.550728
10292.871094	-96.661133
10298.254395	-96.541183
10303.637695	-96.718498
10309.020996	-96.848122
10314.404297	-97.055450
10319.787598	-97.120903
10325.170898	-96.827881
10330.554199	-97.076645
10335.937500	-97.278847
10341.320801	-97.419708
10346.704102	-97.659637
10352.087402	-97.237213
10357.470703	-97.024834
10362.854004	-97.077202
10368.237305	-96.811790
10373.620605	-96.879593
10379.003906	-96.668388
10384.387207	-96.857681
10389.770508	-97.014580
10395.153809	-97.320877
10400.537109	-96.779755
10405.920410	-96.770889
10411.303711	-96.734711
10416.687012	-97.392197
10422.070312	-98.059814
10427.453613	-97.154602
10432.836914	-97.110748
10438.220215	-97.862373
10443.603516	-97.510750
10448.986816	-97.655823
10454.370117	-97.242897
10459.753418	-97.456383
10465.136719	-96.867004
10470.520020	-96.996078
10475.903320	-97.514687
10481.286621	-97.442451
10486.669922	-96.825897
10492.053223	-96.887482
10497.436523	-97.012741
10502.819824	-97.376289
10508.203125	-97.606644
10513.586426	-97.902969
10518.969727	-97.894150
10524.353027	-97.672569
10529.736328	-97.723228
10535.119629	-97.472298
10540.502930	-97.629196
10545.886230	-97.390717
10551.269531	-97.216904
10556.652832	-97.329346
10562.036133	-97.028046
10567.419434	-96.664200
10572.802734	-96.457253
10578.186035	-97.035133
10583.569336	-97.008820
10588.952637	-97.121254
10594.335938	-96.412766
10599.719238	-96.287666
10605.102539	-96.197678
10610.485840	-96.411713
10615.869141	-95.789993
10621.252441	-96.371170
10626.635742	-96.356667
10632.019043	-96.376587
10637.402344	-96.719147
10642.785645	-97.393349
10648.168945	-97.028435
10653.552246	-97.062767
10658.935547	-96.923805
10664.318848	-96.711411
10669.702148	-96.981194
10675.085449	-97.160217
10680.468750	-96.864319
10685.852051	-96.819359
10691.235352	-97.443748
10696.618652	-96.990883
10702.001953	-96.755058
10707.385254	-97.223076
10712.768555	-96.844887
10718.151855	-97.053429
10723.535156	-97.686249
10728.918457	-97.222183
10734.301758	-97.405640
10739.685059	-97.580070
10745.068359	-97.592125
10750.451660	-97.266365
10755.834961	-96.657646
10761.218262	-96.953995
10766.601562	-96.651474
10771.984863	-96.112877
10777.368164	-96.976746
10782.751465	-97.038452
10788.134766	-97.113731
10793.518066	-97.279327
10798.901367	-97.575111
10804.284668	-96.915298
10809.667969	-96.366249
10815.051270	-96.248993
10820.434570	-96.679474
10825.817871	-96.723282
10831.201172	-96.670670
10836.584473	-96.961716
10841.967773	-96.325340
10847.351074	-96.723244
10852.734375	-96.777634
10858.117676	-96.784882
10863.500977	-96.842621
10868.884277	-96.715034
10874.267578	-96.702164
10879.650879	-96.994194
10885.034180	-97.351852
10890.417480	-97.094490
10895.800781	-96.705780
10901.184082	-96.894432
10906.567383	-97.338196
10911.950684	-97.589127
10917.333984	-97.203247
10922.717285	-97.725456
10928.100586	-97.499428
10933.483887	-97.503868
10938.867188	-97.326965
10944.250488	-97.268997
10949.633789	-97.449303
10955.017090	-97.432182
10960.400391	-97.664795
10965.783691	-97.978409
10971.166992	-97.835785
10976.550293	-97.101105
10981.933594	-96.814919
10987.316895	-96.849121
10992.700195	-96.842239
10998.083496	-96.834900
11003.466797	-97.108437
11008.850098	-97.129822
11014.233398	-96.858841
11019.616699	-96.731400
11025.000000	-96.665947
11030.383301	-97.458542
11035.766602	-97.023529
11041.149902	-96.749084
11046.533203	-96.112640
11051.916504	-96.464951
11057.299805	-96.505547
11062.683105	-95.823433
11068.066406	-95.321030
11073.449707	-95.407539
11078.833008	-94.795189
11084.216309	-94.409531
11089.599609	-94.534500
11094.982910	-95.166878
11100.366211	-95.967552
11105.749512	-96.608223
11111.132812	-96.862213
11116.516113	-96.860504
11121.899414	-96.559807
11127.282715	-97.222443
11132.666016	-97.580460
11138.049316	-97.266411
11143.432617	-97.198013
11148.815918	-97.105217
11154.199219	-96.747910
11159.582520	-96.621811
11164.965820	-97.300949
11170.349121	-97.398239
11175.732422	-96.685829
11181.115723	-96.163551
11186.499023	-96.145599
11191.882324	-97.518639
11197.265625	-97.289146
11202.648926	-96.502121
11208.032227	-96.335976
11213.415527	-96.639320
11218.798828	-96.523674
11224.182129	-96.502747
11229.565430	-96.094582
11234.948730	-96.361778
11240.332031	-96.044090
11245.715332	-96.591728
11251.098633	-96.443718
11256.481934	-96.255142
11261.865234	-95.824562
11267.248535	-96.145203
11272.631836	-95.799034
11278.015137	-96.000404
11283.398438	-96.144302
11288.781738	-96.762108
11294.165039	-95.933334
11299.548340	-95.569786
11304.931641	-95.233246
11310.314941	-94.578125
11315.698242	-94.637665
11321.081543	-95.567383
11326.464844	-95.594368
11331.848145	-95.484238
11337.231445	-95.744194
11342.614746	-95.318848
11347.998047	-94.992050
11353.381348	-94.932030
11358.764648	-94.969276
11364.147949	-95.148117
11369.531250	-95.145973
11374.914551	-95.228767
11380.297852	-95.490234
11385.681152	-95.346893
11391.064453	-95.881386
11396.447754	-96.010834
11401.831055	-96.214478
11407.214355	-96.375458
11412.597656	-96.237923
11417.980957	-97.108826
11423.364258	-97.819229
11428.747559	-97.110374
11434.130859	-97.503021
11439.514160	-97.050552
11444.897461	-96.731071
11450.280762	-96.764191
11455.664062	-96.950935
11461.047363	-96.228760
11466.430664	-95.643478
11471.813965	-95.979248
11477.197266	-95.721176
11482.580566	-95.526169
11487.963867	-96.054413
11493.347168	-96.300346
11498.730469	-96.015289
11504.113770	-96.050575
11509.497070	-95.374840
11514.880371	-95.945946
11520.263672	-96.160812
11525.646973	-95.672905
11531.030273	-95.637520
11536.413574	-96.008530
11541.796875	-96.127007
11547.180176	-96.563713
11552.563477	-96.555649
11557.946777	-96.284660
11563.330078	-96.446945
11568.713379	-96.266220
11574.096680	-96.075470
11579.479980	-96.468842
11584.863281	-96.262894
11590.246582	-95.995720
11595.629883	-97.363892
11601.013184	-97.079117
11606.396484	-94.753983
11611.779785	-95.718346
11617.163086	-96.887810
11622.546387	-96.624039
11627.929688	-96.856194
11633.312988	-97.063469
11638.696289	-96.564034
11644.079590	-96.714699
11649.462891	-96.996719
11654.846191	-97.189659
11660.229492	-96.383118
11665.612793	-96.342506
11670.996094	-96.208961
11676.379395	-95.971626
11681.762695	-96.206673
11687.145996	-96.671700
11692.529297	-96.851051
11697.912598	-96.380127
11703.295898	-96.524307
11708.679199	-97.174011
11714.062500	-97.566261
11719.445801	-97.059074
11724.829102	-97.185837
11730.212402	-97.464928
11735.595703	-97.263298
11740.979004	-97.112976
11746.362305	-97.415207
11751.745605	-97.468895
11757.128906	-97.345543
11762.512207	-97.483826
11767.895508	-97.802101
11773.278809	-96.968102
11778.662109	-96.627159
11784.045410	-97.241035
11789.428711	-96.791847
11794.812012	-96.366806
11800.195312	-96.372086
11805.578613	-96.710304
11810.961914	-96.998337
11816.345215	-97.041061
11821.728516	-96.980209
11827.111816	-96.370155
11832.495117	-96.061058
11837.878418	-96.097855
11843.261719	-96.755539
11848.645020	-97.238899
11854.028320	-97.006073
11859.411621	-96.601517
11864.794922	-96.908478
11870.178223	-96.803444
11875.561523	-96.190041
11880.944824	-96.382347
11886.328125	-96.899132
11891.711426	-96.462440
11897.094727	-96.127907
11902.478027	-96.172997
11907.861328	-96.645233
11913.244629	-97.141136
11918.627930	-96.987267
11924.011230	-97.604355
11929.394531	-96.874466
11934.777832	-96.122452
11940.161133	-96.815338
11945.544434	-97.375648
11950.927734	-97.210403
11956.311035	-97.237053
11961.694336	-97.655823
11967.077637	-97.332443
11972.460938	-97.142990
11977.844238	-97.615936
11983.227539	-97.805504
11988.610840	-97.668701
11993.994141	-96.725288
11999.377441	-97.006882
12004.760742	-97.189621
12010.144043	-96.876564
12015.527344	-96.803505
12020.910645	-96.637802
12026.293945	-96.652016
12031.677246	-96.447083
12037.060547	-95.918480
12042.443848	-95.514244
12047.827148	-96.144249
12053.210449	-96.526726
12058.593750	-96.521935
12063.977051	-96.643028
12069.360352	-96.869568
12074.743652	-96.523735
12080.126953	-96.210251
12085.510254	-96.265594
12090.893555	-96.795479
12096.276855	-97.668274
12101.660156	-97.454002
12107.043457	-97.696129
12112.426758	-97.688431
12117.810059	-97.984810
12123.193359	-98.111984
12128.576660	-97.772469
12133.959961	-97.987106
12139.343262	-97.758659
12144.726562	-97.303352
12150.109863	-97.015144
12155.493164	-98.057976
12160.876465	-97.731766
12166.259766	-97.840668
12171.643066	-97.617966
12177.026367	-97.789307
12182.409668	-97.975189
12187.792969	-98.326759
12193.176270	-98.036484
12198.559570	-98.148788
12203.942871	-98.385071
12209.326172	-97.975014
12214.709473	-98.105873
12220.092773	-98.198662
12225.476074	-98.315414
12230.859375	-98.341316
12236.242676	-98.666466
12241.625977	-98.106003
12247.009277	-97.536819
12252.392578	-98.515312
12257.775879	-98.618156
12263.159180	-98.496765
12268.542480	-98.324875
12273.925781	-98.335052
12279.309082	-98.564400
12284.692383	-98.752159
12290.075684	-98.199097
12295.458984	-97.942123
12300.842285	-98.505020
12306.225586	-98.377502
12311.608887	-97.875031
12316.992188	-98.115570
12322.375488	-97.732376
12327.758789	-97.778923
12333.142090	-98.265282
12338.525391	-98.798248
12343.908691	-97.960190
12349.291992	-98.510948
12354.675293	-98.296432
12360.058594	-97.921997
12365.441895	-98.516258
12370.825195	-98.575020
12376.208496	-98.544357
12381.591797	-98.609482
12386.975098	-98.571808
12392.358398	-98.413658
12397.741699	-98.462036
12403.125000	-97.881737
12408.508301	-98.154327
12413.891602	-97.995079
12419.274902	-97.628639
12424.658203	-97.831436
12430.041504	-98.082085
12435.424805	-98.039993
12440.808105	-98.345299
12446.191406	-98.290276
12451.574707	-98.229271
12456.958008	-98.348221
12462.341309	-98.496155
12467.724609	-97.965027
12473.107910	-98.687767
12478.491211	-98.696411
12483.874512	-98.959633
12489.257812	-99.380531
12494.641113	-98.805786
12500.024414	-98.905998
12505.407715	-99.123970
12510.791016	-98.763344
12516.174316	-98.805191
12521.557617	-98.472054
12526.940918	-98.687920
12532.324219	-98.570869
12537.707520	-98.072838
12543.090820	-98.918495
12548.474121	-98.650307
12553.857422	-98.350380
12559.240723	-98.456154
12564.624023	-98.450119
12570.007324	-98.590378
12575.390625	-98.734749
12580.773926	-98.996468
12586.157227	-98.683212
12591.540527	-98.587540
12596.923828	-99.061790
12602.307129	-98.858055
12607.690430	-98.762222
12613.073730	-98.382225
12618.457031	-98.546143
12623.840332	-98.297325
12629.223633	-98.207573
12634.606934	-98.360985
12639.990234	-98.458130
12645.373535	-98.946419
12650.756836	-98.498779
12656.140137	-98.494896
12661.523438	-98.212372
12666.906738	-98.168495
12672.290039	-98.881172
12677.673340	-98.984550
12683.056641	-98.376167
12688.439941	-99.010643
12693.823242	-99.126022
12699.206543	-98.440392
12704.589844	-98.486580
12709.973145	-98.214630
12715.356445	-97.717751
12720.739746	-98.107224
12726.123047	-98.215340
12731.506348	-98.050148
12736.889648	-98.034538
12742.272949	-97.825020
12747.656250	-97.412560
12753.039551	-97.721786
12758.422852	-98.011421
12763.806152	-98.465134
12769.189453	-98.512802
12774.572754	-98.166008
12779.956055	-98.128273
12785.339355	-98.373909
12790.722656	-98.528625
12796.105957	-98.648575
12801.489258	-98.254639
12806.872559	-96.936905
12812.255859	-97.662560
12817.639160	-98.102158
12823.022461	-97.955284
12828.405762	-97.695900
12833.789062	-98.154884
12839.172363	-98.159729
12844.555664	-98.849632
12849.938965	-98.634857
12855.322266	-97.814240
12860.705566	-98.581841
12866.088867	-98.244843
12871.472168	-98.165504
12876.855469	-98.687332
12882.238770	-98.705490
12887.622070	-98.947945
12893.005371	-98.884842
12898.388672	-98.833565
12903.771973	-98.312859
12909.155273	-98.079132
12914.538574	-98.188492
12919.921875	-98.271500
12925.305176	-98.461876
12930.688477	-98.870728
12936.071777	-98.640816
12941.455078	-98.664078
12946.838379	-98.439430
12952.221680	-98.960602
12957.604980	-99.007607
12962.988281	-98.382240
12968.371582	-98.145599
12973.754883	-98.444763
12979.138184	-98.178970
12984.521484	-98.152985
12989.904785	-97.890877
12995.288086	-98.068329
13000.671387	-98.405281
13006.054688	-98.018433
13011.437988	-97.455750
13016.821289	-98.528191
13022.204590	-98.684944
13027.587891	-99.057251
13032.971191	-98.739792
13038.354492	-98.472061
13043.737793	-98.998848
13049.121094	-98.780106
13054.504395	-98.732185
13059.887695	-98.660133
13065.270996	-98.474533
13070.654297	-97.856712
13076.037598	-98.285957
13081.420898	-98.122177
13086.804199	-97.718681
13092.187500	-98.118416
13097.570801	-98.354805
13102.954102	-98.738617
13108.337402	-98.580254
13113.720703	-98.590813
13119.104004	-99.107788
13124.487305	-99.386719
13129.870605	-98.373901
13135.253906	-98.661713
13140.637207	-98.909721
13146.020508	-98.625603
13151.403809	-98.636955
13156.787109	-98.704727
13162.170410	-98.834824
13167.553711	-98.987640
13172.937012	-99.273468
13178.320312	-98.828804
13183.703613	-98.562958
13189.086914	-98.757233
13194.470215	-98.701736
13199.853516	-98.517891
13205.236816	-98.241539
13210.620117	-98.258400
13216.003418	-98.316666
13221.386719	-98.450424
13226.770020	-98.621078
13232.153320	-98.939003
13237.536621	-99.128113
13242.919922	-98.613762
13248.303223	-98.412918
13253.686523	-98.324608
13259.069824	-98.631302
13264.453125	-98.308777
13269.836426	-98.473335
13275.219727	-98.418129
13280.603027	-98.576508
13285.986328	-98.386200
13291.369629	-98.563606
13296.752930	-98.367630
13302.136230	-98.281998
13307.519531	-98.372421
13312.902832	-98.686394
13318.286133	-98.537231
13323.669434	-98.263664
13329.052734	-98.020218
13334.436035	-98.334267
13339.819336	-98.020096
13345.202637	-97.422409
13350.585938	-97.471695
13355.969238	-98.185951
13361.352539	-98.128166
13366.735840	-98.032356
13372.119141	-97.743065
13377.502441	-98.457863
13382.885742	-98.172997
13388.269043	-98.301323
13393.652344	-98.469368
13399.035645	-98.310883
13404.418945	-98.384148
13409.802246	-98.201431
13415.185547	-98.358459
13420.568848	-98.439621
13425.952148	-98.805588
13431.335449	-98.813507
13436.718750	-98.632523
13442.102051	-98.872032
13447.485352	-98.789978
13452.868652	-98.610161
13458.251953	-98.675819
13463.635254	-98.957428
13469.018555	-98.642281
13474.401855	-98.550568
13479.785156	-99.078438
13485.168457	-98.897697
13490.551758	-98.757095
13495.935059	-98.665894
13501.318359	-99.300529
13506.701660	-99.504761
13512.084961	-98.883087
13517.468262	-98.116798
13522.851562	-98.659164
13528.234863	-99.156387
13533.618164	-99.298164
13539.001465	-99.210594
13544.384766	-99.191292
13549.768066	-99.170006
13555.151367	-98.328117
13560.534668	-98.757111
13565.917969	-99.292679
13571.301270	-98.925369
13576.684570	-98.772255
13582.067871	-99.157356
13587.451172	-98.903236
13592.834473	-98.638222
13598.217773	-98.720879
13603.601074	-99.023407
13608.984375	-99.324905
13614.367676	-98.784683
13619.750977	-97.374664
13625.134277	-98.006592
13630.517578	-98.615593
13635.900879	-98.319794
13641.284180	-98.238579
13646.667480	-98.449562
13652.050781	-98.293365
13657.434082	-98.419281
13662.817383	-98.361916
13668.200684	-98.126068
13673.583984	-97.711288
13678.967285	-97.624519
13684.350586	-97.421257
13689.733887	-96.673332
13695.117188	-97.046555
13700.500488	-97.407700
13705.883789	-97.155884
13711.267090	-97.281204
13716.650391	-96.482132
13722.033691	-96.598915
13727.416992	-96.753990
13732.800293	-96.897392
13738.183594	-97.646561
13743.566895	-98.748268
13748.950195	-98.468147
13754.333496	-97.917725
13759.716797	-98.438919
13765.100098	-98.437576
13770.483398	-98.888222
13775.866699	-98.172508
13781.250000	-98.342850
13786.633301	-98.372597
13792.016602	-97.773621
13797.399902	-98.028557
13802.783203	-98.665817
13808.166504	-98.704369
13813.549805	-98.205101
13818.933105	-98.294472
13824.316406	-98.155151
13829.699707	-97.993507
13835.083008	-97.902878
13840.466309	-97.804756
13845.849609	-97.403343
13851.232910	-97.288895
13856.616211	-97.216705
13861.999512	-97.138222
13867.382812	-97.401527
13872.766113	-97.665802
13878.149414	-96.677811
13883.532715	-96.521317
13888.916016	-96.846115
13894.299316	-96.768211
13899.682617	-97.200195
13905.065918	-96.761177
13910.449219	-96.769394
13915.832520	-96.704475
13921.215820	-97.297432
13926.599121	-97.674622
13931.982422	-97.666435
13937.365723	-97.865158
13942.749023	-98.441666
13948.132324	-98.529823
13953.515625	-98.120491
13958.898926	-98.339478
13964.282227	-98.891251
13969.665527	-98.372002
13975.048828	-98.749756
13980.432129	-98.368095
13985.815430	-98.420944
13991.198730	-98.525505
13996.582031	-98.282974
14001.965332	-98.031334
14007.348633	-98.395378
14012.731934	-98.545128
14018.115234	-98.461121
14023.498535	-97.647743
14028.881836	-96.979790
14034.265137	-98.568504
14039.648438	-98.670357
14045.031738	-98.570953
14050.415039	-98.734009
14055.798340	-99.132072
14061.181641	-99.036713
14066.564941	-98.991394
14071.948242	-99.120163
14077.331543	-99.034714
14082.714844	-98.345726
14088.098145	-98.535873
14093.481445	-97.718651
14098.864746	-98.221443
14104.248047	-98.901886
14109.631348	-97.657021
14115.014648	-98.340706
14120.397949	-98.163597
14125.781250	-97.635880
14131.164551	-97.872047
14136.547852	-97.644844
14141.931152	-97.438332
14147.314453	-97.661880
14152.697754	-97.899704
14158.081055	-98.328827
14163.464355	-98.008797
14168.847656	-97.994835
14174.230957	-98.088387
14179.614258	-98.135796
14184.997559	-98.340286
14190.380859	-98.526405
14195.764160	-98.087700
14201.147461	-97.937065
14206.530762	-97.809799
14211.914062	-98.130829
14217.297363	-98.659882
14222.680664	-98.461128
14228.063965	-97.920876
14233.447266	-97.977272
14238.830566	-98.315422
14244.213867	-98.406143
14249.597168	-98.265732
14254.980469	-97.677612
14260.363770	-98.122185
14265.747070	-98.072739
14271.130371	-98.174797
14276.513672	-98.476143
14281.896973	-98.155838
14287.280273	-97.830681
14292.663574	-97.660477
14298.046875	-97.698441
14303.430176	-98.327370
14308.813477	-98.277260
14314.196777	-98.200439
14319.580078	-97.936623
14324.963379	-97.907509
14330.346680	-98.007919
14335.729980	-97.947128
14341.113281	-98.842972
14346.496582	-98.073021
14351.879883	-98.345215
14357.263184	-98.804321
14362.646484	-98.163147
14368.029785	-97.671951
14373.413086	-98.339027
14378.796387	-98.775291
14384.179688	-98.612778
14389.562988	-98.542999
14394.946289	-98.251099
14400.329590	-98.076164
14405.712891	-98.706436
14411.096191	-98.974594
14416.479492	-98.550400
14421.862793	-98.642632
14427.246094	-98.479721
14432.629395	-98.376038
14438.012695	-98.524437
14443.395996	-98.322060
14448.779297	-99.160522
14454.162598	-99.074471
14459.545898	-98.615089
14464.929199	-98.040634
14470.312500	-97.676056
14475.695801	-97.718071
14481.079102	-97.528397
14486.462402	-97.635384
14491.845703	-97.464890
14497.229004	-97.646652
14502.612305	-98.058098
14507.995605	-96.159531
14513.378906	-97.126755
14518.762207	-97.846748
14524.145508	-98.310646
14529.528809	-98.264328
14534.912109	-97.988144
14540.295410	-97.551041
14545.678711	-97.602875
14551.062012	-97.996475
14556.445312	-97.730141
14561.828613	-97.803329
14567.211914	-97.917587
14572.595215	-97.517792
14577.978516	-97.429489
14583.361816	-97.663597
14588.745117	-97.666481
14594.128418	-97.604240
14599.511719	-97.143463
14604.895020	-97.380142
14610.278320	-97.559395
14615.661621	-97.359283
14621.044922	-96.961975
14626.428223	-96.821297
14631.811523	-97.353363
14637.194824	-97.294479
14642.578125	-97.095268
14647.961426	-96.732391
14653.344727	-96.815483
14658.728027	-96.987488
14664.111328	-97.148766
14669.494629	-97.523209
14674.877930	-97.692940
14680.261230	-97.964554
14685.644531	-97.947250
14691.027832	-98.036240
14696.411133	-97.542007
14701.794434	-97.870560
14707.177734	-98.221985
14712.561035	-97.579414
14717.944336	-97.426605
14723.327637	-97.629944
14728.710938	-97.756104
14734.094238	-98.155266
14739.477539	-97.812393
14744.860840	-97.919579
14750.244141	-97.377693
14755.627441	-97.411911
14761.010742	-97.764221
14766.394043	-97.788506
14771.777344	-97.900856
14777.160645	-98.384720
14782.543945	-98.617714
14787.927246	-98.460129
14793.310547	-98.153038
14798.693848	-98.061577
14804.077148	-98.222763
14809.460449	-98.363403
14814.843750	-98.497421
14820.227051	-98.198341
14825.610352	-97.955650
14830.993652	-97.812698
14836.376953	-97.613419
14841.760254	-97.943489
14847.143555	-97.991760
14852.526855	-97.164421
14857.910156	-97.877930
14863.293457	-97.673225
14868.676758	-97.588364
14874.060059	-97.933105
14879.443359	-97.676239
14884.826660	-97.023079
14890.209961	-97.684814
14895.593262	-98.596230
14900.976562	-97.891739
14906.359863	-97.905182
14911.743164	-97.534142
14917.126465	-98.009293
14922.509766	-98.023155
14927.893066	-98.516068
14933.276367	-98.433182
14938.659668	-98.233276
14944.042969	-98.058754
14949.426270	-97.814514
14954.809570	-98.075439
14960.192871	-98.307426
14965.576172	-97.686707
14970.959473	-97.342651
14976.342773	-97.181885
14981.726074	-97.617386
14987.109375	-97.364723
14992.492676	-97.410820
14997.875977	-97.441566
15003.259277	-97.468719
15008.642578	-97.855301
15014.025879	-97.651016
15019.409180	-97.271652
15024.792480	-97.915138
15030.175781	-98.051437
15035.559082	-98.238869
15040.942383	-97.908531
15046.325684	-97.893959
15051.708984	-98.206467
15057.092285	-98.387703
15062.475586	-99.269684
15067.858887	-99.431236
15073.242188	-98.911873
15078.625488	-98.631111
15084.008789	-98.800735
15089.392090	-98.820549
15094.775391	-99.130913
15100.158691	-98.945427
15105.541992	-98.977669
15110.925293	-98.478355
15116.308594	-98.560890
15121.691895	-99.147034
15127.075195	-98.884750
15132.458496	-98.391983
15137.841797	-98.739449
15143.225098	-98.517044
15148.608398	-98.278854
15153.991699	-98.742714
15159.375000	-99.151543
15164.758301	-98.806572
15170.141602	-98.869743
15175.524902	-98.986580
15180.908203	-98.748901
15186.291504	-98.677452
15191.674805	-98.190941
15197.058105	-98.378731
15202.441406	-98.562500
15207.824707	-98.749794
15213.208008	-98.798790
15218.591309	-98.704636
15223.974609	-98.780945
15229.357910	-98.236366
15234.741211	-98.320358
15240.124512	-98.686279
15245.507812	-99.064560
15250.891113	-98.426514
15256.274414	-97.710159
15261.657715	-97.918167
15267.041016	-98.097183
15272.424316	-98.086342
15277.807617	-98.403175
15283.190918	-98.073433
15288.574219	-98.563805
15293.957520	-98.431763
15299.340820	-98.517845
15304.724121	-99.033119
15310.107422	-99.160278
15315.490723	-98.536224
15320.874023	-98.491692
15326.257324	-98.513649
15331.640625	-98.894638
15337.023926	-98.816490
15342.407227	-98.752808
15347.790527	-98.881630
15353.173828	-98.919006
15358.557129	-98.794289
15363.940430	-98.768532
15369.323730	-98.947830
15374.707031	-98.941666
15380.090332	-98.665688
15385.473633	-98.694580
15390.856934	-98.879562
15396.240234	-98.871582
15401.623535	-98.657646
15407.006836	-98.186989
15412.390137	-99.154671
15417.773438	-98.597427
15423.156738	-99.011215
15428.540039	-99.288139
15433.923340	-98.642807
15439.306641	-98.973183
15444.689941	-98.918785
15450.073242	-98.421463
15455.456543	-98.898193
15460.839844	-99.072334
15466.223145	-98.733215
15471.606445	-98.561211
15476.989746	-98.333473
15482.373047	-98.442284
15487.756348	-98.142403
15493.139648	-98.300430
15498.522949	-98.368149
15503.906250	-98.256065
15509.289551	-98.269119
15514.672852	-98.492805
15520.056152	-98.307007
15525.439453	-98.812714
15530.822754	-98.899109
15536.206055	-98.875542
15541.589355	-98.472031
15546.972656	-98.756668
15552.355957	-98.942017
15557.739258	-98.433052
15563.122559	-99.063354
15568.505859	-99.099327
15573.889160	-98.865601
15579.272461	-98.951111
15584.655762	-98.701866
15590.039062	-98.544716
15595.422363	-98.514938
15600.805664	-98.380402
15606.188965	-98.182388
15611.572266	-98.346764
15616.955566	-98.431496
15622.338867	-97.835251
15627.722168	-98.097336
15633.105469	-97.974022
15638.488770	-97.946426
15643.872070	-98.089027
15649.255371	-98.436943
15654.638672	-98.221092
15660.021973	-98.311035
15665.405273	-98.413841
15670.788574	-98.073441
15676.171875	-98.125221
15681.555176	-98.203209
15686.938477	-97.245193
15692.321777	-97.448540
15697.705078	-97.420319
15703.088379	-96.953827
15708.471680	-97.288002
15713.854980	-97.248016
15719.238281	-97.780540
15724.621582	-98.203186
15730.004883	-97.718300
15735.388184	-97.875145
15740.771484	-98.142311
15746.154785	-98.276314
15751.538086	-98.245575
15756.921387	-98.759132
15762.304688	-99.039871
15767.687988	-98.504570
15773.071289	-98.958511
15778.454590	-98.808205
15783.837891	-98.764175
15789.221191	-99.018593
15794.604492	-99.199234
15799.987793	-98.437248
15805.371094	-98.475533
15810.754395	-98.594849
15816.137695	-98.521278
15821.520996	-97.719429
15826.904297	-97.481880
15832.287598	-97.326286
15837.670898	-97.502861
15843.054199	-97.361664
15848.437500	-97.826988
15853.820801	-98.079826
15859.204102	-97.744133
15864.587402	-97.852104
15869.970703	-98.028023
15875.354004	-98.458237
15880.737305	-98.237488
15886.120605	-98.116943
15891.503906	-97.933006
15896.887207	-98.157845
15902.270508	-98.142891
15907.653809	-98.256355
15913.037109	-98.327133
15918.420410	-97.895309
15923.803711	-98.084038
15929.187012	-97.545296
15934.570312	-97.329163
15939.953613	-96.872360
15945.336914	-96.878616
15950.720215	-97.213249
15956.103516	-97.997559
15961.486816	-97.769867
15966.870117	-97.618675
15972.253418	-97.895065
15977.636719	-97.519867
15983.020020	-97.803307
15988.403320	-97.818100
15993.786621	-97.801506
15999.169922	-97.906921
16004.553223	-97.557335
16009.936523	-97.503105
16015.319824	-97.973648
16020.703125	-98.370323
16026.086426	-97.709282
16031.469727	-97.702942
16036.853027	-98.109375
16042.236328	-98.390984
16047.619629	-98.152603
16053.002930	-97.740585
16058.386230	-97.718521
16063.769531	-97.831802
16069.152832	-98.044716
16074.536133	-98.434135
16079.919434	-98.133598
16085.302734	-97.263870
16090.686035	-97.572075
16096.069336	-97.701668
16101.452637	-97.957581
16106.835938	-98.161591
16112.219238	-98.641571
16117.602539	-98.237175
16122.985840	-98.089684
16128.369141	-98.515236
16133.752441	-98.247627
16139.135742	-98.506470
16144.519043	-98.447952
16149.902344	-98.413040
16155.285645	-98.657478
16160.668945	-99.320717
16166.052246	-98.777596
16171.435547	-98.367035
16176.818848	-98.829140
16182.202148	-99.123833
16187.585449	-99.024139
16192.968750	-98.765961
16198.352051	-98.965996
16203.735352	-99.237808
16209.118652	-98.756119
16214.501953	-98.695084
16219.885254	-98.597443
16225.268555	-98.306580
16230.651855	-98.703369
16236.035156	-98.558548
16241.418457	-98.517578
16246.801758	-98.197693
16252.185059	-98.654541
16257.568359	-98.964973
16262.951660	-99.033142
16268.334961	-98.369705
16273.718262	-98.262917
16279.101562	-98.811920
16284.484863	-98.589828
16289.868164	-97.707733
16295.251465	-97.712723
16300.634766	-98.314583
16306.018066	-97.970627
16311.401367	-97.751472
16316.784668	-97.999184
16322.167969	-98.414062
16327.551270	-97.961212
16332.934570	-97.935944
16338.317871	-98.334160
16343.701172	-98.490997
16349.084473	-98.947449
16354.467773	-98.797752
16359.851074	-98.991425
16365.234375	-98.616997
16370.617676	-98.778687
16376.000977	-98.862991
16381.384277	-98.486649
16386.767578	-98.755173
16392.150879	-99.039803
16397.534180	-98.798355
16402.917480	-98.837738
16408.300781	-98.808342
16413.684082	-98.209679
16419.067383	-98.040314
16424.450684	-98.342079
16429.833984	-97.636078
16435.217285	-97.127304
16440.600586	-97.284279
16445.983887	-97.127281
16451.367188	-97.151115
16456.750488	-97.333992
16462.133789	-97.109436
16467.517090	-97.587791
16472.900391	-97.717445
16478.283691	-97.891823
16483.666992	-97.865585
16489.050293	-98.264565
16494.433594	-98.179169
16499.816895	-98.372070
16505.200195	-98.616051
16510.583496	-98.903893
16515.966797	-99.076187
16521.350098	-98.750259
16526.733398	-98.982155
16532.116699	-98.887886
16537.500000	-98.968109
16542.883301	-99.075012
16548.266602	-98.716217
16553.649902	-98.440369
16559.033203	-98.208824
16564.416504	-98.154602
16569.799805	-98.167007
16575.183105	-98.306824
16580.566406	-98.441666
16585.949707	-98.167603
16591.333008	-98.364906
16596.716309	-98.649406
16602.099609	-98.669533
16607.482910	-98.733459
16612.866211	-98.808945
16618.249512	-99.324753
16623.632812	-99.274513
16629.016113	-98.707962
16634.399414	-98.355965
16639.782715	-98.787437
16645.166016	-98.853905
16650.549316	-98.811256
16655.932617	-98.825478
16661.315918	-98.812027
16666.699219	-99.294746
16672.082520	-98.481964
16677.465820	-98.408913
16682.849121	-98.955429
16688.232422	-98.701500
16693.615723	-98.590225
16698.999023	-98.362053
16704.382324	-98.205254
16709.765625	-98.136688
16715.148926	-98.341980
16720.532227	-98.542923
16725.915527	-98.478165
16731.298828	-98.902847
16736.682129	-99.076988
16742.065430	-98.963402
16747.448730	-98.556145
16752.832031	-98.358742
16758.215332	-98.609253
16763.598633	-99.029022
16768.981934	-98.765877
16774.365234	-98.850822
16779.748535	-98.817818
16785.131836	-98.410271
16790.515137	-97.998016
16795.898438	-98.676582
16801.281738	-98.888603
16806.665039	-98.675613
16812.048340	-98.305176
16817.431641	-98.411720
16822.814941	-98.667595
16828.198242	-98.692238
16833.581543	-98.832199
16838.964844	-98.626808
16844.348145	-98.807739
16849.731445	-99.162163
16855.114746	-99.067696
16860.498047	-98.745773
16865.881348	-99.230545
16871.264648	-99.278343
16876.647949	-99.476501
16882.031250	-99.284203
16887.414551	-99.029572
16892.797852	-98.783211
16898.181152	-99.054962
16903.564453	-98.622246
16908.947754	-98.933311
16914.331055	-98.982117
16919.714355	-98.837334
16925.097656	-98.528671
16930.480957	-98.550705
16935.864258	-98.662651
16941.247559	-98.727417
16946.630859	-98.821548
16952.014160	-99.330681
16957.397461	-99.145203
16962.780762	-99.201355
16968.164062	-98.895523
16973.547363	-98.768394
16978.930664	-98.890625
16984.313965	-99.627037
16989.697266	-99.465988
16995.080566	-99.735435
17000.463867	-99.715836
17005.847168	-99.775330
17011.230469	-99.112038
17016.613770	-98.837158
17021.997070	-99.511536
17027.380371	-99.111748
17032.763672	-99.304535
17038.146973	-99.135269
17043.530273	-98.979729
17048.913574	-99.173622
17054.296875	-99.389801
17059.680176	-99.548302
17065.063477	-99.468910
17070.446777	-99.247505
17075.830078	-99.567078
17081.213379	-99.466393
17086.596680	-98.834290
17091.979980	-98.864822
17097.363281	-99.194412
17102.746582	-99.233452
17108.129883	-98.642426
17113.513184	-98.769928
17118.896484	-98.844315
17124.279785	-98.859123
17129.663086	-98.821655
17135.046387	-98.778252
17140.429688	-98.275574
17145.812988	-98.320663
17151.196289	-98.668358
17156.579590	-98.579803
17161.962891	-98.585548
17167.346191	-98.653000
17172.729492	-98.537224
17178.112793	-98.079788
17183.496094	-98.830170
17188.879395	-99.243523
17194.262695	-98.797142
17199.645996	-98.688713
17205.029297	-98.677338
17210.412598	-99.238815
17215.795898	-98.878441
17221.179199	-98.799660
17226.562500	-99.119255
17231.945801	-99.030815
17237.329102	-98.363960
17242.712402	-98.799980
17248.095703	-99.230301
17253.479004	-99.330025
17258.862305	-99.591705
17264.245605	-99.422592
17269.628906	-98.909668
17275.012207	-99.166946
17280.395508	-99.442978
17285.778809	-99.235168
17291.162109	-99.220482
17296.545410	-99.917137
17301.928711	-99.847198
17307.312012	-99.524780
17312.695312	-99.104111
17318.078613	-99.029472
17323.461914	-99.260742
17328.845215	-99.342087
17334.228516	-99.247559
17339.611816	-99.314018
17344.995117	-98.998718
17350.378418	-99.090858
17355.761719	-99.432411
17361.145020	-99.545822
17366.528320	-99.025185
17371.911621	-98.831528
17377.294922	-99.206406
17382.678223	-99.018150
17388.061523	-99.124435
17393.444824	-99.138062
17398.828125	-99.293388
17404.211426	-99.251953
17409.594727	-98.660385
17414.978027	-99.361519
17420.361328	-98.860374
17425.744629	-98.944824
17431.127930	-99.551819
17436.511230	-99.277756
17441.894531	-99.213326
17447.277832	-98.979965
17452.661133	-99.158783
17458.044434	-99.109482
17463.427734	-98.999046
17468.811035	-99.317902
17474.194336	-99.173714
17479.577637	-99.059959
17484.960938	-99.053558
17490.344238	-99.074448
17495.727539	-98.676071
17501.110840	-99.266258
17506.494141	-99.479301
17511.877441	-99.927910
17517.260742	-99.076820
17522.644043	-98.958954
17528.027344	-99.343925
17533.410645	-99.868912
17538.793945	-99.640495
17544.177246	-99.881744
17549.560547	-99.613930
17554.943848	-98.968636
17560.327148	-99.072723
17565.710449	-99.154846
17571.093750	-98.959518
17576.477051	-99.078636
17581.860352	-99.246391
17587.243652	-99.618851
17592.626953	-99.436798
17598.010254	-99.252678
17603.393555	-99.569199
17608.776855	-98.931648
17614.160156	-98.983887
17619.543457	-99.387199
17624.926758	-98.844147
17630.310059	-99.249733
17635.693359	-99.280685
17641.076660	-98.863884
17646.459961	-99.059669
17651.843262	-99.624695
17657.226562	-99.459709
17662.609863	-99.357933
17667.993164	-99.571510
17673.376465	-99.822029
17678.759766	-99.715652
17684.143066	-99.018753
17689.526367	-99.285599
17694.909668	-99.407990
17700.292969	-99.199112
17705.676270	-99.592888
17711.059570	-99.695572
17716.442871	-99.410126
17721.826172	-99.254990
17727.209473	-98.653633
17732.592773	-99.160400
17737.976074	-99.244659
17743.359375	-99.257355
17748.742676	-99.262001
17754.125977	-99.130280
17759.509277	-98.754135
17764.892578	-99.432159
17770.275879	-99.337692
17775.659180	-99.149338
17781.042480	-98.998367
17786.425781	-99.371918
17791.809082	-99.644394
17797.192383	-99.491859
17802.575684	-98.902176
17807.958984	-99.090195
17813.342285	-99.106400
17818.725586	-99.262222
17824.108887	-98.977142
17829.492188	-99.010262
17834.875488	-99.372444
17840.258789	-99.705139
17845.642090	-99.390526
17851.025391	-99.013725
17856.408691	-99.089035
17861.791992	-99.199776
17867.175293	-99.462021
17872.558594	-99.027260
17877.941895	-99.209747
17883.325195	-99.175919
17888.708496	-99.265869
17894.091797	-99.494698
17899.475098	-99.230667
17904.858398	-99.067406
17910.241699	-99.299248
17915.625000	-99.262741
17921.008301	-99.434662
17926.391602	-99.315048
17931.774902	-99.185631
17937.158203	-99.108704
17942.541504	-98.885986
17947.924805	-98.632065
17953.308105	-98.998489
17958.691406	-99.268913
17964.074707	-98.872459
17969.458008	-99.002373
17974.841309	-99.629150
17980.224609	-99.543282
17985.607910	-98.868019
17990.991211	-98.970795
17996.374512	-99.026848
18001.757812	-98.489037
18007.141113	-98.326950
18012.524414	-98.737785
18017.907715	-98.440926
18023.291016	-98.447403
18028.674316	-98.902763
18034.057617	-98.451172
18039.440918	-98.410484
18044.824219	-98.961212
18050.207520	-98.634140
18055.590820	-98.551018
18060.974121	-98.911179
18066.357422	-98.993820
18071.740723	-98.774353
18077.124023	-98.418503
18082.507324	-98.303268
18087.890625	-98.519531
18093.273926	-98.711761
18098.657227	-98.938820
18104.040527	-98.628632
18109.423828	-98.767273
18114.807129	-98.301613
18120.190430	-98.527466
18125.573730	-98.806671
18130.957031	-98.766418
18136.340332	-98.877235
18141.723633	-98.441833
18147.106934	-98.710144
18152.490234	-98.919868
18157.873535	-99.133453
18163.256836	-98.804482
18168.640137	-98.427223
18174.023438	-98.390068
18179.406738	-98.555496
18184.790039	-98.309319
18190.173340	-98.225418
18195.556641	-98.681274
18200.939941	-98.508636
18206.323242	-98.662605
18211.706543	-98.433029
18217.089844	-98.756584
18222.473145	-98.223709
18227.856445	-97.920860
18233.239746	-97.927071
18238.623047	-97.999809
18244.006348	-97.850014
18249.389648	-97.726082
18254.772949	-97.420784
18260.156250	-98.053421
18265.539551	-98.033295
18270.922852	-98.090805
18276.306152	-98.056061
18281.689453	-98.408508
18287.072754	-98.029778
18292.456055	-98.173645
18297.839355	-98.461540
18303.222656	-98.160156
18308.605957	-98.396095
18313.989258	-98.364983
18319.372559	-98.524300
18324.755859	-98.723656
18330.139160	-98.520607
18335.522461	-98.161652
18340.905762	-97.435921
18346.289062	-97.832825
18351.672363	-98.427757
18357.055664	-98.760506
18362.438965	-97.828468
18367.822266	-98.057930
18373.205566	-98.054688
18378.588867	-97.729195
18383.972168	-98.011520
18389.355469	-98.344284
18394.738770	-97.809082
18400.122070	-97.484703
18405.505371	-97.722710
18410.888672	-97.904594
18416.271973	-98.003700
18421.655273	-97.933044
18427.038574	-98.129402
18432.421875	-98.225739
18437.805176	-97.953827
18443.188477	-97.764282
18448.571777	-98.127449
18453.955078	-98.513939
18459.338379	-97.651192
18464.721680	-98.130188
18470.104980	-98.184242
18475.488281	-98.230957
18480.871582	-97.939735
18486.254883	-97.446907
18491.638184	-97.174232
18497.021484	-97.903267
18502.404785	-97.905586
18507.788086	-97.352051
18513.171387	-97.530716
18518.554688	-97.479675
18523.937988	-97.895943
18529.321289	-98.052040
18534.704590	-98.160347
18540.087891	-98.098267
18545.471191	-97.790581
18550.854492	-98.030457
18556.237793	-98.685211
18561.621094	-98.488640
18567.004395	-98.404442
18572.387695	-98.159813
18577.770996	-98.125854
18583.154297	-98.244026
18588.537598	-97.957687
18593.920898	-98.422363
18599.304199	-98.599678
18604.687500	-98.511993
18610.070801	-98.610786
18615.454102	-98.128166
18620.837402	-98.485298
18626.220703	-98.755989
18631.604004	-98.444366
18636.987305	-98.379349
18642.370605	-98.361229
18647.753906	-98.401505
18653.137207	-98.525162
18658.520508	-98.593658
18663.903809	-98.453430
18669.287109	-97.976357
18674.670410	-97.884361
18680.053711	-97.891678
18685.437012	-97.768402
18690.820312	-98.408600
18696.203613	-98.625275
18701.586914	-98.284302
18706.970215	-97.799248
18712.353516	-98.428146
18717.736816	-99.123604
18723.120117	-97.931892
18728.503418	-97.501671
18733.886719	-98.286522
18739.270020	-98.316673
18744.653320	-98.484726
18750.036621	-97.818001
18755.419922	-97.735374
18760.803223	-97.550003
18766.186523	-98.361839
18771.569824	-98.822701
18776.953125	-98.457405
18782.336426	-97.906319
18787.719727	-97.806351
18793.103027	-98.152229
18798.486328	-97.931183
18803.869629	-97.590767
18809.252930	-98.214890
18814.636230	-98.217888
18820.019531	-98.338799
18825.402832	-98.180496
18830.786133	-97.875282
18836.169434	-97.998642
18841.552734	-98.349213
18846.936035	-98.061699
18852.319336	-97.901451
18857.702637	-97.972046
18863.085938	-97.803833
18868.469238	-98.176125
18873.852539	-98.641907
18879.235840	-97.922615
18884.619141	-98.031418
18890.002441	-98.079582
18895.385742	-97.850822
18900.769043	-98.462395
18906.152344	-98.401993
18911.535645	-98.358841
18916.918945	-98.303581
18922.302246	-98.023415
18927.685547	-98.242142
18933.068848	-98.160988
18938.452148	-98.293770
18943.835449	-98.475769
18949.218750	-98.208656
18954.602051	-98.127060
18959.985352	-98.353073
18965.368652	-97.775848
18970.751953	-97.882706
18976.135254	-98.185165
18981.518555	-98.165627
18986.901855	-97.948364
18992.285156	-97.601051
18997.668457	-97.773849
19003.051758	-98.415771
19008.435059	-98.748543
19013.818359	-98.162552
19019.201660	-98.154556
19024.584961	-98.457581
19029.968262	-98.231812
19035.351562	-98.288597
19040.734863	-98.359665
19046.118164	-98.851433
19051.501465	-98.825302
19056.884766	-98.495956
19062.268066	-98.686905
19067.651367	-99.022430
19073.034668	-98.877739
19078.417969	-98.907448
19083.801270	-98.359421
19089.184570	-98.882805
19094.567871	-98.619453
19099.951172	-98.859161
19105.334473	-98.958481
19110.717773	-98.122025
19116.101074	-98.131088
19121.484375	-98.616058
19126.867676	-98.161446
19132.250977	-98.057915
19137.634277	-97.883827
19143.017578	-98.460670
19148.400879	-98.931038
19153.784180	-98.611732
19159.167480	-98.406059
19164.550781	-98.590981
19169.934082	-98.065689
19175.317383	-97.752274
19180.700684	-98.248146
19186.083984	-98.437355
19191.467285	-98.225082
19196.850586	-98.168022
19202.233887	-98.201416
19207.617188	-98.569534
19213.000488	-98.029175
19218.383789	-98.305458
19223.767090	-98.733360
19229.150391	-98.707466
19234.533691	-98.028725
19239.916992	-97.559441
19245.300293	-98.613480
19250.683594	-98.805565
19256.066895	-99.129410
19261.450195	-98.938576
19266.833496	-98.611557
19272.216797	-98.580246
19277.600098	-98.491112
19282.983398	-98.923134
19288.366699	-98.707169
19293.750000	-98.581863
19299.133301	-98.743713
19304.516602	-98.513680
19309.899902	-98.598679
19315.283203	-98.229492
19320.666504	-98.422417
19326.049805	-98.776176
19331.433105	-98.564423
19336.816406	-97.956734
19342.199707	-98.370880
19347.583008	-99.013138
19352.966309	-98.953499
19358.349609	-98.148643
19363.732910	-98.289597
19369.116211	-98.326546
19374.499512	-98.172211
19379.882812	-98.562965
19385.266113	-99.083420
19390.649414	-98.847679
19396.032715	-98.516563
19401.416016	-98.120903
19406.799316	-98.238228
19412.182617	-98.384331
19417.565918	-98.916969
19422.949219	-99.039749
19428.332520	-98.608788
19433.715820	-98.029747
19439.099121	-98.094337
19444.482422	-98.562729
19449.865723	-98.484428
19455.249023	-98.396759
19460.632324	-98.704849
19466.015625	-98.649780
19471.398926	-98.384270
19476.782227	-98.597084
19482.165527	-98.482353
19487.548828	-99.146004
19492.932129	-98.538330
19498.315430	-98.332489
19503.698730	-98.876991
19509.082031	-99.269264
19514.465332	-98.910057
19519.848633	-99.063232
19525.231934	-98.773521
19530.615234	-98.757980
19535.998535	-98.621193
19541.381836	-98.621964
19546.765137	-98.140305
19552.148438	-98.034668
19557.531738	-98.629959
19562.915039	-98.938347
19568.298340	-99.124229
19573.681641	-99.392929
19579.064941	-98.819214
19584.448242	-98.336105
19589.831543	-98.791054
19595.214844	-98.778984
19600.598145	-98.666908
19605.981445	-98.817207
19611.364746	-98.729546
19616.748047	-98.669838
19622.131348	-98.647110
19627.514648	-98.671722
19632.897949	-98.442436
19638.281250	-98.643715
19643.664551	-98.376907
19649.047852	-98.728584
19654.431152	-99.120216
19659.814453	-98.633072
19665.197754	-98.688309
19670.581055	-98.972923
19675.964355	-98.957893
19681.347656	-98.716736
19686.730957	-98.726044
19692.114258	-98.708969
19697.497559	-98.592888
19702.880859	-99.077408
19708.264160	-98.292320
19713.647461	-98.621429
19719.030762	-98.611252
19724.414062	-98.722374
19729.797363	-98.837135
19735.180664	-98.885155
19740.563965	-98.887375
19745.947266	-98.943741
19751.330566	-99.138329
19756.713867	-99.085030
19762.097168	-99.060730
19767.480469	-98.904732
19772.863770	-98.321739
19778.247070	-98.539627
19783.630371	-98.731728
19789.013672	-98.401657
19794.396973	-98.926689
19799.780273	-99.062767
19805.163574	-99.162590
19810.546875	-99.192024
19815.930176	-99.138428
19821.313477	-99.411964
19826.696777	-99.173828
19832.080078	-98.650620
19837.463379	-98.798882
19842.846680	-98.680634
19848.229980	-98.956230
19853.613281	-98.676765
19858.996582	-98.438889
19864.379883	-98.322227
19869.763184	-98.582771
19875.146484	-98.558990
19880.529785	-98.829308
19885.913086	-98.715172
19891.296387	-98.892982
19896.679688	-99.076477
19902.062988	-99.049919
19907.446289	-98.746376
19912.829590	-98.684265
19918.212891	-98.525826
19923.596191	-98.889687
19928.979492	-98.896439
19934.362793	-98.716393
19939.746094	-98.952194
19945.129395	-98.951538
19950.512695	-99.062012
19955.895996	-98.818634
19961.279297	-98.783371
19966.662598	-98.655151
19972.045898	-98.927841
19977.429199	-98.694817
19982.812500	-98.883713
19988.195801	-98.840775
19993.579102	-99.087173
19998.962402	-98.899055
20004.345703	-98.945763
20009.729004	-99.038826
20015.112305	-98.705444
20020.495605	-98.435486
20025.878906	-98.540062
20031.262207	-98.347992
20036.645508	-98.640106
20042.028809	-98.910210
20047.412109	-98.967834
20052.795410	-98.576210
20058.178711	-98.465790
20063.562012	-98.811386
20068.945312	-99.055771
20074.328613	-99.062195
20079.711914	-98.887955
20085.095215	-98.435349
20090.478516	-99.028137
20095.861816	-99.007347
20101.245117	-99.046165
20106.628418	-99.494171
20112.011719	-99.251259
20117.395020	-99.492256
20122.778320	-98.861481
20128.161621	-98.315361
20133.544922	-99.334358
20138.928223	-98.787270
20144.311523	-98.380951
20149.694824	-98.926712
20155.078125	-99.171227
20160.461426	-99.181618
20165.844727	-99.413559
20171.228027	-98.829735
20176.611328	-98.849800
20181.994629	-98.708412
20187.377930	-98.221283
20192.761230	-98.746529
20198.144531	-99.086906
20203.527832	-99.261955
20208.911133	-99.000053
20214.294434	-98.835182
20219.677734	-99.337151
20225.061035	-99.315842
20230.444336	-98.892380
20235.827637	-98.965378
20241.210938	-99.070847
20246.594238	-99.517937
20251.977539	-99.181160
20257.360840	-98.959099
20262.744141	-99.485046
20268.127441	-99.245117
20273.510742	-99.458420
20278.894043	-99.823563
20284.277344	-99.766037
20289.660645	-99.659233
20295.043945	-99.247772
20300.427246	-99.539513
20305.810547	-99.839798
20311.193848	-99.360641
20316.577148	-99.441841
20321.960449	-99.644150
20327.343750	-99.535095
20332.727051	-98.971687
20338.110352	-99.303848
20343.493652	-99.915901
20348.876953	-99.402458
20354.260254	-100.296852
20359.643555	-100.407722
20365.026855	-99.429832
20370.410156	-99.530365
20375.793457	-99.648666
20381.176758	-99.947388
20386.560059	-100.335175
20391.943359	-100.581375
20397.326660	-100.386406
20402.709961	-100.402992
20408.093262	-100.258194
20413.476562	-100.419464
20418.859863	-100.330368
20424.243164	-100.696449
20429.626465	-100.415665
20435.009766	-100.380615
20440.393066	-100.623627
20445.776367	-100.903069
20451.159668	-100.742470
20456.542969	-100.287575
20461.926270	-100.811432
20467.309570	-101.035370
20472.692871	-101.003250
20478.076172	-100.853546
20483.459473	-100.540680
20488.842773	-100.850159
20494.226074	-101.252754
20499.609375	-101.381958
20504.992676	-101.478325
20510.375977	-101.479324
20515.759277	-101.107208
20521.142578	-100.945885
20526.525879	-101.020119
20531.909180	-101.359215
20537.292480	-101.652084
20542.675781	-101.878647
20548.059082	-101.937050
20553.442383	-102.196960
20558.825684	-102.027733
20564.208984	-101.925888
20569.592285	-101.821510
20574.975586	-101.748520
20580.358887	-102.199364
20585.742188	-102.361244
20591.125488	-102.273026
20596.508789	-102.337173
20601.892090	-102.367325
20607.275391	-102.894485
20612.658691	-103.076988
20618.041992	-103.248138
20623.425293	-103.411316
20628.808594	-104.053482
20634.191895	-103.799347
20639.575195	-103.656662
20644.958496	-103.479065
20650.341797	-103.676926
20655.725098	-103.772293
20661.108398	-103.447121
20666.491699	-103.834938
20671.875000	-103.908554
20677.258301	-104.024704
20682.641602	-104.476273
20688.024902	-104.458549
20693.408203	-104.405907
20698.791504	-104.335579
20704.174805	-104.649773
20709.558105	-104.559555
20714.941406	-104.654236
20720.324707	-104.383789
20725.708008	-104.742073
20731.091309	-105.049538
20736.474609	-105.393379
20741.857910	-105.329063
20747.241211	-105.483391
20752.624512	-105.558670
20758.007812	-105.809494
20763.391113	-105.519310
20768.774414	-105.530922
20774.157715	-106.126045
20779.541016	-106.416473
20784.924316	-106.672462
20790.307617	-106.791328
20795.690918	-106.631821
20801.074219	-107.077179
20806.457520	-107.362961
20811.840820	-107.586678
20817.224121	-107.634247
20822.607422	-107.596176
20827.990723	-107.601799
20833.374023	-107.717903
20838.757324	-107.905632
20844.140625	-108.084221
20849.523926	-108.321373
20854.907227	-108.455482
20860.290527	-108.957886
20865.673828	-108.672165
20871.057129	-108.806007
20876.440430	-108.721855
20881.823730	-108.822929
20887.207031	-109.609039
20892.590332	-109.965851
20897.973633	-110.492073
20903.356934	-110.034233
20908.740234	-110.271332
20914.123535	-110.303436
20919.506836	-110.535469
20924.890137	-111.024719
20930.273438	-110.887642
20935.656738	-111.035950
20941.040039	-111.036674
20946.423340	-111.406853
20951.806641	-111.975945
20957.189941	-112.074371
20962.573242	-112.472038
20967.956543	-112.140770
20973.339844	-112.395988
20978.723145	-112.911354
20984.106445	-113.316330
20989.489746	-113.397003
20994.873047	-113.343781
21000.256348	-114.288597
21005.639648	-114.075851
21011.022949	-114.049965
21016.406250	-114.125404
21021.789551	-114.467010
21027.172852	-115.058891
21032.556152	-115.371208
21037.939453	-114.737694
21043.322754	-115.358131
21048.706055	-115.517761
21054.089355	-116.050308
21059.472656	-116.006180
21064.855957	-116.613907
21070.239258	-116.739128
21075.622559	-116.765549
21081.005859	-116.985596
21086.389160	-117.080330
21091.772461	-117.916451
21097.155762	-118.158852
21102.539062	-118.365799
21107.922363	-118.316612
21113.305664	-119.437210
21118.688965	-118.629181
21124.072266	-118.639122
21129.455566	-119.666771
21134.838867	-119.662468
21140.222168	-120.149544
21145.605469	-120.540337
21150.988770	-121.093567
21156.372070	-118.545341
21161.755371	-110.287407
21167.138672	-112.887245
21172.521973	-121.236717
21177.905273	-120.925270
21183.288574	-122.371910
21188.671875	-121.882751
21194.055176	-122.854858
21199.438477	-123.361160
21204.821777	-123.351440
21210.205078	-123.535255
21215.588379	-123.562096
21220.971680	-124.024719
21226.354980	-124.040123
21231.738281	-124.460785
21237.121582	-124.757240
21242.504883	-125.301384
21247.888184	-125.213997
21253.271484	-125.659546
21258.654785	-125.723831
21264.038086	-125.596985
21269.421387	-125.577805
21274.804688	-126.324532
21280.187988	-126.581825
21285.571289	-126.458206
21290.954590	-127.131897
21296.337891	-126.529892
21301.721191	-127.081146
21307.104492	-126.894737
21312.487793	-127.051491
21317.871094	-127.199051
21323.254395	-127.449333
21328.637695	-127.480858
21334.020996	-127.839218
21339.404297	-127.695686
21344.787598	-127.926857
21350.170898	-127.826431
21355.554199	-128.245056
21360.937500	-127.957962
21366.320801	-128.255173
21371.704102	-128.088593
21377.087402	-128.418655
21382.470703	-128.044617
21387.854004	-128.353790
21393.237305	-128.501511
21398.620605	-128.392517
21404.003906	-128.414612
21409.387207	-128.614227
21414.770508	-128.342300
21420.153809	-128.681091
21425.537109	-128.457443
21430.920410	-128.593491
21436.303711	-128.515808
21441.687012	-128.616943
21447.070312	-128.647614
21452.453613	-128.648087
21457.836914	-128.627899
21463.220215	-128.597198
21468.603516	-128.702194
21473.986816	-128.599457
21479.370117	-128.637207
21484.753418	-128.701065
21490.136719	-128.675613
21495.520020	-128.690475
21500.903320	-128.663345
21506.286621	-128.704315
21511.669922	-128.691467
21517.053223	-128.682358
21522.436523	-128.715256
21527.819824	-128.705750
21533.203125	-128.681335
21538.586426	-128.696411
21543.969727	-128.715424
21549.353027	-128.713181
21554.736328	-128.704483
21560.119629	-128.701248
21565.502930	-128.708176
21570.886230	-128.702499
21576.269531	-128.708069
21581.652832	-128.718018
21587.036133	-128.710785
21592.419434	-128.713486
21597.802734	-128.702255
21603.186035	-128.714508
21608.569336	-128.713501
21613.952637	-128.715576
21619.335938	-128.707672
21624.719238	-128.711746
21630.102539	-128.715088
21635.485840	-128.714310
21640.869141	-128.709335
21646.252441	-128.718124
21651.635742	-128.713715
21657.019043	-128.715714
21662.402344	-128.711594
21667.785645	-128.716263
21673.168945	-128.711258
21678.552246	-128.716965
21683.935547	-128.714172
21689.318848	-128.713745
21694.702148	-128.716492
21700.085449	-128.714584
21705.468750	-128.715317
21710.852051	-128.715683
21716.235352	-128.716141
21721.618652	-128.714279
21727.001953	-128.716507
21732.385254	-128.715286
21737.768555	-128.716644
21743.151855	-128.715500
21748.535156	-128.716324
21753.918457	-128.715729
21759.301758	-128.716751
21764.685059	-128.716080
21770.068359	-128.716965
21775.451660	-128.716309
21780.834961	-128.716431
21786.218262	-128.716949
21791.601562	-128.716660
21796.984863	-128.716995
21802.368164	-128.716965
21807.751465	-128.717010
21813.134766	-128.717056
21818.518066	-128.717056
21823.901367	-128.717300
21829.284668	-128.717361
21834.667969	-128.717468
21840.051270	-128.717621
21845.434570	-128.717407
21850.817871	-128.717514
21856.201172	-128.717621
21861.584473	-128.717728
21866.967773	-128.717743
21872.351074	-128.717773
21877.734375	-128.717743
21883.117676	-128.717834
21888.500977	-128.717941
21893.884277	-128.718063
21899.267578	-128.718140
21904.650879	-128.717972
21910.034180	-128.718124
21915.417480	-128.718018
21920.800781	-128.718140
21926.184082	-128.718201
21931.567383	-128.718124
21936.950684	-128.718124
21942.333984	-128.716660
21947.717285	-128.718506
21953.100586	-128.718155
21958.483887	-128.718765
21963.867188	-128.718948
21969.250488	-128.718903
21974.633789	-128.717834
21980.017090	-128.718857
21985.400391	-128.718262
21990.783691	-128.718353
21996.166992	-128.718506
22001.550293	-128.718719
22006.933594	-128.718842
22012.316895	-128.718765
22017.700195	-128.718491
22023.083496	-128.718735
22028.466797	-128.718536
22033.850098	-128.718781
22039.233398	-128.718552
22044.616699	-128.718658
