Frequency (Hz)	Level (dB)
5.383301	-82.481178
10.766602	-81.594521
16.149902	-68.396271
21.533203	-57.584343
26.916504	-57.621231
32.299805	-53.721611
37.683105	-51.296345
43.066406	-50.744427
48.449707	-47.833111
53.833008	-45.731178
59.216309	-46.714272
64.599609	-46.657814
69.982910	-46.126404
75.366211	-44.799961
80.749512	-43.512264
86.132812	-45.050514
91.516113	-46.141655
96.899414	-44.716866
102.282715	-41.030159
107.666016	-40.892120
113.049316	-42.380341
118.432617	-47.782837
123.815918	-50.656048
129.199219	-49.982529
134.582520	-49.851303
139.965820	-51.529755
145.349121	-52.129795
150.732422	-52.397976
156.115723	-53.737633
161.499023	-53.768684
166.882324	-53.823162
172.265625	-53.916592
177.648926	-53.780930
183.032227	-53.949348
188.415527	-53.525242
193.798828	-53.314632
199.182129	-54.029133
204.565430	-56.037006
209.948730	-56.715210
215.332031	-56.613438
220.715332	-57.029556
226.098633	-56.640705
231.481934	-57.680790
236.865234	-59.762768
242.248535	-60.679310
247.631836	-62.403046
253.015137	-62.656231
258.398438	-62.882236
263.781738	-63.955723
269.165039	-64.266769
274.548340	-65.110168
279.931641	-65.094872
285.314941	-65.749672
290.698242	-65.967613
296.081543	-65.688744
301.464844	-65.271721
306.848145	-64.111893
312.231445	-63.217239
317.614746	-61.763668
322.998047	-60.686180
328.381348	-59.816795
333.764648	-59.852821
339.147949	-59.847778
344.531250	-60.629753
349.914551	-61.932919
355.297852	-62.788498
360.681152	-63.655766
366.064453	-64.428238
371.447754	-63.817059
376.831055	-64.999535
382.214355	-65.044731
387.597656	-65.058739
392.980957	-63.791203
398.364258	-60.602615
403.747559	-53.772717
409.130859	-54.227055
414.514160	-60.732826
419.897461	-61.969543
425.280762	-61.472965
430.664062	-63.106655
436.047363	-63.078091
441.430664	-63.495983
446.813965	-66.485611
452.197266	-68.004135
457.580566	-67.964455
462.963867	-69.068977
468.347168	-69.518860
473.730469	-68.854622
479.113770	-69.191605
484.497070	-69.235695
489.880371	-67.617676
495.263672	-66.579811
500.646973	-66.172600
506.030273	-64.254494
511.413574	-63.645382
516.796875	-62.531631
522.180176	-61.563904
527.563477	-62.532509
532.946777	-63.341579
538.330078	-63.823883
543.713379	-64.314064
549.096680	-64.986504
554.479980	-66.413094
559.863281	-67.973373
565.246582	-68.240234
570.629883	-68.059341
576.013184	-68.321404
581.396484	-67.832932
586.779785	-66.155197
592.163086	-65.403740
597.546387	-64.919968
602.929688	-64.825180
608.312988	-64.554077
613.696289	-64.174255
619.079590	-64.046730
624.462891	-64.646675
629.846191	-65.410622
635.229492	-65.561615
640.612793	-66.402458
645.996094	-67.510361
651.379395	-67.666840
656.762695	-67.314339
662.145996	-66.927635
667.529297	-66.501442
672.912598	-66.821007
678.295898	-66.889992
683.679199	-66.962776
689.062500	-67.789375
694.445801	-68.888542
699.829102	-69.393761
705.212402	-69.860291
710.595703	-70.262810
715.979004	-70.659515
721.362305	-70.937874
726.745605	-71.379951
732.128906	-71.050285
737.512207	-70.585350
742.895508	-70.689316
748.278809	-70.564476
753.662109	-70.556580
759.045410	-70.656845
764.428711	-71.018486
769.812012	-70.982483
775.195312	-70.454857
780.578613	-70.439217
785.961914	-71.066429
791.345215	-71.153824
796.728516	-71.113014
802.111816	-70.909958
807.495117	-69.252655
812.878418	-68.816124
818.261719	-69.509018
823.645020	-69.513000
829.028320	-69.645500
834.411621	-69.598373
839.794922	-69.305328
845.178223	-69.883484
850.561523	-70.494461
855.944824	-70.146385
861.328125	-69.714630
866.711426	-68.950401
872.094727	-67.336784
877.478027	-66.026466
882.861328	-66.126770
888.244629	-67.124725
893.627930	-67.114983
899.011230	-67.542313
904.394531	-68.508141
909.777832	-68.533257
915.161133	-68.904816
920.544434	-68.518776
925.927734	-67.709892
931.311035	-67.580536
936.694336	-67.859375
942.077637	-68.311363
947.460938	-70.012184
952.844238	-70.635536
958.227539	-71.971123
963.610840	-72.913895
968.994141	-73.941597
974.377441	-74.267982
979.760742	-73.538574
985.144043	-73.664894
990.527344	-73.926918
995.910645	-73.722702
1001.293945	-72.917252
1006.677246	-73.867409
1012.060547	-73.192390
1017.443848	-72.660637
1022.827148	-73.017578
1028.210449	-72.709824
1033.593750	-71.754395
1038.977051	-71.203102
1044.360352	-71.948189
1049.743652	-72.857071
1055.126953	-73.829498
1060.510254	-74.489616
1065.893555	-74.620064
1071.276855	-74.730751
1076.660156	-74.860168
1082.043457	-74.833534
1087.426758	-73.770538
1092.810059	-72.908394
1098.193359	-72.249390
1103.576660	-72.360115
1108.959961	-71.445641
1114.343262	-71.605835
1119.726562	-72.220802
1125.109863	-72.216713
1130.493164	-73.703049
1135.876465	-74.752686
1141.259766	-75.098610
1146.643066	-74.416954
1152.026367	-73.701591
1157.409668	-73.962585
1162.792969	-74.829636
1168.176270	-75.283165
1173.559570	-75.417526
1178.942871	-75.225845
1184.326172	-75.051628
1189.709473	-74.735207
1195.092773	-75.500275
1200.476074	-76.854225
1205.859375	-77.694809
1211.242676	-76.118294
1216.625977	-73.688324
1222.009277	-72.343147
1227.392578	-74.259499
1232.775879	-76.732811
1238.159180	-79.038864
1243.542480	-80.043900
1248.925781	-79.357262
1254.309082	-79.373558
1259.692383	-79.494675
1265.075684	-78.577843
1270.458984	-76.840034
1275.842285	-75.732658
1281.225586	-74.966476
1286.608887	-74.091026
1291.992188	-73.990662
1297.375488	-74.454140
1302.758789	-74.740685
1308.142090	-75.043793
1313.525391	-75.996155
1318.908691	-76.947746
1324.291992	-77.309357
1329.675293	-78.036011
1335.058594	-77.784065
1340.441895	-77.954346
1345.825195	-78.213646
1351.208496	-78.650070
1356.591797	-79.660988
1361.975098	-80.366310
1367.358398	-80.648499
1372.741699	-80.462975
1378.125000	-80.489166
1383.508301	-80.032669
1388.891602	-79.933456
1394.274902	-78.803024
1399.658203	-77.915215
1405.041504	-77.288681
1410.424805	-77.127075
1415.808105	-76.983475
1421.191406	-76.924553
1426.574707	-76.284981
1431.958008	-76.176399
1437.341309	-76.047188
1442.724609	-76.683113
1448.107910	-76.600998
1453.491211	-76.794754
1458.874512	-76.929947
1464.257812	-76.825722
1469.641113	-76.798477
1475.024414	-77.625870
1480.407715	-78.845818
1485.791016	-78.991310
1491.174316	-79.030029
1496.557617	-78.408249
1501.940918	-78.296272
1507.324219	-78.249474
1512.707520	-78.163498
1518.090820	-78.476280
1523.474121	-77.977142
1528.857422	-77.270851
1534.240723	-77.023155
1539.624023	-77.754730
1545.007324	-77.672516
1550.390625	-77.506424
1555.773926	-76.958374
1561.157227	-76.293648
1566.540527	-75.948112
1571.923828	-76.446678
1577.307129	-77.970726
1582.690430	-78.373734
1588.073730	-77.681274
1593.457031	-76.334045
1598.840332	-74.889595
1604.223633	-75.457115
1609.606934	-75.886017
1614.990234	-76.894638
1620.373535	-77.230835
1625.756836	-76.475800
1631.140137	-76.695061
1636.523438	-76.572227
1641.906738	-76.485573
1647.290039	-76.261200
1652.673340	-75.711823
1658.056641	-75.422729
1663.439941	-75.028992
1668.823242	-75.090721
1674.206543	-75.304306
1679.589844	-75.485748
1684.973145	-74.770401
1690.356445	-73.661659
1695.739746	-73.362724
1701.123047	-74.340965
1706.506348	-75.283180
1711.889648	-76.751030
1717.272949	-76.882736
1722.656250	-77.620316
1728.039551	-78.518646
1733.422852	-78.834595
1738.806152	-78.997452
1744.189453	-78.168617
1749.572754	-77.850342
1754.956055	-78.316681
1760.339355	-78.548927
1765.722656	-78.770638
1771.105957	-80.211700
1776.489258	-80.934319
1781.872559	-81.167038
1787.255859	-81.306984
1792.639160	-81.029152
1798.022461	-81.125389
1803.405762	-81.483978
1808.789062	-82.026962
1814.172363	-82.759254
1819.555664	-83.237015
1824.938965	-82.427826
1830.322266	-82.169281
1835.705566	-82.201813
1841.088867	-82.646370
1846.472168	-83.137009
1851.855469	-82.232361
1857.238770	-81.168343
1862.622070	-81.288773
1868.005371	-81.193275
1873.388672	-80.474846
1878.771973	-80.813240
1884.155273	-80.829689
1889.538574	-81.036316
1894.921875	-81.438751
1900.305176	-81.676437
1905.688477	-82.386284
1911.071777	-83.275551
1916.455078	-84.175163
1921.838379	-84.413979
1927.221680	-84.859222
1932.604980	-84.555901
1937.988281	-84.079330
1943.371582	-83.853432
1948.754883	-83.204361
1954.138184	-83.674736
1959.521484	-83.824471
1964.904785	-83.492538
1970.288086	-83.523605
1975.671387	-83.512199
1981.054688	-83.994171
1986.437988	-84.482971
1991.821289	-84.801857
1997.204590	-83.653580
2002.587891	-82.692993
2007.971191	-82.184837
2013.354492	-81.305206
2018.737793	-81.472038
2024.121094	-80.970551
2029.504395	-79.261436
2034.887695	-78.177048
2040.270996	-80.375114
2045.654297	-80.713913
2051.037598	-80.786461
2056.420898	-80.890648
2061.804199	-81.226059
2067.187500	-81.811096
2072.570801	-81.856300
2077.954102	-81.573685
2083.337402	-81.645302
2088.720703	-81.591469
2094.104004	-81.320801
2099.487305	-81.280128
2104.870605	-80.799232
2110.253906	-80.837685
2115.637207	-80.838440
2121.020508	-81.113434
2126.403809	-80.036240
2131.787109	-79.525276
2137.170410	-80.060547
2142.553711	-79.606430
2147.937012	-79.472603
2153.320312	-79.896271
2158.703613	-79.746803
2164.086914	-80.364120
2169.470215	-81.366737
2174.853516	-81.442932
2180.236816	-81.203682
2185.620117	-81.507156
2191.003418	-81.018097
2196.386719	-80.243263
2201.770020	-79.385780
2207.153320	-79.647758
2212.536621	-79.686386
2217.919922	-79.171471
2223.303223	-79.167099
2228.686523	-79.620773
2234.069824	-80.090683
2239.453125	-80.870392
2244.836426	-81.729713
2250.219727	-83.078995
2255.603027	-83.975235
2260.986328	-84.791191
2266.369629	-85.230896
2271.752930	-85.321968
2277.136230	-85.901993
2282.519531	-85.844864
2287.902832	-85.735390
2293.286133	-85.356163
2298.669434	-85.073853
2304.052734	-84.960640
2309.436035	-84.482292
2314.819336	-84.773811
2320.202637	-84.774261
2325.585938	-85.077454
2330.969238	-85.915901
2336.352539	-85.300224
2341.735840	-85.117920
2347.119141	-85.255684
2352.502441	-85.270042
2357.885742	-84.872559
2363.269043	-83.469971
2368.652344	-83.464912
2374.035645	-83.755089
2379.418945	-83.104324
2384.802246	-84.003075
2390.185547	-84.464767
2395.568848	-85.366104
2400.952148	-86.261444
2406.335449	-86.265633
2411.718750	-86.594788
2417.102051	-86.679031
2422.485352	-86.616005
2427.868652	-86.580139
2433.251953	-86.607033
2438.635254	-83.354019
2444.018555	-85.658661
2449.401855	-88.849159
2454.785156	-88.799683
2460.168457	-88.402710
2465.551758	-88.188034
2470.935059	-87.922844
2476.318359	-87.906754
2481.701660	-87.933983
2487.084961	-87.555473
2492.468262	-86.641937
2497.851562	-86.417122
2503.234863	-86.086205
2508.618164	-85.668381
2514.001465	-85.373161
2519.384766	-85.494385
2524.768066	-85.900177
2530.151367	-86.649200
2535.534668	-86.734917
2540.917969	-86.674644
2546.301270	-86.855812
2551.684570	-87.930382
2557.067871	-88.107689
2562.451172	-88.197845
2567.834473	-88.226128
2573.217773	-88.769211
2578.601074	-89.135330
2583.984375	-89.443481
2589.367676	-89.722298
2594.750977	-89.787003
2600.134277	-89.746796
2605.517578	-90.060257
2610.900879	-90.000488
2616.284180	-90.440536
2621.667480	-90.507904
2627.050781	-90.721626
2632.434082	-90.415581
2637.817383	-89.650917
2643.200684	-88.813957
2648.583984	-89.031105
2653.967285	-88.986641
2659.350586	-89.094215
2664.733887	-88.930183
2670.117188	-89.170815
2675.500488	-88.869514
2680.883789	-89.597099
2686.267090	-89.634186
2691.650391	-89.546471
2697.033691	-89.643646
2702.416992	-89.478127
2707.800293	-89.130333
2713.183594	-89.487709
2718.566895	-89.627510
2723.950195	-89.712418
2729.333496	-89.249634
2734.716797	-89.126030
2740.100098	-88.876862
2745.483398	-88.912949
2750.866699	-88.855911
2756.250000	-88.565170
2761.633301	-88.807045
2767.016602	-88.399681
2772.399902	-88.551834
2777.783203	-88.518402
2783.166504	-88.220757
2788.549805	-88.800148
2793.933105	-88.434189
2799.316406	-88.828377
2804.699707	-88.482742
2810.083008	-88.384987
2815.466309	-87.996498
2820.849609	-88.724022
2826.232910	-89.490860
2831.616211	-89.145042
2836.999512	-89.514725
2842.382812	-89.190620
2847.766113	-89.103409
2853.149414	-90.010269
2858.532715	-91.166275
2863.916016	-91.244415
2869.299316	-90.239243
2874.682617	-89.535217
2880.065918	-88.718979
2885.449219	-88.296272
2890.832520	-87.720833
2896.215820	-87.488892
2901.599121	-87.755356
2906.982422	-87.499107
2912.365723	-87.463013
2917.749023	-88.225075
2923.132324	-88.884216
2928.515625	-88.818947
2933.898926	-89.413445
2939.282227	-89.968811
2944.665527	-90.166695
2950.048828	-89.954819
2955.432129	-90.126579
2960.815430	-90.279755
2966.198730	-90.474335
2971.582031	-90.532227
2976.965332	-90.444489
2982.348633	-90.553131
2987.731934	-90.584259
2993.115234	-90.614441
2998.498535	-90.405899
3003.881836	-90.173462
3009.265137	-91.156654
3014.648438	-91.325562
3020.031738	-91.290100
3025.415039	-91.253822
3030.798340	-91.806763
3036.181641	-91.855629
3041.564941	-92.186340
3046.948242	-91.708611
3052.331543	-91.858307
3057.714844	-91.478287
3063.098145	-91.001457
3068.481445	-90.784683
3073.864746	-90.968086
3079.248047	-90.489357
3084.631348	-90.245934
3090.014648	-90.024437
3095.397949	-89.917809
3100.781250	-90.098038
3106.164551	-89.544090
3111.547852	-89.850372
3116.931152	-89.477005
3122.314453	-89.468903
3127.697754	-89.827042
3133.081055	-90.272064
3138.464355	-90.856682
3143.847656	-91.163300
3149.230957	-91.480804
3154.614258	-91.864601
3159.997559	-92.304398
3165.380859	-92.785919
3170.764160	-91.998558
3176.147461	-90.788849
3181.530762	-89.911064
3186.914062	-89.579781
3192.297363	-89.403717
3197.680664	-90.026390
3203.063965	-89.640800
3208.447266	-89.063591
3213.830566	-89.232574
3219.213867	-89.740555
3224.597168	-90.444397
3229.980469	-91.647858
3235.363770	-91.967209
3240.747070	-91.662170
3246.130371	-90.749046
3251.513672	-90.147324
3256.896973	-89.246864
3262.280273	-88.746780
3267.663574	-88.932480
3273.046875	-89.013634
3278.430176	-90.210266
3283.813477	-91.358261
3289.196777	-91.362488
3294.580078	-91.200218
3299.963379	-90.757957
3305.346680	-90.502945
3310.729980	-90.750153
3316.113281	-90.658897
3321.496582	-90.496384
3326.879883	-91.171196
3332.263184	-90.612755
3337.646484	-91.186394
3343.029785	-90.959969
3348.413086	-90.367119
3353.796387	-89.971771
3359.179688	-89.168686
3364.562988	-89.202423
3369.946289	-89.314224
3375.329590	-90.107277
3380.712891	-90.363998
3386.096191	-90.299149
3391.479492	-90.953873
3396.862793	-91.113396
3402.246094	-91.340561
3407.629395	-91.226357
3413.012695	-91.427200
3418.395996	-91.505066
3423.779297	-91.972717
3429.162598	-92.755081
3434.545898	-93.272736
3439.929199	-94.021149
3445.312500	-94.444603
3450.695801	-94.021049
3456.079102	-94.780907
3461.462402	-94.746513
3466.845703	-94.439445
3472.229004	-94.179604
3477.612305	-94.521667
3482.995605	-94.450371
3488.378906	-93.895844
3493.762207	-93.018623
3499.145508	-92.451630
3504.528809	-92.496475
3509.912109	-92.144867
3515.295410	-92.071159
3520.678711	-92.314301
3526.062012	-92.370544
3531.445312	-92.561058
3536.828613	-93.038582
3542.211914	-93.272827
3547.595215	-93.537796
3552.978516	-93.373718
3558.361816	-92.629898
3563.745117	-92.943489
3569.128418	-93.370087
3574.511719	-93.580750
3579.895020	-93.024635
3585.278320	-92.692261
3590.661621	-91.845230
3596.044922	-90.781998
3601.428223	-90.786377
3606.811523	-90.924278
3612.194824	-91.136490
3617.578125	-92.457611
3622.961426	-93.050201
3628.344727	-93.184990
3633.728027	-93.601891
3639.111328	-93.966446
3644.494629	-93.788116
3649.877930	-92.659744
3655.261230	-91.950081
3660.644531	-91.611053
3666.027832	-90.652374
3671.411133	-90.276260
3676.794434	-90.378365
3682.177734	-91.153648
3687.561035	-91.414543
3692.944336	-91.402283
3698.327637	-90.808304
3703.710938	-89.997482
3709.094238	-89.427094
3714.477539	-88.439751
3719.860840	-89.459496
3725.244141	-89.867844
3730.627441	-89.224037
3736.010742	-88.781929
3741.394043	-89.262581
3746.777344	-88.892647
3752.160645	-89.760567
3757.543945	-90.710754
3762.927246	-91.050377
3768.310547	-91.143814
3773.693848	-91.333733
3779.077148	-91.161171
3784.460449	-91.425095
3789.843750	-92.366074
3795.227051	-92.848564
3800.610352	-92.853752
3805.993652	-92.660538
3811.376953	-93.257904
3816.760254	-93.759872
3822.143555	-93.593361
3827.526855	-93.759933
3832.910156	-94.367165
3838.293457	-95.294861
3843.676758	-95.989555
3849.060059	-96.307671
3854.443359	-95.817543
3859.826660	-95.099197
3865.209961	-94.874382
3870.593262	-95.694473
3875.976562	-95.902618
3881.359863	-95.385269
3886.743164	-94.623688
3892.126465	-94.821136
3897.509766	-95.521744
3902.893066	-95.383034
3908.276367	-95.397827
3913.659668	-94.847260
3919.042969	-94.812668
3924.426270	-95.068245
3929.809570	-95.367928
3935.192871	-95.240570
3940.576172	-95.251411
3945.959473	-95.261971
3951.342773	-95.246529
3956.726074	-94.654396
3962.109375	-94.335007
3967.492676	-93.535255
3972.875977	-93.009323
3978.259277	-93.061150
3983.642578	-93.445900
3989.025879	-92.911545
3994.409180	-92.738533
3999.792480	-93.080574
4005.175781	-93.112297
4010.559082	-92.933739
4015.942383	-92.506294
4021.325684	-92.239380
4026.708984	-91.814636
4032.092285	-91.433815
4037.475586	-91.874313
4042.858887	-92.227402
4048.242188	-92.891411
4053.625488	-93.608299
4059.008789	-93.505600
4064.392090	-94.031563
4069.775391	-94.021194
4075.158691	-94.137306
4080.541992	-94.546669
4085.925293	-94.375595
4091.308594	-94.449036
4096.691895	-94.113556
4102.075195	-94.257729
4107.458496	-94.164597
4112.841797	-94.470352
4118.225098	-94.219574
4123.608398	-94.611961
4128.991699	-94.402290
4134.375000	-93.766548
4139.758301	-93.162643
4145.141602	-92.858475
4150.524902	-92.290886
4155.908203	-92.064804
4161.291504	-91.591194
4166.674805	-92.667908
4172.058105	-93.394753
4177.441406	-93.423866
4182.824707	-93.826767
4188.208008	-94.655472
4193.591309	-94.663048
4198.974609	-94.850990
4204.357910	-94.877113
4209.741211	-95.031334
4215.124512	-94.904366
4220.507812	-94.783035
4225.891113	-94.670090
4231.274414	-94.559662
4236.657715	-94.149475
4242.041016	-94.472359
4247.424316	-94.890800
4252.807617	-95.707489
4258.190918	-95.894150
4263.574219	-95.680069
4268.957520	-94.996613
4274.340820	-95.021561
4279.724121	-95.304855
4285.107422	-94.440231
4290.490723	-93.285278
4295.874023	-93.099831
4301.257324	-94.035362
4306.640625	-93.404289
4312.023926	-93.239639
4317.407227	-92.458908
4322.790527	-90.758301
4328.173828	-89.216927
4333.557129	-88.483482
4338.940430	-88.090286
4344.323730	-87.087036
4349.707031	-88.502106
4355.090332	-89.940605
4360.473633	-90.390091
4365.856934	-90.899696
4371.240234	-90.974869
4376.623535	-90.772339
4382.006836	-90.074509
4387.390137	-90.346039
4392.773438	-89.517197
4398.156738	-89.819031
4403.540039	-90.000565
4408.923340	-89.341972
4414.306641	-89.176178
4419.689941	-88.023842
4425.073242	-85.632721
4430.456543	-84.891251
4435.839844	-83.756157
4441.223145	-82.411842
4446.606445	-81.631058
4451.989746	-81.550659
4457.373047	-81.307243
4462.756348	-83.450630
4468.139648	-86.770882
4473.522949	-88.251472
4478.906250	-86.423203
4484.289551	-84.045891
4489.672852	-81.646141
4495.056152	-80.051292
4500.439453	-80.951866
4505.822754	-81.842049
4511.206055	-82.198219
4516.589355	-84.252693
4521.972656	-86.915642
4527.355957	-88.381256
4532.739258	-88.279312
4538.122559	-87.454842
4543.505859	-87.602150
4548.889160	-88.726860
4554.272461	-89.961815
4559.655762	-90.114990
4565.039062	-90.381264
4570.422363	-88.563957
4575.805664	-87.835846
4581.188965	-87.279724
4586.572266	-85.636566
4591.955566	-83.697540
4597.338867	-81.992554
4602.722168	-81.527336
4608.105469	-80.828400
4613.488770	-81.200546
4618.872070	-81.226852
4624.255371	-81.105309
4629.638672	-80.562195
4635.021973	-83.217369
4640.405273	-85.346947
4645.788574	-84.492950
4651.171875	-83.342216
4656.555176	-81.553940
4661.938477	-80.129585
4667.321777	-79.798790
4672.705078	-81.433426
4678.088379	-82.570038
4683.471680	-84.032547
4688.854980	-86.448624
4694.238281	-88.671860
4699.621582	-91.121605
4705.004883	-91.540939
4710.388184	-91.050323
4715.771484	-88.712357
4721.154785	-85.965385
4726.538086	-84.695770
4731.921387	-83.286438
4737.304688	-81.878174
4742.687988	-81.509323
4748.071289	-81.657341
4753.454590	-81.408615
4758.837891	-82.491928
4764.221191	-85.623611
4769.604492	-87.628502
4774.987793	-88.394623
4780.371094	-87.518204
4785.754395	-86.011459
4791.137695	-84.961212
4796.520996	-84.847191
4801.904297	-86.255768
4807.287598	-86.693626
4812.670898	-86.764618
4818.054199	-88.668739
4823.437500	-89.141388
4828.820801	-89.175529
4834.204102	-89.635048
4839.587402	-89.880608
4844.970703	-91.166435
4850.354004	-92.099762
4855.737305	-92.087456
4861.120605	-90.696899
4866.503906	-90.310463
4871.887207	-90.412773
4877.270508	-90.721962
4882.653809	-90.174072
4888.037109	-89.652267
4893.420410	-89.276131
4898.803711	-89.517609
4904.187012	-88.952339
4909.570312	-89.488541
4914.953613	-89.625389
4920.336914	-89.499084
4925.720215	-89.183144
4931.103516	-89.172432
4936.486816	-89.758308
4941.870117	-90.460915
4947.253418	-90.875259
4952.636719	-91.860321
4958.020020	-92.478867
4963.403320	-91.823692
4968.786621	-91.882195
4974.169922	-92.342026
4979.553223	-92.598152
4984.936523	-93.100830
4990.319824	-93.021370
4995.703125	-93.358803
5001.086426	-93.394295
5006.469727	-93.290306
5011.853027	-92.710846
5017.236328	-92.538322
5022.619629	-93.218369
5028.002930	-92.682060
5033.386230	-91.757538
5038.769531	-91.179352
5044.152832	-91.031128
5049.536133	-90.723030
5054.919434	-90.434357
5060.302734	-91.296181
5065.686035	-92.553223
5071.069336	-92.833618
5076.452637	-92.180672
5081.835938	-89.546707
5087.219238	-91.251732
5092.602539	-91.718140
5097.985840	-92.213562
5103.369141	-92.492218
5108.752441	-92.608063
5114.135742	-92.633369
5119.519043	-92.501938
5124.902344	-93.093040
5130.285645	-92.628838
5135.668945	-92.508476
5141.052246	-92.480698
5146.435547	-92.570183
5151.818848	-92.438599
5157.202148	-92.693153
5162.585449	-92.400658
5167.968750	-92.785416
5173.352051	-92.087593
5178.735352	-92.869164
5184.118652	-94.033226
5189.501953	-94.772430
5194.885254	-94.996071
5200.268555	-95.181633
5205.651855	-96.075638
5211.035156	-96.033134
5216.418457	-96.127693
5221.801758	-96.500465
5227.185059	-96.690636
5232.568359	-97.236649
5237.951660	-95.973297
5243.334961	-95.496712
5248.718262	-95.627098
5254.101562	-94.931023
5259.484863	-94.309189
5264.868164	-93.823479
5270.251465	-94.039421
5275.634766	-94.211403
5281.018066	-93.278999
5286.401367	-92.107765
5291.784668	-94.040215
5297.167969	-93.773521
5302.551270	-93.732597
5307.934570	-93.693558
5313.317871	-94.692001
5318.701172	-94.961845
5324.084473	-94.022484
5329.467773	-94.120514
5334.851074	-94.521767
5340.234375	-94.833565
5345.617676	-93.995544
5351.000977	-94.560410
5356.384277	-95.187561
5361.767578	-95.403618
5367.150879	-95.765503
5372.534180	-96.082535
5377.917480	-96.477074
5383.300781	-96.590027
5388.684082	-96.662483
5394.067383	-96.676041
5399.450684	-96.354095
5404.833984	-96.166901
5410.217285	-96.461044
5415.600586	-96.405365
5420.983887	-96.179672
5426.367188	-96.311913
5431.750488	-96.444168
5437.133789	-95.881027
5442.517090	-95.352036
5447.900391	-95.728104
5453.283691	-95.920311
5458.666992	-95.769562
5464.050293	-95.453049
5469.433594	-95.621460
5474.816895	-95.876846
5480.200195	-95.760094
5485.583496	-93.208153
5490.966797	-91.999504
5496.350098	-95.067215
5501.733398	-95.765747
5507.116699	-95.674088
5512.500000	-95.449341
5517.883301	-95.328522
5523.266602	-94.092949
5528.649902	-93.944557
5534.033203	-94.088036
5539.416504	-93.613907
5544.799805	-93.315361
5550.183105	-93.125587
5555.566406	-92.588715
5560.949707	-93.758614
5566.333008	-94.714905
5571.716309	-95.273285
5577.099609	-96.005775
5582.482910	-96.270195
5587.866211	-95.864174
5593.249512	-95.695808
5598.632812	-95.224464
5604.016113	-95.022804
5609.399414	-95.294350
5614.782715	-95.791779
5620.166016	-95.639481
5625.549316	-95.349228
5630.932617	-95.681358
5636.315918	-96.196251
5641.699219	-96.525803
5647.082520	-95.740128
5652.465820	-95.500923
5657.849121	-96.201347
5663.232422	-95.807518
5668.615723	-95.288689
5673.999023	-95.347275
5679.382324	-95.638199
5684.765625	-95.746338
5690.148926	-93.089569
5695.532227	-93.676804
5700.915527	-95.061249
5706.298828	-94.846977
5711.682129	-95.208855
5717.065430	-95.161919
5722.448730	-95.131439
5727.832031	-95.245071
5733.215332	-95.687088
5738.598633	-96.280701
5743.981934	-96.550148
5749.365234	-96.292496
5754.748535	-95.935555
5760.131836	-95.840530
5765.515137	-95.897873
5770.898438	-95.561188
5776.281738	-95.332703
5781.665039	-95.630188
5787.048340	-96.169899
5792.431641	-95.686150
5797.814941	-95.437027
5803.198242	-95.127914
5808.581543	-95.443687
5813.964844	-95.100662
5819.348145	-95.235687
5824.731445	-95.063881
5830.114746	-95.058647
5835.498047	-95.223495
5840.881348	-95.471741
5846.264648	-95.671745
5851.647949	-96.073280
5857.031250	-96.042885
5862.414551	-96.148277
5867.797852	-96.202629
5873.181152	-96.059853
5878.564453	-96.749496
5883.947754	-97.205597
5889.331055	-97.504951
5894.714355	-96.769943
5900.097656	-97.128792
5905.480957	-96.827202
5910.864258	-96.487953
5916.247559	-95.989410
5921.630859	-95.988243
5927.014160	-95.707848
5932.397461	-95.985916
5937.780762	-96.855789
5943.164062	-96.374641
5948.547363	-97.353546
5953.930664	-97.759033
5959.313965	-97.747505
5964.697266	-97.382385
5970.080566	-97.177788
5975.463867	-97.619072
5980.847168	-97.446609
5986.230469	-97.282730
5991.613770	-97.347198
5996.997070	-97.561455
6002.380371	-97.435043
6007.763672	-97.308998
6013.146973	-97.544678
6018.530273	-97.511185
6023.913574	-97.097488
6029.296875	-97.195396
6034.680176	-97.879196
6040.063477	-97.563904
6045.446777	-97.198235
6050.830078	-97.724083
6056.213379	-97.380508
6061.596680	-98.103287
6066.979980	-97.336487
6072.363281	-97.365494
6077.746582	-97.178497
6083.129883	-97.376839
6088.513184	-97.237106
6093.896484	-97.272232
6099.279785	-96.999519
6104.663086	-98.155525
6110.046387	-97.757004
6115.429688	-97.567741
6120.812988	-97.335182
6126.196289	-97.203209
6131.579590	-97.234612
6136.962891	-97.606331
6142.346191	-97.361343
6147.729492	-96.975121
6153.112793	-97.440964
6158.496094	-97.132690
6163.879395	-97.472839
6169.262695	-97.401497
6174.645996	-97.491173
6180.029297	-96.903450
6185.412598	-96.829002
6190.795898	-96.351418
6196.179199	-96.877899
6201.562500	-97.121979
6206.945801	-97.627930
6212.329102	-97.333221
6217.712402	-97.693832
6223.095703	-97.614029
6228.479004	-97.300888
6233.862305	-97.977432
6239.245605	-97.291786
6244.628906	-97.379166
6250.012207	-97.817688
6255.395508	-97.732193
6260.778809	-97.911308
6266.162109	-98.231125
6271.545410	-97.999687
6276.928711	-97.797188
6282.312012	-97.812279
6287.695312	-97.773102
6293.078613	-97.745750
6298.461914	-97.077789
6303.845215	-97.501129
6309.228516	-97.641724
6314.611816	-97.693657
6319.995117	-97.494087
6325.378418	-97.395378
6330.761719	-97.214310
6336.145020	-97.091736
6341.528320	-96.767372
6346.911621	-97.190292
6352.294922	-97.264648
6357.678223	-97.083466
6363.061523	-96.521042
6368.444824	-96.408554
6373.828125	-96.432648
6379.211426	-96.340897
6384.594727	-95.764496
6389.978027	-95.591850
6395.361328	-96.273727
6400.744629	-96.117744
6406.127930	-95.646935
6411.511230	-95.723061
6416.894531	-96.612411
6422.277832	-95.947617
6427.661133	-96.085251
6433.044434	-96.143967
6438.427734	-96.184898
6443.811035	-95.747604
6449.194336	-96.544327
6454.577637	-96.276909
6459.960938	-96.341537
6465.344238	-96.618401
6470.727539	-96.888229
6476.110840	-97.054382
6481.494141	-97.518730
6486.877441	-97.836334
6492.260742	-98.105713
6497.644043	-98.062187
6503.027344	-97.592049
6508.410645	-97.064667
6513.793945	-96.924881
6519.177246	-96.269913
6524.560547	-95.163170
6529.943848	-94.742966
6535.327148	-94.680412
6540.710449	-94.457138
6546.093750	-95.172890
6551.477051	-96.293953
6556.860352	-96.811859
6562.243652	-97.135521
6567.626953	-97.038849
6573.010254	-97.080307
6578.393555	-95.560242
6583.776855	-95.333023
6589.160156	-94.901787
6594.543457	-94.748840
6599.926758	-94.404396
6605.310059	-93.879463
6610.693359	-94.145256
6616.076660	-94.467941
6621.459961	-94.453796
6626.843262	-95.176277
6632.226562	-95.228325
6637.609863	-95.712448
6642.993164	-96.057747
6648.376465	-95.843391
6653.759766	-95.780617
6659.143066	-95.821136
6664.526367	-94.729607
6669.909668	-94.524864
6675.292969	-94.694313
6680.676270	-94.255951
6686.059570	-93.947899
6691.442871	-94.391716
6696.826172	-94.205009
6702.209473	-94.600204
6707.592773	-94.423531
6712.976074	-94.325157
6718.359375	-93.859344
6723.742676	-93.749420
6729.125977	-93.209587
6734.509277	-93.067345
6739.892578	-93.431885
6745.275879	-93.747032
6750.659180	-93.450096
6756.042480	-93.347145
6761.425781	-93.908554
6766.809082	-94.709030
6772.192383	-94.677689
6777.575684	-94.745956
6782.958984	-94.634865
6788.342285	-94.123344
6793.725586	-93.927559
6799.108887	-93.549690
6804.492188	-93.431267
6809.875488	-93.581032
6815.258789	-94.230812
6820.642090	-94.704102
6826.025391	-94.353119
6831.408691	-94.256714
6836.791992	-94.739861
6842.175293	-95.454147
6847.558594	-94.307297
6852.941895	-94.249268
6858.325195	-94.071205
6863.708496	-94.257927
6869.091797	-94.346024
6874.475098	-94.598351
6879.858398	-95.044548
6885.241699	-95.110283
6890.625000	-95.143028
6896.008301	-95.352753
6901.391602	-95.702347
6906.774902	-96.135941
6912.158203	-95.591461
6917.541504	-95.735596
6922.924805	-95.321678
6928.308105	-95.554047
6933.691406	-96.137100
6939.074707	-95.690018
6944.458008	-94.816025
6949.841309	-94.757660
6955.224609	-94.846252
6960.607910	-94.906555
6965.991211	-95.105499
6971.374512	-95.072212
6976.757812	-94.866844
6982.141113	-95.360939
6987.524414	-95.479790
6992.907715	-95.658905
6998.291016	-95.507195
7003.674316	-95.848923
7009.057617	-95.670715
7014.440918	-95.734009
7019.824219	-95.340355
7025.207520	-95.211876
7030.590820	-95.692886
7035.974121	-95.157402
7041.357422	-94.500931
7046.740723	-94.146698
7052.124023	-93.267670
7057.507324	-93.545624
7062.890625	-93.391159
7068.273926	-93.351669
7073.657227	-92.790955
7079.040527	-93.202881
7084.423828	-93.734352
7089.807129	-93.528778
7095.190430	-93.978523
7100.573730	-94.422806
7105.957031	-94.493179
7111.340332	-94.614204
7116.723633	-94.429688
7122.106934	-94.891380
7127.490234	-94.560776
7132.873535	-94.081795
7138.256836	-94.214371
7143.640137	-94.985542
7149.023438	-95.377823
7154.406738	-95.430603
7159.790039	-94.963554
7165.173340	-94.609634
7170.556641	-94.805237
7175.939941	-95.125153
7181.323242	-95.325325
7186.706543	-95.336121
7192.089844	-95.433189
7197.473145	-95.839935
7202.856445	-96.797691
7208.239746	-96.714851
7213.623047	-96.777771
7219.006348	-96.366409
7224.389648	-96.517700
7229.772949	-96.128059
7235.156250	-96.303757
7240.539551	-96.273010
7245.922852	-96.231911
7251.306152	-96.081299
7256.689453	-95.430222
7262.072754	-95.304352
7267.456055	-95.255966
7272.839355	-95.093552
7278.222656	-94.863480
7283.605957	-94.609657
7288.989258	-94.261665
7294.372559	-94.661598
7299.755859	-95.155846
7305.139160	-94.801270
7310.522461	-94.822182
7315.905762	-95.444885
7321.289062	-95.644783
7326.672363	-95.453911
7332.055664	-94.884712
7337.438965	-94.841331
7342.822266	-94.888260
7348.205566	-94.321815
7353.588867	-94.331085
7358.972168	-94.458015
7364.355469	-94.121796
7369.738770	-94.307251
7375.122070	-94.317902
7380.505371	-93.780205
7385.888672	-93.688583
7391.271973	-93.450562
7396.655273	-93.562790
7402.038574	-93.980339
7407.421875	-93.862030
7412.805176	-94.126541
7418.188477	-94.159279
7423.571777	-95.047165
7428.955078	-95.571922
7434.338379	-95.672989
7439.721680	-96.100403
7445.104980	-96.519012
7450.488281	-95.893669
7455.871582	-95.524879
7461.254883	-95.944817
7466.638184	-95.904114
7472.021484	-95.963966
7477.404785	-95.683578
7482.788086	-95.657211
7488.171387	-95.108109
7493.554688	-95.114670
7498.937988	-94.908966
7504.321289	-94.889839
7509.704590	-94.822067
7515.087891	-95.108871
7520.471191	-94.778511
7525.854492	-95.127335
7531.237793	-95.122322
7536.621094	-94.320061
7542.004395	-94.387787
7547.387695	-94.324905
7552.770996	-94.029274
7558.154297	-93.697342
7563.537598	-93.335594
7568.920898	-92.989525
7574.304199	-92.081596
7579.687500	-91.886299
7585.070801	-91.520271
7590.454102	-91.594582
7595.837402	-91.436203
7601.220703	-91.294830
7606.604004	-92.012093
7611.987305	-92.198181
7617.370605	-92.362068
7622.753906	-92.258827
7628.137207	-92.252403
7633.520508	-92.512520
7638.903809	-92.802696
7644.287109	-92.755234
7649.670410	-92.149544
7655.053711	-92.931198
7660.437012	-93.373207
7665.820312	-94.285492
7671.203613	-94.953377
7676.586914	-95.500816
7681.970215	-95.800209
7687.353516	-96.017830
7692.736816	-95.600693
7698.120117	-95.796722
7703.503418	-96.551666
7708.886719	-96.466110
7714.270020	-96.540878
7719.653320	-95.936676
7725.036621	-95.916809
7730.419922	-95.644302
7735.803223	-95.396385
7741.186523	-95.318672
7746.569824	-94.831062
7751.953125	-94.624329
7757.336426	-94.818047
7762.719727	-94.566437
7768.103027	-94.240540
7773.486328	-94.340759
7778.869629	-94.526184
7784.252930	-94.158051
7789.636230	-94.077538
7795.019531	-93.750107
7800.402832	-93.954437
7805.786133	-93.769203
7811.169434	-94.393753
7816.552734	-94.748581
7821.936035	-94.792244
7827.319336	-94.687836
7832.702637	-94.713371
7838.085938	-94.981522
7843.469238	-94.492653
7848.852539	-94.254181
7854.235840	-94.290817
7859.619141	-93.692505
7865.002441	-93.469078
7870.385742	-93.281372
7875.769043	-92.869598
7881.152344	-93.637207
7886.535645	-93.974052
7891.918945	-93.756332
7897.302246	-93.430946
7902.685547	-93.559319
7908.068848	-92.821404
7913.452148	-93.225357
7918.835449	-93.777885
7924.218750	-93.422897
7929.602051	-92.984383
7934.985352	-93.061874
7940.368652	-93.258530
7945.751953	-93.889236
7951.135254	-94.763649
7956.518555	-94.621338
7961.901855	-94.439072
7967.285156	-94.703537
7972.668457	-95.229340
7978.051758	-95.465370
7983.435059	-95.389977
7988.818359	-95.509613
7994.201660	-95.353981
7999.584961	-95.681282
8004.968262	-96.237396
8010.351562	-97.123108
8015.734863	-97.241150
8021.118164	-97.520271
8026.501465	-97.306480
8031.884766	-96.730743
8037.268066	-96.900185
8042.651367	-96.726608
8048.034668	-96.479599
8053.417969	-97.064987
8058.801270	-96.206299
8064.184570	-95.858864
8069.567871	-95.925941
8074.951172	-95.725044
8080.334473	-95.875435
8085.717773	-96.084038
8091.101074	-95.713264
8096.484375	-96.063736
8101.867676	-96.602989
8107.250977	-96.693024
8112.634277	-96.473427
8118.017578	-96.503265
8123.400879	-96.683372
8128.784180	-97.031075
8134.167480	-97.445381
8139.550781	-96.696983
8144.934082	-95.983124
8150.317383	-96.009956
8155.700684	-96.292274
8161.083984	-96.430473
8166.467285	-95.942245
8171.850586	-96.112633
8177.233887	-96.049667
8182.617188	-96.170410
8188.000488	-96.413940
8193.383789	-96.790154
8198.767090	-96.175522
8204.150391	-95.233299
8209.533691	-95.433723
8214.916992	-95.394745
8220.300293	-94.924446
8225.683594	-94.699883
8231.066895	-94.318321
8236.450195	-94.421906
8241.833496	-95.201141
8247.216797	-95.002472
8252.600098	-94.829353
8257.983398	-94.952759
8263.366699	-94.864120
8268.750000	-94.391045
8274.133301	-94.217781
8279.516602	-94.338394
8284.899902	-94.633713
8290.283203	-94.481064
8295.666504	-95.244324
8301.049805	-95.802719
8306.433105	-95.686539
8311.816406	-96.192406
8317.199707	-96.612160
8322.583008	-96.605408
8327.966309	-96.680862
8333.349609	-96.321434
8338.732910	-96.375122
8344.116211	-96.314354
8349.499512	-96.654427
8354.882812	-96.113503
8360.266113	-96.022408
8365.649414	-96.166557
8371.032715	-96.452133
8376.416016	-96.578934
8381.799316	-96.551682
8387.182617	-97.062561
8392.565918	-97.548882
8397.949219	-97.018288
8403.332520	-96.820068
8408.715820	-97.096992
8414.099121	-97.167091
8419.482422	-97.526184
8424.865723	-97.273186
8430.249023	-97.010559
8435.632324	-97.059898
8441.015625	-97.113716
8446.398926	-96.937447
8451.782227	-96.842865
8457.165527	-96.060509
8462.548828	-96.223526
8467.932129	-96.200394
8473.315430	-96.149475
8478.698730	-95.872185
8484.082031	-95.897865
8489.465332	-96.109619
8494.848633	-96.211678
8500.231934	-95.810989
8505.615234	-95.648033
8510.998535	-95.951889
8516.381836	-95.618179
8521.765137	-95.735497
8527.148438	-95.448227
8532.531738	-94.938202
8537.915039	-94.534088
8543.298340	-94.410393
8548.681641	-94.922318
8554.064941	-95.332748
8559.448242	-95.736931
8564.831543	-96.303619
8570.214844	-96.101707
8575.598145	-96.354927
8580.981445	-96.692368
8586.364746	-96.744537
8591.748047	-96.800636
8597.131348	-96.775383
8602.514648	-96.097908
8607.897949	-96.293816
8613.281250	-95.536316
8618.664551	-95.345886
8624.047852	-95.464500
8629.431152	-95.525757
8634.814453	-95.613785
8640.197754	-95.712509
8645.581055	-95.906357
8650.964355	-95.890656
8656.347656	-95.483170
8661.730957	-95.384491
8667.114258	-95.523506
8672.497559	-95.496323
8677.880859	-95.192352
8683.264160	-95.017647
8688.647461	-95.312469
8694.030762	-95.537170
8699.414062	-95.617493
8704.797363	-94.944580
8710.180664	-95.467377
8715.563965	-96.048981
8720.947266	-96.480782
8726.330566	-96.882957
8731.713867	-97.081604
8737.097168	-96.849594
8742.480469	-96.478371
8747.863770	-97.048767
8753.247070	-96.679764
8758.630371	-96.407150
8764.013672	-96.503807
8769.396973	-96.353851
8774.780273	-96.356407
8780.163574	-96.236488
8785.546875	-96.594864
8790.930176	-97.018219
8796.313477	-96.863014
8801.696777	-96.935951
8807.080078	-97.110764
8812.463379	-97.445633
8817.846680	-97.795197
8823.229980	-97.856430
8828.613281	-97.214455
8833.996582	-97.569099
8839.379883	-97.435127
8844.763184	-97.794426
8850.146484	-97.682800
8855.529785	-97.252068
8860.913086	-96.922554
8866.296387	-97.150444
8871.679688	-96.495216
8877.062988	-96.083984
8882.446289	-96.492989
8887.829590	-96.335449
8893.212891	-96.248932
8898.596191	-96.499184
8903.979492	-95.885086
8909.362793	-96.051521
8914.746094	-96.284439
8920.129395	-96.100975
8925.512695	-95.878555
8930.895996	-96.064873
8936.279297	-95.983803
8941.662598	-95.738365
8947.045898	-95.586197
8952.429199	-95.659378
8957.812500	-95.877373
8963.195801	-96.299049
8968.579102	-96.367729
8973.962402	-96.433029
8979.345703	-95.604530
8984.729004	-95.813095
8990.112305	-95.897095
8995.495605	-96.103104
9000.878906	-96.285492
9006.262207	-96.095734
9011.645508	-95.649055
9017.028809	-95.860947
9022.412109	-95.698074
9027.795410	-95.723465
9033.178711	-95.585617
9038.562012	-95.980385
9043.945312	-96.296814
9049.328613	-96.363678
9054.711914	-96.045433
9060.095215	-96.386406
9065.478516	-96.951134
9070.861816	-96.412376
9076.245117	-96.373329
9081.628418	-95.697731
9087.011719	-96.120323
9092.395020	-96.088058
9097.778320	-96.028732
9103.161621	-96.222198
9108.544922	-96.674522
9113.928223	-96.700790
9119.311523	-96.654999
9124.694824	-96.641815
9130.078125	-96.499771
9135.461426	-96.267204
9140.844727	-96.139153
9146.228027	-95.389099
9151.611328	-95.431602
9156.994629	-95.713905
9162.377930	-95.831512
9167.761230	-96.666405
9173.144531	-96.746140
9178.527832	-96.752449
9183.911133	-97.281815
9189.294434	-97.676315
9194.677734	-97.000999
9200.061035	-97.578781
9205.444336	-97.074577
9210.827637	-96.422722
9216.210938	-96.364555
9221.594238	-96.470711
9226.977539	-96.646896
9232.360840	-96.513123
9237.744141	-96.913155
9243.127441	-97.019119
9248.510742	-96.997284
9253.894043	-97.566360
9259.277344	-97.424484
9264.660645	-97.400429
9270.043945	-97.680206
9275.427246	-97.668304
9280.810547	-97.235870
9286.193848	-97.220131
9291.577148	-97.247276
9296.960449	-98.401299
9302.343750	-97.649864
9307.727051	-97.322937
9313.110352	-97.521576
9318.493652	-98.079460
9323.876953	-98.155914
9329.260254	-97.902336
9334.643555	-96.768265
9340.026855	-96.415680
9345.410156	-96.668701
9350.793457	-96.732277
9356.176758	-97.029625
9361.560059	-96.861702
9366.943359	-97.358093
9372.326660	-96.585617
9377.709961	-96.800888
9383.093262	-97.123619
9388.476562	-97.059593
9393.859863	-96.483398
9399.243164	-96.330261
9404.626465	-96.292725
9410.009766	-96.009499
9415.393066	-96.667458
9420.776367	-97.306343
9426.159668	-97.477501
9431.542969	-97.507103
9436.926270	-97.675880
9442.309570	-98.080200
9447.692871	-97.206947
9453.076172	-97.020576
9458.459473	-97.231720
9463.842773	-96.865265
9469.226074	-96.620399
9474.609375	-96.047241
9479.992676	-95.931442
9485.375977	-95.878860
9490.759277	-96.440948
9496.142578	-96.738586
9501.525879	-96.215576
9506.909180	-96.452744
9512.292480	-96.457489
9517.675781	-96.106964
9523.059082	-95.636208
9528.442383	-95.757149
9533.825684	-96.395393
9539.208984	-96.453041
9544.592285	-96.128029
9549.975586	-96.363594
9555.358887	-96.771790
9560.742188	-97.075706
9566.125488	-96.297485
9571.508789	-96.629272
9576.892090	-96.293976
9582.275391	-96.224655
9587.658691	-97.077255
9593.041992	-96.796272
9598.425293	-97.127884
9603.808594	-96.963966
9609.191895	-97.311447
9614.575195	-97.477638
9619.958496	-97.396988
9625.341797	-97.181541
9630.725098	-96.695709
9636.108398	-96.633942
9641.491699	-96.638794
9646.875000	-96.405670
9652.258301	-96.018753
9657.641602	-96.631790
9663.024902	-96.263466
9668.408203	-95.926277
9673.791504	-95.665466
9679.174805	-95.554817
9684.558105	-96.113037
9689.941406	-95.962311
9695.324707	-95.862274
9700.708008	-95.594055
9706.091309	-95.662636
9711.474609	-96.334961
9716.857910	-96.955482
9722.241211	-97.624489
9727.624512	-97.331306
9733.007812	-97.111000
9738.391113	-97.160667
9743.774414	-97.384789
9749.157715	-96.975006
9754.541016	-96.834671
9759.924316	-96.658463
9765.307617	-96.724976
9770.690918	-96.821365
9776.074219	-96.575912
9781.457520	-96.053177
9786.840820	-95.436256
9792.224121	-95.274086
9797.607422	-95.527298
9802.990723	-96.524963
9808.374023	-96.915749
9813.757324	-96.497658
9819.140625	-95.939903
9824.523926	-95.933395
9829.907227	-95.527603
9835.290527	-95.323273
9840.673828	-95.570221
9846.057129	-95.997116
9851.440430	-95.566895
9856.823730	-95.796356
9862.207031	-96.467278
9867.590332	-96.735954
9872.973633	-97.126411
9878.356934	-97.070564
9883.740234	-97.353043
9889.123535	-97.148537
9894.506836	-96.476372
9899.890137	-96.597824
9905.273438	-96.809036
9910.656738	-96.755539
9916.040039	-96.793449
9921.423340	-96.865128
9926.806641	-97.010841
9932.189941	-96.973305
9937.573242	-96.888664
9942.956543	-97.011314
9948.339844	-96.850578
9953.723145	-97.222916
9959.106445	-97.133209
9964.489746	-96.779297
9969.873047	-96.610733
9975.256348	-96.691948
9980.639648	-97.000305
9986.022949	-96.949089
9991.406250	-97.019447
9996.789551	-97.113678
10002.172852	-97.173584
10007.556152	-97.627502
10012.939453	-97.790680
10018.322754	-97.954460
10023.706055	-98.440872
10029.089355	-97.865273
10034.472656	-97.714920
10039.855957	-97.909142
10045.239258	-97.592430
10050.622559	-97.558800
10056.005859	-97.634308
10061.389160	-97.265762
10066.772461	-96.783844
10072.155762	-96.382439
10077.539062	-96.949409
10082.922363	-96.841782
10088.305664	-96.939072
10093.688965	-97.622185
10099.072266	-97.924492
10104.455566	-98.232887
10109.838867	-97.970558
10115.222168	-97.146530
10120.605469	-97.188690
10125.988770	-96.956711
10131.372070	-97.373123
10136.755371	-96.769554
10142.138672	-96.919983
10147.521973	-97.226074
10152.905273	-97.126587
10158.288574	-96.547089
10163.671875	-96.624565
10169.055176	-97.343246
10174.438477	-97.920860
10179.821777	-97.618797
10185.205078	-97.377892
10190.588379	-97.194504
10195.971680	-97.588638
10201.354980	-97.307541
10206.738281	-97.420525
10212.121582	-96.984756
10217.504883	-96.807335
10222.888184	-96.737106
10228.271484	-96.528572
10233.654785	-96.639435
10239.038086	-96.137146
10244.421387	-95.692604
10249.804688	-95.950386
10255.187988	-94.818710
10260.571289	-94.181084
10265.954590	-94.232391
10271.337891	-95.080032
10276.721191	-95.620415
10282.104492	-93.789726
10287.487793	-94.141235
10292.871094	-95.680573
10298.254395	-95.669479
10303.637695	-95.869293
10309.020996	-96.334663
10314.404297	-96.257095
10319.787598	-96.168800
10325.170898	-96.417526
10330.554199	-96.806419
10335.937500	-96.337608
10341.320801	-96.447845
10346.704102	-96.430641
10352.087402	-95.903320
10357.470703	-95.459084
10362.854004	-95.592438
10368.237305	-95.739105
10373.620605	-96.003647
10379.003906	-96.077766
10384.387207	-96.127365
10389.770508	-95.620811
10395.153809	-96.496117
10400.537109	-96.492950
10405.920410	-96.483170
10411.303711	-96.898132
10416.687012	-97.516685
10422.070312	-97.266884
10427.453613	-97.268318
10432.836914	-97.322189
10438.220215	-97.138756
10443.603516	-96.891251
10448.986816	-96.646019
10454.370117	-97.119217
10459.753418	-96.754951
10465.136719	-96.621704
10470.520020	-96.883255
10475.903320	-96.622131
10481.286621	-96.119377
10486.669922	-96.337166
10492.053223	-96.421188
10497.436523	-96.265594
10502.819824	-96.985710
10508.203125	-96.794327
10513.586426	-97.167786
10518.969727	-97.188789
10524.353027	-96.719635
10529.736328	-96.510895
10535.119629	-96.676361
10540.502930	-96.976059
10545.886230	-97.433784
10551.269531	-96.912636
10556.652832	-96.474258
10562.036133	-96.786964
10567.419434	-96.629471
10572.802734	-96.298073
10578.186035	-96.495598
10583.569336	-96.403313
10588.952637	-96.704010
10594.335938	-96.920845
10599.719238	-96.377510
10605.102539	-96.574760
10610.485840	-96.314545
10615.869141	-95.854607
10621.252441	-95.817451
10626.635742	-95.557671
10632.019043	-96.726082
10637.402344	-97.321075
10642.785645	-96.843483
10648.168945	-96.616028
10653.552246	-96.562813
10658.935547	-96.784126
10664.318848	-96.761383
10669.702148	-96.486008
10675.085449	-96.622665
10680.468750	-96.445274
10685.852051	-96.406761
10691.235352	-96.613243
10696.618652	-97.028374
10702.001953	-97.344933
10707.385254	-97.629997
10712.768555	-96.967445
10718.151855	-97.222443
10723.535156	-97.306190
10728.918457	-97.492874
10734.301758	-97.370758
10739.685059	-97.278671
10745.068359	-97.668594
10750.451660	-97.748024
10755.834961	-96.932312
10761.218262	-96.307869
10766.601562	-96.619133
10771.984863	-96.335640
10777.368164	-97.061180
10782.751465	-96.667488
10788.134766	-96.364128
10793.518066	-96.938698
10798.901367	-96.496643
10804.284668	-96.394020
10809.667969	-96.105751
10815.051270	-96.535805
10820.434570	-96.746887
10825.817871	-96.224457
10831.201172	-95.937241
10836.584473	-96.048485
10841.967773	-96.887764
10847.351074	-96.640068
10852.734375	-96.779335
10858.117676	-96.604462
10863.500977	-97.015175
10868.884277	-96.286621
10874.267578	-96.589943
10879.650879	-96.357407
10885.034180	-96.232834
10890.417480	-96.413216
10895.800781	-95.786888
10901.184082	-96.104477
10906.567383	-96.453041
10911.950684	-96.491913
10917.333984	-95.776077
10922.717285	-96.185684
10928.100586	-96.608963
10933.483887	-96.969093
10938.867188	-97.021744
10944.250488	-97.196457
10949.633789	-96.872307
10955.017090	-96.613625
10960.400391	-96.588539
10965.783691	-96.825806
10971.166992	-96.559677
10976.550293	-96.456238
10981.933594	-95.629860
10987.316895	-95.492409
10992.700195	-96.542503
10998.083496	-96.607628
11003.466797	-96.918518
11008.850098	-97.083183
11014.233398	-96.494179
11019.616699	-96.262756
11025.000000	-96.217308
11030.383301	-96.200325
11035.766602	-96.072495
11041.149902	-95.718452
11046.533203	-95.130020
11051.916504	-94.938622
11057.299805	-95.317818
11062.683105	-95.278023
11068.066406	-95.251266
11073.449707	-94.654266
11078.833008	-95.071487
11084.216309	-95.527771
11089.599609	-95.664352
11094.982910	-96.167397
11100.366211	-96.195862
11105.749512	-95.225845
11111.132812	-95.335724
11116.516113	-95.455048
11121.899414	-95.878067
11127.282715	-95.583496
11132.666016	-95.742668
11138.049316	-95.630669
11143.432617	-95.635841
11148.815918	-95.288757
11154.199219	-96.158188
11159.582520	-95.850464
11164.965820	-96.041618
11170.349121	-96.522118
11175.732422	-96.401886
11181.115723	-96.343536
11186.499023	-96.944290
11191.882324	-97.067230
11197.265625	-96.861679
11202.648926	-96.890671
11208.032227	-96.477165
11213.415527	-96.084106
11218.798828	-96.126640
11224.182129	-95.996582
11229.565430	-95.471649
11234.948730	-95.062141
11240.332031	-94.640457
11245.715332	-94.973282
11251.098633	-94.738884
11256.481934	-94.451630
11261.865234	-94.549164
11267.248535	-95.166107
11272.631836	-94.932541
11278.015137	-94.927597
11283.398438	-94.473053
11288.781738	-94.281464
11294.165039	-94.192101
11299.548340	-94.081718
11304.931641	-93.959198
11310.314941	-94.253319
11315.698242	-94.648010
11321.081543	-94.551186
11326.464844	-95.339813
11331.848145	-94.252274
11337.231445	-93.653580
11342.614746	-93.289368
11347.998047	-93.404739
11353.381348	-93.960938
11358.764648	-94.352135
11364.147949	-93.926880
11369.531250	-93.511307
11374.914551	-93.459656
11380.297852	-93.990570
11385.681152	-94.195778
11391.064453	-94.820816
11396.447754	-94.976364
11401.831055	-95.353920
11407.214355	-95.132401
11412.597656	-95.840981
11417.980957	-96.060684
11423.364258	-95.666298
11428.747559	-96.181999
11434.130859	-96.534836
11439.514160	-96.803780
11444.897461	-96.471245
11450.280762	-96.515785
11455.664062	-96.258835
11461.047363	-96.107086
11466.430664	-95.693893
11471.813965	-95.453423
11477.197266	-95.730827
11482.580566	-95.742844
11487.963867	-95.861641
11493.347168	-95.803459
11498.730469	-95.291435
11504.113770	-95.782875
11509.497070	-95.034660
11514.880371	-95.531723
11520.263672	-96.597572
11525.646973	-96.768471
11531.030273	-96.070450
11536.413574	-95.288689
11541.796875	-95.563133
11547.180176	-96.206078
11552.563477	-96.411812
11557.946777	-96.254501
11563.330078	-96.397285
11568.713379	-96.357841
11574.096680	-96.617310
11579.479980	-96.880966
11584.863281	-96.084694
11590.246582	-95.874214
11595.629883	-96.411644
11601.013184	-96.267113
11606.396484	-95.095627
11611.779785	-95.378929
11617.163086	-95.759239
11622.546387	-95.706070
11627.929688	-96.134247
11633.312988	-95.975380
11638.696289	-95.696953
11644.079590	-95.477859
11649.462891	-95.325012
11654.846191	-94.959862
11660.229492	-94.910965
11665.612793	-95.481689
11670.996094	-95.608932
11676.379395	-95.317535
11681.762695	-95.215691
11687.145996	-95.576126
11692.529297	-95.725037
11697.912598	-95.741852
11703.295898	-95.809837
11708.679199	-96.078285
11714.062500	-96.120674
11719.445801	-95.853577
11724.829102	-95.804710
11730.212402	-95.512886
11735.595703	-95.783447
11740.979004	-96.587601
11746.362305	-96.671104
11751.745605	-97.223755
11757.128906	-97.256653
11762.512207	-96.445274
11767.895508	-95.727760
11773.278809	-95.682159
11778.662109	-95.747742
11784.045410	-95.821999
11789.428711	-95.640739
11794.812012	-94.989120
11800.195312	-95.647621
11805.578613	-95.844124
11810.961914	-96.053314
11816.345215	-96.079788
11821.728516	-96.497421
11827.111816	-96.153748
11832.495117	-96.548004
11837.878418	-96.987328
11843.261719	-96.522087
11848.645020	-96.701698
11854.028320	-96.618881
11859.411621	-96.679855
11864.794922	-96.928337
11870.178223	-97.074120
11875.561523	-96.696365
11880.944824	-96.097878
11886.328125	-96.282227
11891.711426	-96.775162
11897.094727	-96.839844
11902.478027	-96.643364
11907.861328	-96.663445
11913.244629	-96.795242
11918.627930	-96.702103
11924.011230	-97.222626
11929.394531	-97.337395
11934.777832	-96.680527
11940.161133	-97.370102
11945.544434	-97.302681
11950.927734	-97.712601
11956.311035	-97.221611
11961.694336	-96.966217
11967.077637	-97.420479
11972.460938	-97.371780
11977.844238	-97.913391
11983.227539	-97.378784
11988.610840	-97.227119
11993.994141	-96.483986
11999.377441	-96.626984
12004.760742	-95.837410
12010.144043	-95.816902
12015.527344	-96.332832
12020.910645	-96.315643
12026.293945	-95.757973
12031.677246	-95.800140
12037.060547	-96.233002
12042.443848	-96.766846
12047.827148	-96.823372
12053.210449	-96.269028
12058.593750	-96.303413
12063.977051	-96.415520
12069.360352	-95.753944
12074.743652	-95.797890
12080.126953	-96.029526
12085.510254	-96.446678
12090.893555	-96.366890
12096.276855	-96.513519
12101.660156	-96.841423
12107.043457	-97.040001
12112.426758	-96.859947
12117.810059	-96.973618
12123.193359	-96.806000
12128.576660	-97.221336
12133.959961	-96.702713
12139.343262	-97.480751
12144.726562	-97.335976
12150.109863	-97.076141
12155.493164	-97.089668
12160.876465	-96.809486
12166.259766	-96.740295
12171.643066	-97.510307
12177.026367	-97.295387
12182.409668	-97.529480
12187.792969	-97.583771
12193.176270	-97.522972
12198.559570	-97.005074
12203.942871	-97.611809
12209.326172	-97.928902
12214.709473	-97.659866
12220.092773	-97.253494
12225.476074	-97.209114
12230.859375	-97.397667
12236.242676	-96.893730
12241.625977	-97.065277
12247.009277	-97.572136
12252.392578	-97.418518
12257.775879	-97.849968
12263.159180	-97.925285
12268.542480	-97.611809
12273.925781	-97.259773
12279.309082	-97.866913
12284.692383	-97.771393
12290.075684	-97.195061
12295.458984	-97.352852
12300.842285	-98.127678
12306.225586	-97.777473
12311.608887	-97.733513
12316.992188	-97.396729
12322.375488	-97.421585
12327.758789	-97.870934
12333.142090	-98.133751
12338.525391	-98.252808
12343.908691	-98.236946
12349.291992	-98.657692
12354.675293	-98.537216
12360.058594	-98.110497
12365.441895	-97.374908
12370.825195	-97.850365
12376.208496	-98.383881
12381.591797	-98.149902
12386.975098	-97.725853
12392.358398	-97.956551
12397.741699	-97.251549
12403.125000	-97.137711
12408.508301	-97.641724
12413.891602	-97.771523
12419.274902	-97.653015
12424.658203	-97.607246
12430.041504	-97.450562
12435.424805	-97.602844
12440.808105	-97.992775
12446.191406	-97.687279
12451.574707	-97.929825
12456.958008	-98.146614
12462.341309	-98.203110
12467.724609	-98.107086
12473.107910	-98.390305
12478.491211	-98.595543
12483.874512	-97.915077
12489.257812	-97.958939
12494.641113	-98.890991
12500.024414	-98.442589
12505.407715	-97.991867
12510.791016	-98.346024
12516.174316	-98.406715
12521.557617	-98.265343
12526.940918	-98.405083
12532.324219	-98.319901
12537.707520	-98.083252
12543.090820	-98.450134
12548.474121	-98.142883
12553.857422	-98.214195
12559.240723	-98.013870
12564.624023	-98.256264
12570.007324	-98.360794
12575.390625	-98.206612
12580.773926	-98.121964
12586.157227	-98.337402
12591.540527	-98.371490
12596.923828	-98.138283
12602.307129	-98.144310
12607.690430	-98.020340
12613.073730	-98.586502
12618.457031	-98.394470
12623.840332	-98.393990
12629.223633	-98.006851
12634.606934	-97.897240
12639.990234	-98.170654
12645.373535	-98.377289
12650.756836	-98.559273
12656.140137	-98.894646
12661.523438	-98.434601
12666.906738	-97.998611
12672.290039	-98.377304
12677.673340	-98.452400
12683.056641	-98.473480
12688.439941	-98.489052
12693.823242	-98.413017
12699.206543	-98.563522
12704.589844	-98.868355
12709.973145	-98.196915
12715.356445	-97.797836
12720.739746	-98.421562
12726.123047	-97.888802
12731.506348	-97.478012
12736.889648	-97.846275
12742.272949	-98.351852
12747.656250	-98.015884
12753.039551	-98.072777
12758.422852	-97.993034
12763.806152	-97.923347
12769.189453	-97.744080
12774.572754	-97.967316
12779.956055	-98.155350
12785.339355	-98.573601
12790.722656	-98.035164
12796.105957	-98.023880
12801.489258	-98.480721
12806.872559	-97.268967
12812.255859	-97.330544
12817.639160	-97.711884
12823.022461	-98.484344
12828.405762	-97.641121
12833.789062	-98.027702
12839.172363	-98.685692
12844.555664	-98.360191
12849.938965	-98.216087
12855.322266	-98.625984
12860.705566	-98.378036
12866.088867	-98.260155
12871.472168	-97.996971
12876.855469	-97.727814
12882.238770	-98.001358
12887.622070	-97.653328
12893.005371	-97.921669
12898.388672	-97.446167
12903.771973	-97.463669
12909.155273	-97.651314
12914.538574	-97.196625
12919.921875	-97.698181
12925.305176	-97.902901
12930.688477	-98.273247
12936.071777	-97.989037
12941.455078	-98.130066
12946.838379	-98.290443
12952.221680	-97.703857
12957.604980	-97.676285
12962.988281	-97.901451
12968.371582	-98.008812
12973.754883	-98.008347
12979.138184	-97.778946
12984.521484	-97.657730
12989.904785	-97.575966
12995.288086	-97.961327
13000.671387	-97.721176
13006.054688	-98.034210
13011.437988	-97.495178
13016.821289	-98.322205
13022.204590	-98.451172
13027.587891	-98.561302
13032.971191	-98.391411
13038.354492	-98.805382
13043.737793	-98.603256
13049.121094	-98.203270
13054.504395	-98.271568
13059.887695	-98.060577
13065.270996	-98.313774
13070.654297	-97.921165
13076.037598	-97.341599
13081.420898	-97.627632
13086.804199	-97.790848
13092.187500	-98.051979
13097.570801	-98.258965
13102.954102	-98.511795
13108.337402	-98.542107
13113.720703	-98.460747
13119.104004	-97.969009
13124.487305	-98.325134
13129.870605	-98.158600
13135.253906	-98.092796
13140.637207	-98.361916
13146.020508	-97.835876
13151.403809	-97.019867
13156.787109	-97.677704
13162.170410	-98.088966
13167.553711	-97.587837
13172.937012	-98.349991
13178.320312	-98.768906
13183.703613	-98.060966
13189.086914	-98.364052
13194.470215	-98.411827
13199.853516	-98.514519
13205.236816	-98.303635
13210.620117	-97.522972
13216.003418	-97.802864
13221.386719	-98.249275
13226.770020	-97.235443
13232.153320	-97.338753
13237.536621	-97.241547
13242.919922	-97.235863
13248.303223	-98.035278
13253.686523	-98.415611
13259.069824	-98.818581
13264.453125	-98.397972
13269.836426	-98.439812
13275.219727	-98.592171
13280.603027	-98.476395
13285.986328	-98.104500
13291.369629	-97.822792
13296.752930	-98.357780
13302.136230	-97.981911
13307.519531	-97.909645
13312.902832	-97.990051
13318.286133	-97.771385
13323.669434	-97.852928
13329.052734	-97.515244
13334.436035	-97.279388
13339.819336	-97.322678
13345.202637	-96.800705
13350.585938	-97.059235
13355.969238	-97.255104
13361.352539	-97.602715
13366.735840	-97.499245
13372.119141	-97.446228
13377.502441	-97.672165
13382.885742	-97.463654
13388.269043	-97.512123
13393.652344	-97.073029
13399.035645	-97.239151
13404.418945	-97.844978
13409.802246	-97.717819
13415.185547	-97.853935
13420.568848	-98.158264
13425.952148	-98.381615
13431.335449	-97.934975
13436.718750	-98.446266
13442.102051	-98.113785
13447.485352	-98.018944
13452.868652	-97.975067
13458.251953	-97.701401
13463.635254	-98.253410
13469.018555	-98.298012
13474.401855	-97.896461
13479.785156	-98.115448
13485.168457	-97.514023
13490.551758	-97.896393
13495.935059	-97.891998
13501.318359	-98.416489
13506.701660	-98.314087
13512.084961	-98.600456
13517.468262	-98.699074
13522.851562	-98.695427
13528.234863	-98.246399
13533.618164	-98.567093
13539.001465	-98.207970
13544.384766	-97.972084
13549.768066	-97.756935
13555.151367	-97.607407
13560.534668	-97.319794
13565.917969	-97.813301
13571.301270	-97.366379
13576.684570	-97.681313
13582.067871	-98.491875
13587.451172	-98.182098
13592.834473	-98.299454
13598.217773	-98.167793
13603.601074	-98.360970
13608.984375	-98.406281
13614.367676	-98.288116
13619.750977	-97.046921
13625.134277	-97.986420
13630.517578	-98.756958
13635.900879	-98.287476
13641.284180	-98.568962
13646.667480	-97.828072
13652.050781	-97.468170
13657.434082	-97.667191
13662.817383	-98.132561
13668.200684	-97.876442
13673.583984	-97.947266
13678.967285	-96.759781
13684.350586	-97.098839
13689.733887	-97.034309
13695.117188	-97.019577
13700.500488	-96.760132
13705.883789	-96.634834
13711.267090	-96.328674
13716.650391	-96.557610
13722.033691	-96.547539
13727.416992	-96.168808
13732.800293	-96.573349
13738.183594	-97.689346
13743.566895	-97.722145
13748.950195	-97.975166
13754.333496	-97.963837
13759.716797	-97.125481
13765.100098	-97.004623
13770.483398	-97.386353
13775.866699	-98.119606
13781.250000	-98.388145
13786.633301	-98.163551
13792.016602	-98.556923
13797.399902	-98.859535
13802.783203	-98.589073
13808.166504	-98.406303
13813.549805	-98.327621
13818.933105	-98.362343
13824.316406	-98.895187
13829.699707	-98.597694
13835.083008	-98.713379
13840.466309	-98.512077
13845.849609	-98.068672
13851.232910	-97.725304
13856.616211	-97.553856
13861.999512	-97.596405
13867.382812	-97.470032
13872.766113	-96.681465
13878.149414	-96.267227
13883.532715	-96.533684
13888.916016	-96.653305
13894.299316	-96.815048
13899.682617	-97.070419
13905.065918	-96.649498
13910.449219	-96.717743
13915.832520	-96.857590
13921.215820	-97.139366
13926.599121	-97.504089
13931.982422	-97.296852
13937.365723	-97.424469
13942.749023	-97.508041
13948.132324	-97.351669
13953.515625	-98.090370
13958.898926	-97.695770
13964.282227	-97.746796
13969.665527	-98.001846
13975.048828	-97.963943
13980.432129	-97.353630
13985.815430	-97.830139
13991.198730	-97.914124
13996.582031	-97.596375
14001.965332	-97.270576
14007.348633	-97.326805
14012.731934	-97.051376
14018.115234	-97.212387
14023.498535	-97.319199
14028.881836	-96.913437
14034.265137	-97.801003
14039.648438	-97.769478
14045.031738	-98.185776
14050.415039	-97.769234
14055.798340	-98.224388
14061.181641	-98.382484
14066.564941	-97.906685
14071.948242	-97.812637
14077.331543	-97.742294
14082.714844	-97.913979
14088.098145	-97.677612
14093.481445	-97.494759
14098.864746	-97.448128
14104.248047	-97.182068
14109.631348	-97.061073
14115.014648	-97.012932
14120.397949	-96.545944
14125.781250	-96.610878
14131.164551	-96.307014
14136.547852	-96.007919
14141.931152	-96.606758
14147.314453	-96.511276
14152.697754	-96.826286
14158.081055	-97.444275
14163.464355	-97.246765
14168.847656	-97.624405
14174.230957	-97.784630
14179.614258	-97.863380
14184.997559	-97.787430
14190.380859	-97.607582
14195.764160	-97.608543
14201.147461	-97.645226
14206.530762	-97.820061
14211.914062	-98.091805
14217.297363	-97.849663
14222.680664	-97.405777
14228.063965	-97.353607
14233.447266	-97.493103
14238.830566	-97.286751
14244.213867	-96.649132
14249.597168	-96.947227
14254.980469	-96.894424
14260.363770	-97.425156
14265.747070	-97.024315
14271.130371	-96.212868
14276.513672	-96.904961
14281.896973	-97.295891
14287.280273	-97.419731
14292.663574	-98.043747
14298.046875	-97.917908
14303.430176	-97.730354
14308.813477	-98.227127
14314.196777	-98.436935
14319.580078	-98.091606
14324.963379	-98.268166
14330.346680	-98.100403
14335.729980	-98.383003
14341.113281	-98.731552
14346.496582	-99.084167
14351.879883	-98.426476
14357.263184	-98.234680
14362.646484	-98.383522
14368.029785	-98.919724
14373.413086	-99.024712
14378.796387	-98.767754
14384.179688	-98.461411
14389.562988	-98.563766
14394.946289	-98.077126
14400.329590	-97.483017
14405.712891	-97.316368
14411.096191	-97.895607
14416.479492	-97.815979
14421.862793	-97.882256
14427.246094	-98.490921
14432.629395	-98.301865
14438.012695	-98.297989
14443.395996	-98.277336
14448.779297	-98.815331
14454.162598	-98.394905
14459.545898	-98.110237
14464.929199	-97.857735
14470.312500	-97.464691
14475.695801	-97.358383
14481.079102	-97.478905
14486.462402	-97.624283
14491.845703	-97.553925
14497.229004	-97.291138
14502.612305	-96.703941
14507.995605	-95.478783
14513.378906	-96.704559
14518.762207	-97.268478
14524.145508	-97.416847
14529.528809	-96.761536
14534.912109	-96.808685
14540.295410	-97.599655
14545.678711	-97.896660
14551.062012	-97.356949
14556.445312	-96.974365
14561.828613	-97.062378
14567.211914	-97.308365
14572.595215	-97.384468
14577.978516	-97.744637
14583.361816	-97.375565
14588.745117	-97.416527
14594.128418	-97.485924
14599.511719	-97.489883
14604.895020	-97.016685
14610.278320	-97.199760
14615.661621	-96.978722
14621.044922	-96.626190
14626.428223	-96.006065
14631.811523	-95.758476
14637.194824	-95.600334
14642.578125	-95.604309
14647.961426	-95.757309
14653.344727	-96.134148
14658.728027	-96.156464
14664.111328	-96.537674
14669.494629	-96.177567
14674.877930	-96.415657
14680.261230	-96.525108
14685.644531	-97.084450
14691.027832	-96.782928
14696.411133	-96.407272
14701.794434	-96.426445
14707.177734	-95.989586
14712.561035	-95.982170
14717.944336	-96.506363
14723.327637	-96.448814
14728.710938	-96.168037
14734.094238	-96.685684
14739.477539	-96.721687
14744.860840	-96.761368
14750.244141	-97.081184
14755.627441	-97.593452
14761.010742	-97.591202
14766.394043	-97.737183
14771.777344	-97.869972
14777.160645	-97.968140
14782.543945	-98.006592
14787.927246	-98.094757
14793.310547	-97.377861
14798.693848	-97.165703
14804.077148	-97.053650
14809.460449	-97.159882
14814.843750	-96.764076
14820.227051	-97.068810
14825.610352	-96.954483
14830.993652	-96.350220
14836.376953	-96.475975
14841.760254	-95.914978
14847.143555	-95.899902
14852.526855	-95.867172
14857.910156	-95.023071
14863.293457	-95.903297
14868.676758	-95.959969
14874.060059	-96.182236
14879.443359	-96.072334
14884.826660	-96.740669
14890.209961	-96.413269
14895.593262	-96.385612
14900.976562	-96.733276
14906.359863	-97.076012
14911.743164	-97.410233
14917.126465	-97.621254
14922.509766	-97.219727
14927.893066	-97.079346
14933.276367	-97.572350
14938.659668	-97.500488
14944.042969	-97.091873
14949.426270	-97.065117
14954.809570	-97.161446
14960.192871	-97.299706
14965.576172	-96.832329
14970.959473	-96.690651
14976.342773	-96.516830
14981.726074	-97.210197
14987.109375	-96.701904
14992.492676	-96.914574
14997.875977	-96.889351
15003.259277	-96.784180
15008.642578	-96.780449
15014.025879	-97.053253
15019.409180	-98.111618
15024.792480	-97.747086
15030.175781	-97.726837
15035.559082	-98.181786
15040.942383	-98.116928
15046.325684	-98.303574
15051.708984	-98.927910
15057.092285	-98.803291
15062.475586	-98.310295
15067.858887	-98.787148
15073.242188	-99.184807
15078.625488	-99.118050
15084.008789	-98.304626
15089.392090	-98.478050
15094.775391	-98.770424
15100.158691	-98.827522
15105.541992	-97.955948
15110.925293	-97.978203
15116.308594	-97.817131
15121.691895	-97.123482
15127.075195	-96.923256
15132.458496	-96.525749
15137.841797	-97.127266
15143.225098	-97.129189
15148.608398	-97.294876
15153.991699	-98.033440
15159.375000	-98.343391
15164.758301	-98.500771
15170.141602	-98.333221
15175.524902	-98.286926
15180.908203	-98.426788
15186.291504	-98.160652
15191.674805	-98.155212
15197.058105	-98.234001
15202.441406	-97.289894
15207.824707	-96.999878
15213.208008	-96.640259
15218.591309	-96.829689
15223.974609	-96.212212
15229.357910	-96.214348
15234.741211	-96.141335
15240.124512	-96.528320
15245.507812	-95.678581
15250.891113	-95.736130
15256.274414	-95.747490
15261.657715	-95.855156
15267.041016	-96.521103
15272.424316	-96.496071
15277.807617	-97.076424
15283.190918	-96.544220
15288.574219	-96.672058
15293.957520	-97.335289
15299.340820	-98.091560
15304.724121	-98.429504
15310.107422	-98.306526
15315.490723	-97.994377
15320.874023	-97.740959
15326.257324	-98.449493
15331.640625	-98.741425
15337.023926	-98.960335
15342.407227	-98.644394
15347.790527	-98.518425
15353.173828	-98.319099
15358.557129	-97.940407
15363.940430	-98.418854
15369.323730	-97.703247
15374.707031	-98.016380
15380.090332	-97.744240
15385.473633	-97.229866
15390.856934	-97.776070
15396.240234	-98.012459
15401.623535	-97.962212
15407.006836	-98.189995
15412.390137	-98.087227
15417.773438	-98.205482
15423.156738	-98.232933
15428.540039	-98.435944
15433.923340	-98.256012
15439.306641	-98.096283
15444.689941	-97.817039
15450.073242	-97.467102
15455.456543	-97.620659
15460.839844	-98.367599
15466.223145	-98.122055
15471.606445	-98.531723
15476.989746	-98.348213
15482.373047	-98.509224
15487.756348	-98.217659
15493.139648	-97.717461
15498.522949	-97.793381
15503.906250	-98.124527
15509.289551	-97.860687
15514.672852	-97.894943
15520.056152	-98.417450
15525.439453	-98.154617
15530.822754	-97.701027
15536.206055	-98.037132
15541.589355	-98.651672
15546.972656	-98.308060
15552.355957	-98.260872
15557.739258	-98.208031
15563.122559	-98.391273
15568.505859	-98.059486
15573.889160	-98.132812
15579.272461	-98.538513
15584.655762	-98.506165
15590.039062	-97.814919
15595.422363	-98.084427
15600.805664	-98.483932
15606.188965	-98.055847
15611.572266	-97.908813
15616.955566	-98.206924
15622.338867	-98.050720
15627.722168	-97.712837
15633.105469	-97.953575
15638.488770	-97.753494
15643.872070	-97.341896
15649.255371	-97.129013
15654.638672	-96.686714
15660.021973	-97.238525
15665.405273	-97.379181
15670.788574	-97.768669
15676.171875	-97.229980
15681.555176	-97.123573
15686.938477	-97.323204
15692.321777	-97.047455
15697.705078	-97.276207
15703.088379	-97.713852
15708.471680	-97.872543
15713.854980	-98.003403
15719.238281	-97.584656
15724.621582	-97.719414
15730.004883	-97.630592
15735.388184	-97.561043
15740.771484	-97.702271
15746.154785	-97.521439
15751.538086	-97.961700
15756.921387	-97.590866
15762.304688	-97.919167
15767.687988	-98.314461
15773.071289	-98.545586
15778.454590	-97.846405
15783.837891	-97.956024
15789.221191	-98.198166
15794.604492	-97.705597
15799.987793	-97.140953
15805.371094	-97.662582
15810.754395	-98.193100
15816.137695	-97.831398
15821.520996	-97.873161
15826.904297	-97.860565
15832.287598	-97.599129
15837.670898	-97.445778
15843.054199	-97.161415
15848.437500	-96.481369
15853.820801	-96.545349
15859.204102	-96.595840
15864.587402	-97.053459
15869.970703	-97.057487
15875.354004	-97.659088
15880.737305	-97.464249
15886.120605	-97.630074
15891.503906	-97.913597
15896.887207	-97.342789
15902.270508	-96.886444
15907.653809	-97.161423
15913.037109	-96.577538
15918.420410	-96.576309
15923.803711	-96.509659
15929.187012	-96.722130
15934.570312	-97.212090
15939.953613	-97.035042
15945.336914	-97.077400
15950.720215	-96.970184
15956.103516	-96.961945
15961.486816	-96.441864
15966.870117	-96.750458
15972.253418	-96.823959
15977.636719	-97.189514
15983.020020	-97.364891
15988.403320	-97.682404
15993.786621	-97.313622
15999.169922	-96.854507
16004.553223	-97.283409
16009.936523	-97.452934
16015.319824	-97.350861
16020.703125	-97.114449
16026.086426	-96.972610
16031.469727	-97.405914
16036.853027	-96.531586
16042.236328	-96.765953
16047.619629	-96.711960
16053.002930	-96.195503
16058.386230	-96.004059
16063.769531	-95.943878
16069.152832	-96.288979
16074.536133	-96.537720
16079.919434	-97.112610
16085.302734	-96.620323
16090.686035	-97.182892
16096.069336	-97.421822
16101.452637	-97.492226
16106.835938	-97.475403
16112.219238	-97.943268
16117.602539	-98.042908
16122.985840	-97.983810
16128.369141	-97.784279
16133.752441	-98.101852
16139.135742	-98.677643
16144.519043	-98.518631
16149.902344	-97.842712
16155.285645	-98.223808
16160.668945	-98.451981
16166.052246	-98.836609
16171.435547	-99.122047
16176.818848	-98.526085
16182.202148	-98.308662
16187.585449	-98.479149
16192.968750	-98.474335
16198.352051	-98.204468
16203.735352	-98.567650
16209.118652	-98.364738
16214.501953	-98.441292
16219.885254	-98.457138
16225.268555	-98.259056
16230.651855	-98.186188
16236.035156	-98.532753
16241.418457	-98.791862
16246.801758	-98.493279
16252.185059	-98.742233
16257.568359	-98.930450
16262.951660	-97.867874
16268.334961	-97.843643
16273.718262	-97.727188
16279.101562	-97.790588
16284.484863	-98.389687
16289.868164	-97.841240
16295.251465	-97.458221
16300.634766	-97.341721
16306.018066	-96.992004
16311.401367	-96.865509
16316.784668	-97.017723
16322.167969	-96.744820
16327.551270	-96.563774
16332.934570	-96.937973
16338.317871	-97.019501
16343.701172	-97.448364
16349.084473	-97.388580
16354.467773	-97.330856
16359.851074	-97.935898
16365.234375	-97.638344
16370.617676	-97.562294
16376.000977	-97.255821
16381.384277	-97.670105
16386.767578	-98.590698
16392.150879	-98.351868
16397.534180	-97.884102
16402.917480	-97.927284
16408.300781	-97.860504
16413.684082	-97.194511
16419.067383	-97.920319
16424.450684	-97.354744
16429.833984	-96.733147
16435.217285	-96.753502
16440.600586	-97.113495
16445.983887	-97.231483
16451.367188	-97.466064
16456.750488	-97.611481
16462.133789	-97.223175
16467.517090	-97.728004
16472.900391	-97.987999
16478.283691	-97.655487
16483.666992	-98.262505
16489.050293	-99.127563
16494.433594	-98.194748
16499.816895	-98.257469
16505.200195	-99.076202
16510.583496	-99.039772
16515.966797	-99.235802
16521.350098	-99.065216
16526.733398	-98.480927
16532.116699	-98.305901
16537.500000	-98.585823
16542.883301	-99.011147
16548.266602	-98.581245
16553.649902	-98.106812
16559.033203	-97.788261
16564.416504	-97.954613
16569.799805	-97.925018
16575.183105	-98.176872
16580.566406	-97.701248
16585.949707	-97.491020
16591.333008	-98.052643
16596.716309	-98.135323
16602.099609	-98.139153
16607.482910	-98.178017
16612.866211	-98.009941
16618.249512	-98.119011
16623.632812	-98.172401
16629.016113	-98.806145
16634.399414	-98.465256
16639.782715	-97.888634
16645.166016	-98.099266
16650.549316	-97.898125
16655.932617	-97.953590
16661.315918	-98.058090
16666.699219	-98.249214
16672.082520	-98.042938
16677.465820	-98.199318
16682.849121	-97.877052
16688.232422	-97.611855
16693.615723	-98.476700
16698.999023	-98.550148
16704.382324	-97.989555
16709.765625	-97.861496
16715.148926	-98.573898
16720.532227	-98.912079
16725.915527	-98.506371
16731.298828	-98.362381
16736.682129	-98.126923
16742.065430	-98.522537
16747.448730	-98.750557
16752.832031	-98.339928
16758.215332	-98.037430
16763.598633	-97.976799
16768.981934	-97.338242
16774.365234	-97.518982
16779.748535	-97.931725
16785.131836	-97.841965
16790.515137	-98.368355
16795.898438	-98.006210
16801.281738	-97.976814
16806.665039	-97.868805
16812.048340	-98.371475
16817.431641	-99.012970
16822.814941	-98.616867
16828.198242	-98.741821
16833.581543	-98.553925
16838.964844	-98.450401
16844.348145	-98.291618
16849.731445	-98.616623
16855.114746	-98.955482
16860.498047	-99.172951
16865.881348	-99.103302
16871.264648	-98.690567
16876.647949	-98.261871
16882.031250	-98.591469
16887.414551	-98.368065
16892.797852	-98.492363
16898.181152	-98.873863
16903.564453	-98.536858
16908.947754	-98.197601
16914.331055	-98.490349
16919.714355	-98.968338
16925.097656	-99.078850
16930.480957	-99.200378
16935.864258	-99.009674
16941.247559	-98.468895
16946.630859	-98.958687
16952.014160	-99.594223
16957.397461	-99.338646
16962.780762	-98.986122
16968.164062	-98.725067
16973.547363	-98.598610
16978.930664	-98.409401
16984.313965	-98.861107
16989.697266	-98.985489
16995.080566	-98.605598
17000.463867	-98.587814
17005.847168	-98.817276
17011.230469	-98.622391
17016.613770	-98.599487
17021.997070	-98.178886
17027.380371	-98.418396
17032.763672	-98.858429
17038.146973	-98.585648
17043.530273	-98.063637
17048.913574	-98.139313
17054.296875	-98.856850
17059.680176	-98.867882
17065.063477	-99.129036
17070.446777	-98.611336
17075.830078	-98.396271
17081.213379	-98.350494
17086.596680	-98.281631
17091.979980	-97.851036
17097.363281	-97.873238
17102.746582	-98.189484
17108.129883	-97.706062
17113.513184	-97.742699
17118.896484	-98.120956
17124.279785	-98.055801
17129.663086	-97.615311
17135.046387	-98.217339
17140.429688	-98.487404
17145.812988	-98.759171
17151.196289	-98.469810
17156.579590	-98.327095
17161.962891	-97.740051
17167.346191	-97.738564
17172.729492	-97.839241
17178.112793	-97.419609
17183.496094	-97.434319
17188.879395	-97.901291
17194.262695	-98.228683
17199.645996	-98.107765
17205.029297	-98.284248
17210.412598	-97.829079
17215.795898	-98.325836
17221.179199	-98.214676
17226.562500	-98.220833
17231.945801	-97.959564
17237.329102	-98.482941
17242.712402	-98.666550
17248.095703	-98.302994
17253.479004	-98.546387
17258.862305	-98.175308
17264.245605	-98.585968
17269.628906	-98.500313
17275.012207	-98.454338
17280.395508	-98.813744
17285.778809	-98.729034
17291.162109	-98.614815
17296.545410	-99.159050
17301.928711	-99.424713
17307.312012	-99.056175
17312.695312	-99.206108
17318.078613	-99.129738
17323.461914	-99.028778
17328.845215	-98.941666
17334.228516	-98.662453
17339.611816	-98.803940
17344.995117	-99.199844
17350.378418	-99.256859
17355.761719	-98.876305
17361.145020	-98.933823
17366.528320	-99.319771
17371.911621	-99.393211
17377.294922	-99.356842
17382.678223	-99.423714
17388.061523	-99.436279
17393.444824	-99.415695
17398.828125	-98.806503
17404.211426	-98.403145
17409.594727	-98.038681
17414.978027	-98.792374
17420.361328	-98.470589
17425.744629	-98.104561
17431.127930	-98.185654
17436.511230	-98.681091
17441.894531	-98.994957
17447.277832	-98.688004
17452.661133	-98.837715
17458.044434	-98.379059
17463.427734	-98.449219
17468.811035	-99.089684
17474.194336	-98.479408
17479.577637	-98.725410
17484.960938	-98.702400
17490.344238	-98.708107
17495.727539	-98.761887
17501.110840	-98.490761
17506.494141	-98.932053
17511.877441	-99.165703
17517.260742	-98.827042
17522.644043	-98.400925
17528.027344	-98.321007
17533.410645	-98.437843
17538.793945	-98.309868
17544.177246	-98.505501
17549.560547	-98.812454
17554.943848	-99.082809
17560.327148	-99.274773
17565.710449	-99.140182
17571.093750	-99.099396
17576.477051	-98.998848
17581.860352	-98.984512
17587.243652	-98.936699
17592.626953	-98.848518
17598.010254	-99.142265
17603.393555	-99.079811
17608.776855	-99.268242
17614.160156	-99.419815
17619.543457	-99.700150
17624.926758	-99.309914
17630.310059	-99.493805
17635.693359	-99.061745
17641.076660	-99.279182
17646.459961	-99.224815
17651.843262	-99.014175
17657.226562	-98.725517
17662.609863	-98.654922
17667.993164	-99.304207
17673.376465	-99.704880
17678.759766	-99.272064
17684.143066	-99.114677
17689.526367	-98.925545
17694.909668	-99.182060
17700.292969	-99.445099
17705.676270	-99.535866
17711.059570	-99.312576
17716.442871	-98.762115
17721.826172	-98.541824
17727.209473	-99.384155
17732.592773	-99.556732
17737.976074	-99.517609
17743.359375	-99.262276
17748.742676	-99.182533
17754.125977	-99.355087
17759.509277	-99.360771
17764.892578	-99.205978
17770.275879	-98.964706
17775.659180	-99.033844
17781.042480	-99.257019
17786.425781	-98.561852
17791.809082	-99.093895
17797.192383	-99.243828
17802.575684	-99.162849
17807.958984	-99.187691
17813.342285	-98.811363
17818.725586	-98.801521
17824.108887	-99.137215
17829.492188	-99.016296
17834.875488	-99.265854
17840.258789	-98.931320
17845.642090	-99.142136
17851.025391	-98.936668
17856.408691	-98.855255
17861.791992	-99.085060
17867.175293	-99.278946
17872.558594	-98.854332
17877.941895	-98.380539
17883.325195	-98.553070
17888.708496	-98.739601
17894.091797	-98.364693
17899.475098	-98.822418
17904.858398	-99.010094
17910.241699	-98.880249
17915.625000	-98.856087
17921.008301	-98.917740
17926.391602	-98.601631
17931.774902	-98.771423
17937.158203	-99.001869
17942.541504	-99.157570
17947.924805	-98.843483
17953.308105	-98.803635
17958.691406	-98.208382
17964.074707	-98.550339
17969.458008	-98.826279
17974.841309	-98.628441
17980.224609	-98.628159
17985.607910	-98.682129
17990.991211	-98.961220
17996.374512	-98.693748
18001.757812	-98.135826
18007.141113	-98.031349
18012.524414	-97.999260
18017.907715	-98.423691
18023.291016	-98.261871
18028.674316	-97.985100
18034.057617	-98.015350
18039.440918	-98.225746
18044.824219	-98.478821
18050.207520	-98.343513
18055.590820	-98.863144
18060.974121	-98.802948
18066.357422	-98.057930
18071.740723	-98.083748
18077.124023	-98.480705
18082.507324	-98.770462
18087.890625	-98.459496
18093.273926	-98.609550
18098.657227	-98.669205
18104.040527	-98.503349
18109.423828	-98.065742
18114.807129	-98.223602
18120.190430	-98.360146
18125.573730	-98.535599
18130.957031	-98.149063
18136.340332	-98.095764
18141.723633	-98.555771
18147.106934	-98.435684
18152.490234	-98.493790
18157.873535	-98.349419
18163.256836	-98.066879
18168.640137	-98.040268
18174.023438	-98.840446
18179.406738	-99.030289
18184.790039	-99.079796
18190.173340	-98.766029
18195.556641	-98.619827
18200.939941	-98.476715
18206.323242	-98.819588
18211.706543	-98.676422
18217.089844	-98.220383
18222.473145	-97.488525
18227.856445	-97.651382
18233.239746	-97.840279
18238.623047	-97.912666
18244.006348	-97.543938
18249.389648	-97.848854
18254.772949	-98.194740
18260.156250	-98.010277
18265.539551	-97.539497
18270.922852	-97.486847
18276.306152	-97.724953
18281.689453	-98.065536
18287.072754	-98.583069
18292.456055	-98.371132
18297.839355	-98.083527
18303.222656	-98.234978
18308.605957	-98.449974
18313.989258	-98.197502
18319.372559	-97.976357
18324.755859	-98.193108
18330.139160	-97.948212
18335.522461	-97.180893
18340.905762	-97.685364
18346.289062	-98.108109
18351.672363	-97.751923
18357.055664	-97.829163
18362.438965	-97.506432
18367.822266	-97.855347
18373.205566	-98.102608
18378.588867	-98.124886
18383.972168	-97.885437
18389.355469	-98.377213
18394.738770	-98.310379
18400.122070	-97.999771
18405.505371	-97.841652
18410.888672	-97.914803
18416.271973	-97.746773
18421.655273	-97.874878
18427.038574	-97.699310
18432.421875	-97.164452
18437.805176	-97.553673
18443.188477	-97.835335
18448.571777	-97.392464
18453.955078	-97.070305
18459.338379	-97.283890
18464.721680	-97.570480
18470.104980	-97.411972
18475.488281	-97.596336
18480.871582	-97.969032
18486.254883	-97.531212
18491.638184	-97.226906
18497.021484	-98.011925
18502.404785	-97.418167
18507.788086	-97.517860
18513.171387	-97.617210
18518.554688	-97.800415
18523.937988	-97.896584
18529.321289	-97.773911
18534.704590	-97.520950
18540.087891	-97.648674
18545.471191	-97.624763
18550.854492	-97.953896
18556.237793	-98.113106
18561.621094	-98.735443
18567.004395	-98.435600
18572.387695	-98.033813
18577.770996	-98.025208
18583.154297	-98.714211
18588.537598	-98.290192
18593.920898	-98.155121
18599.304199	-98.247215
18604.687500	-98.153694
18610.070801	-97.758972
18615.454102	-97.431770
18620.837402	-97.855698
18626.220703	-98.225983
18631.604004	-97.977348
18636.987305	-98.172386
18642.370605	-98.129906
18647.753906	-97.623611
18653.137207	-97.289322
18658.520508	-97.227844
18663.903809	-97.722443
18669.287109	-97.934723
18674.670410	-98.620415
18680.053711	-98.549431
18685.437012	-98.321442
18690.820312	-97.834297
18696.203613	-98.028275
18701.586914	-98.176994
18706.970215	-98.400833
18712.353516	-97.836426
18717.736816	-97.928741
18723.120117	-97.656197
18728.503418	-97.998100
18733.886719	-97.635750
18739.270020	-98.002113
18744.653320	-97.639931
18750.036621	-97.785355
18755.419922	-97.588974
18760.803223	-97.446442
18766.186523	-98.268906
18771.569824	-97.666481
18776.953125	-97.355652
18782.336426	-97.785828
18787.719727	-97.728996
18793.103027	-97.648071
18798.486328	-97.444237
18803.869629	-97.983047
18809.252930	-97.850868
18814.636230	-97.562981
18820.019531	-97.460297
18825.402832	-97.390984
18830.786133	-97.561691
18836.169434	-97.480827
18841.552734	-97.690109
18846.936035	-97.800125
18852.319336	-97.975800
18857.702637	-98.229752
18863.085938	-98.296577
18868.469238	-97.887901
18873.852539	-97.610909
18879.235840	-97.301147
18884.619141	-97.803467
18890.002441	-97.884964
18895.385742	-98.404480
18900.769043	-98.093300
18906.152344	-97.868355
18911.535645	-97.918251
18916.918945	-98.046234
18922.302246	-97.967896
18927.685547	-98.317085
18933.068848	-98.357338
18938.452148	-97.784721
18943.835449	-97.550560
18949.218750	-98.035255
18954.602051	-97.913330
18959.985352	-98.167969
18965.368652	-98.352356
18970.751953	-98.220848
18976.135254	-97.899452
18981.518555	-97.887718
18986.901855	-97.610558
18992.285156	-97.750801
18997.668457	-97.807465
19003.051758	-97.565651
19008.435059	-97.976334
19013.818359	-97.845230
19019.201660	-98.068916
19024.584961	-98.336174
19029.968262	-98.222580
19035.351562	-98.160851
19040.734863	-98.358360
19046.118164	-98.597305
19051.501465	-98.758759
19056.884766	-98.620613
19062.268066	-98.098190
19067.651367	-97.477669
19073.034668	-97.377953
19078.417969	-96.754578
19083.801270	-97.130547
19089.184570	-97.277328
19094.567871	-97.317024
19099.951172	-98.054871
19105.334473	-97.814804
19110.717773	-97.967377
19116.101074	-97.383530
19121.484375	-97.801376
19126.867676	-98.360161
19132.250977	-98.175507
19137.634277	-97.782478
19143.017578	-97.902679
19148.400879	-98.411324
19153.784180	-98.543777
19159.167480	-98.606941
19164.550781	-98.385544
19169.934082	-98.193306
19175.317383	-98.073189
19180.700684	-98.231110
19186.083984	-98.169823
19191.467285	-98.000633
19196.850586	-97.928452
19202.233887	-98.281021
19207.617188	-98.269104
19213.000488	-97.984261
19218.383789	-98.172005
19223.767090	-98.626556
19229.150391	-98.292648
19234.533691	-98.625725
19239.916992	-98.574318
19245.300293	-98.191933
19250.683594	-98.525299
19256.066895	-98.562286
19261.450195	-98.226044
19266.833496	-97.825401
19272.216797	-98.490341
19277.600098	-98.114281
19282.983398	-97.847221
19288.366699	-97.981834
19293.750000	-98.332413
19299.133301	-97.647690
19304.516602	-98.318336
19309.899902	-98.423866
19315.283203	-98.906906
19320.666504	-98.649414
19326.049805	-98.789162
19331.433105	-97.986778
19336.816406	-97.874245
19342.199707	-98.125465
19347.583008	-98.275459
19352.966309	-97.960915
19358.349609	-97.782089
19363.732910	-98.254883
19369.116211	-98.443085
19374.499512	-98.641624
19379.882812	-97.374001
19385.266113	-97.674156
19390.649414	-98.412163
19396.032715	-98.419823
19401.416016	-97.827797
19406.799316	-97.719360
19412.182617	-98.033745
19417.565918	-98.392517
19422.949219	-98.566765
19428.332520	-97.900391
19433.715820	-97.967659
19439.099121	-97.863403
19444.482422	-97.784683
19449.865723	-97.820267
19455.249023	-97.989098
19460.632324	-97.615517
19466.015625	-97.693970
19471.398926	-97.482750
19476.782227	-97.748459
19482.165527	-97.908028
19487.548828	-98.122978
19492.932129	-97.920486
19498.315430	-98.246735
19503.698730	-97.650429
19509.082031	-97.938225
19514.465332	-98.085136
19519.848633	-98.390465
19525.231934	-98.984360
19530.615234	-99.113747
19535.998535	-98.925888
19541.381836	-98.246353
19546.765137	-98.405037
19552.148438	-98.980141
19557.531738	-98.571220
19562.915039	-98.999275
19568.298340	-98.693314
19573.681641	-99.180458
19579.064941	-98.662453
19584.448242	-98.443504
19589.831543	-99.085709
19595.214844	-99.488594
19600.598145	-99.416817
19605.981445	-98.515511
19611.364746	-98.853958
19616.748047	-98.498749
19622.131348	-98.866737
19627.514648	-98.888290
19632.897949	-98.893585
19638.281250	-98.557457
19643.664551	-98.106590
19649.047852	-98.835052
19654.431152	-99.078629
19659.814453	-98.354088
19665.197754	-98.609535
19670.581055	-98.631317
19675.964355	-99.210548
19681.347656	-99.051201
19686.730957	-98.781967
19692.114258	-98.783379
19697.497559	-98.499435
19702.880859	-99.006630
19708.264160	-99.137611
19713.647461	-98.641495
19719.030762	-98.133232
19724.414062	-98.642036
19729.797363	-98.791840
19735.180664	-98.387611
19740.563965	-98.784088
19745.947266	-98.650269
19751.330566	-98.663620
19756.713867	-98.346657
19762.097168	-98.229584
19767.480469	-98.533424
19772.863770	-98.872131
19778.247070	-98.902229
19783.630371	-98.963058
19789.013672	-98.594276
19794.396973	-98.635399
19799.780273	-99.381813
19805.163574	-98.919983
19810.546875	-99.016495
19815.930176	-99.041496
19821.313477	-98.743858
19826.696777	-98.196587
19832.080078	-98.563553
19837.463379	-98.576065
19842.846680	-98.969917
19848.229980	-98.955513
19853.613281	-99.622429
19858.996582	-99.120705
19864.379883	-99.130539
19869.763184	-98.437912
19875.146484	-98.300163
19880.529785	-98.826492
19885.913086	-98.664368
19891.296387	-98.869659
19896.679688	-98.463921
19902.062988	-98.914856
19907.446289	-98.708237
19912.829590	-98.642303
19918.212891	-98.155815
19923.596191	-98.608353
19928.979492	-99.026291
19934.362793	-98.551735
19939.746094	-98.599792
19945.129395	-98.766022
19950.512695	-98.989326
19955.895996	-98.612633
19961.279297	-98.132172
19966.662598	-98.649162
19972.045898	-98.596573
19977.429199	-99.207542
19982.812500	-99.001572
19988.195801	-98.388504
19993.579102	-98.848541
19998.962402	-99.049309
20004.345703	-98.955215
20009.729004	-98.582657
20015.112305	-98.638237
20020.495605	-99.125954
20025.878906	-98.713539
20031.262207	-98.890915
20036.645508	-98.762093
20042.028809	-99.083061
20047.412109	-99.300331
20052.795410	-98.878723
20058.178711	-98.541145
20063.562012	-98.759911
20068.945312	-99.038536
20074.328613	-99.182976
20079.711914	-99.074265
20085.095215	-98.456718
20090.478516	-98.520233
20095.861816	-98.930214
20101.245117	-98.833916
20106.628418	-98.575745
20112.011719	-99.053490
20117.395020	-99.175797
20122.778320	-98.420067
20128.161621	-98.466690
20133.544922	-98.517700
20138.928223	-98.831932
20144.311523	-99.764587
20149.694824	-99.340607
20155.078125	-98.695435
20160.461426	-98.583496
20165.844727	-99.424812
20171.228027	-99.541405
20176.611328	-99.148979
20181.994629	-98.854713
20187.377930	-98.607170
20192.761230	-98.871002
20198.144531	-98.704353
20203.527832	-98.704613
20208.911133	-98.939857
20214.294434	-98.966057
20219.677734	-99.040802
20225.061035	-99.300461
20230.444336	-99.324966
20235.827637	-99.213463
20241.210938	-99.067856
20246.594238	-99.302910
20251.977539	-99.161087
20257.360840	-99.245186
20262.744141	-98.957649
20268.127441	-99.408386
20273.510742	-99.441765
20278.894043	-99.198135
20284.277344	-99.195961
20289.660645	-98.917511
20295.043945	-99.567039
20300.427246	-99.383492
20305.810547	-100.015884
20311.193848	-100.266403
20316.577148	-99.640930
20321.960449	-99.083488
20327.343750	-99.262123
20332.727051	-99.376167
20338.110352	-99.817383
20343.493652	-99.450592
20348.876953	-99.384521
20354.260254	-99.311897
20359.643555	-99.434090
20365.026855	-99.545990
20370.410156	-99.879738
20375.793457	-99.418785
20381.176758	-100.028107
20386.560059	-99.675537
20391.943359	-100.145569
20397.326660	-100.017876
20402.709961	-99.821274
20408.093262	-100.078758
20413.476562	-100.261116
20418.859863	-100.537292
20424.243164	-100.108185
20429.626465	-100.259163
20435.009766	-100.437439
20440.393066	-100.271576
20445.776367	-100.437515
20451.159668	-100.340446
20456.542969	-100.508171
20461.926270	-100.618469
20467.309570	-100.739960
20472.692871	-101.189949
20478.076172	-101.131149
20483.459473	-101.142281
20488.842773	-101.539749
20494.226074	-101.275742
20499.609375	-101.322006
20504.992676	-101.140907
20510.375977	-100.958069
20515.759277	-101.064400
20521.142578	-101.034973
20526.525879	-101.480385
20531.909180	-101.479721
20537.292480	-101.438515
20542.675781	-101.406754
20548.059082	-101.343430
20553.442383	-102.319931
20558.825684	-102.257286
20564.208984	-101.803833
20569.592285	-101.971375
20574.975586	-102.285233
20580.358887	-102.076454
20585.742188	-102.276611
20591.125488	-103.105194
20596.508789	-102.246063
20601.892090	-102.258888
20607.275391	-102.343651
20612.658691	-102.189758
20618.041992	-102.619370
20623.425293	-103.016518
20628.808594	-103.364960
20634.191895	-103.065811
20639.575195	-103.711655
20644.958496	-103.242943
20650.341797	-103.650627
20655.725098	-103.535263
20661.108398	-102.985718
20666.491699	-103.436745
20671.875000	-104.051674
20677.258301	-103.837418
20682.641602	-104.202415
20688.024902	-104.003517
20693.408203	-103.932953
20698.791504	-104.142494
20704.174805	-104.217094
20709.558105	-104.474426
20714.941406	-105.185669
20720.324707	-105.044182
20725.708008	-104.821022
20731.091309	-105.062469
20736.474609	-104.964851
20741.857910	-105.252701
20747.241211	-105.097000
20752.624512	-105.542366
20758.007812	-105.786201
20763.391113	-105.734428
20768.774414	-105.775620
20774.157715	-105.565285
20779.541016	-105.425468
20784.924316	-105.984863
20790.307617	-106.272858
20795.690918	-106.626480
20801.074219	-106.723488
20806.457520	-106.707970
20811.840820	-107.248970
20817.224121	-107.383377
20822.607422	-107.685577
20827.990723	-107.437241
20833.374023	-107.151489
20838.757324	-107.378365
20844.140625	-107.804939
20849.523926	-107.953415
20854.907227	-108.294998
20860.290527	-108.559166
20865.673828	-108.602051
20871.057129	-109.265503
20876.440430	-109.242081
20881.823730	-109.197975
20887.207031	-108.726440
20892.590332	-109.353943
20897.973633	-109.911110
20903.356934	-109.829842
20908.740234	-109.387299
20914.123535	-109.886795
20919.506836	-110.567490
20924.890137	-110.574051
20930.273438	-110.638512
20935.656738	-110.850090
20941.040039	-111.017639
20946.423340	-111.254135
20951.806641	-111.263420
20957.189941	-111.327637
20962.573242	-111.614571
20967.956543	-112.164391
20973.339844	-112.244026
20978.723145	-112.326874
20984.106445	-112.511375
20989.489746	-112.617195
20994.873047	-112.804161
21000.256348	-112.966599
21005.639648	-113.159401
21011.022949	-113.339066
21016.406250	-113.976051
21021.789551	-114.441132
21027.172852	-114.275574
21032.556152	-114.858185
21037.939453	-115.138268
21043.322754	-115.477974
21048.706055	-115.267960
21054.089355	-114.713364
21059.472656	-115.428955
21064.855957	-116.284698
21070.239258	-116.779869
21075.622559	-116.154778
21081.005859	-116.401413
21086.389160	-116.626610
21091.772461	-117.631912
21097.155762	-117.537071
21102.539062	-118.137314
21107.922363	-118.460419
21113.305664	-118.779434
21118.688965	-118.356171
21124.072266	-118.405167
21129.455566	-119.302414
21134.838867	-118.192383
21140.222168	-119.850914
21145.605469	-120.350517
21150.988770	-120.037964
21156.372070	-118.048988
21161.755371	-108.560516
21167.138672	-111.232079
21172.521973	-120.571861
21177.905273	-121.317986
21183.288574	-121.882576
21188.671875	-122.213890
21194.055176	-121.762978
21199.438477	-122.867638
21204.821777	-122.620613
21210.205078	-122.851967
21215.588379	-123.515976
21220.971680	-123.251045
21226.354980	-123.689056
21231.738281	-123.717499
21237.121582	-123.871071
21242.504883	-124.545616
21247.888184	-124.437729
21253.271484	-124.625526
21258.654785	-124.968262
21264.038086	-125.003166
21269.421387	-125.358170
21274.804688	-125.302887
21280.187988	-125.519081
21285.571289	-125.760399
21290.954590	-125.610260
21296.337891	-126.134865
21301.721191	-126.109634
21307.104492	-125.998672
21312.487793	-126.441895
21317.871094	-126.243706
21323.254395	-126.662407
21328.637695	-126.277611
21334.020996	-126.804398
21339.404297	-126.575844
21344.787598	-126.797577
21350.170898	-126.793312
21355.554199	-126.954147
21360.937500	-126.846558
21366.320801	-127.127159
21371.704102	-127.024673
21377.087402	-127.042358
21382.470703	-127.027855
21387.854004	-127.174156
21393.237305	-127.214966
21398.620605	-127.082695
21404.003906	-127.371262
21409.387207	-127.109062
21414.770508	-127.331024
21420.153809	-127.239998
21425.537109	-127.413963
21430.920410	-127.283699
21436.303711	-127.323120
21441.687012	-127.334877
21447.070312	-127.414261
21452.453613	-127.299988
21457.836914	-127.437447
21463.220215	-127.351318
21468.603516	-127.374710
21473.986816	-127.419449
21479.370117	-127.402618
21484.753418	-127.357452
21490.136719	-127.431786
21495.520020	-127.415459
21500.903320	-127.412376
21506.286621	-127.421120
21511.669922	-127.388237
21517.053223	-127.431244
21522.436523	-127.423439
21527.819824	-127.433113
21533.203125	-127.426353
21538.586426	-127.428238
21543.969727	-127.425140
21549.353027	-127.412041
21554.736328	-127.457634
21560.119629	-127.414566
21565.502930	-127.438538
21570.886230	-127.419273
21576.269531	-127.443054
21581.652832	-127.431084
21587.036133	-127.422714
21592.419434	-127.449532
21597.802734	-127.430252
21603.186035	-127.436928
21608.569336	-127.430115
21613.952637	-127.439293
21619.335938	-127.431435
21624.719238	-127.439064
21630.102539	-127.438553
21635.485840	-127.432541
21640.869141	-127.438866
21646.252441	-127.433380
21651.635742	-127.439232
21657.019043	-127.434402
21662.402344	-127.438148
21667.785645	-127.436531
21673.168945	-127.437897
21678.552246	-127.435974
21683.935547	-127.436485
21689.318848	-127.438728
21694.702148	-127.436272
21700.085449	-127.436714
21705.468750	-127.438103
21710.852051	-127.437714
21716.235352	-127.437614
21721.618652	-127.437828
21727.001953	-127.437515
21732.385254	-127.438065
21737.768555	-127.438538
21743.151855	-127.437508
21748.535156	-127.438606
21753.918457	-127.438019
21759.301758	-127.437996
21764.685059	-127.438690
21770.068359	-127.438141
21775.451660	-127.438576
21780.834961	-127.438286
21786.218262	-127.438446
21791.601562	-127.438812
21796.984863	-127.438843
21802.368164	-127.438675
21807.751465	-127.438812
21813.134766	-127.438942
21818.518066	-127.438866
21823.901367	-127.439117
21829.284668	-127.439011
21834.667969	-127.439156
21840.051270	-127.439049
21845.434570	-127.439232
21850.817871	-127.439339
21856.201172	-127.439323
21861.584473	-127.439575
21866.967773	-127.439499
21872.351074	-127.439438
21877.734375	-127.439461
21883.117676	-127.439522
21888.500977	-127.439659
21893.884277	-127.439644
21899.267578	-127.439827
21904.650879	-127.439819
21910.034180	-127.439613
21915.417480	-127.439499
21920.800781	-127.439659
21926.184082	-127.439720
21931.567383	-127.439613
21936.950684	-127.439575
21942.333984	-127.439240
21947.717285	-127.439919
21953.100586	-127.439583
21958.483887	-127.439926
21963.867188	-127.440636
21969.250488	-127.440025
21974.633789	-127.440285
21980.017090	-127.440216
21985.400391	-127.440071
21990.783691	-127.440559
21996.166992	-127.440178
22001.550293	-127.439827
22006.933594	-127.440025
22012.316895	-127.440323
22017.700195	-127.440002
22023.083496	-127.440285
22028.466797	-127.440308
22033.850098	-127.440155
22039.233398	-127.440186
22044.616699	-127.440178
