Frequency (Hz)	Level (dB)
5.383301	-80.910248
10.766602	-80.007294
16.149902	-67.743179
21.533203	-56.981400
26.916504	-57.589722
32.299805	-52.881828
37.683105	-49.338982
43.066406	-47.975811
48.449707	-45.291695
53.833008	-44.760689
59.216309	-45.119289
64.599609	-44.255512
69.982910	-41.743679
75.366211	-39.212914
80.749512	-39.024841
86.132812	-40.792183
91.516113	-41.739105
96.899414	-40.146225
102.282715	-38.350792
107.666016	-39.035885
113.049316	-40.382462
118.432617	-42.973560
123.815918	-45.894432
129.199219	-46.415607
134.582520	-47.967278
139.965820	-49.409267
145.349121	-49.475952
150.732422	-48.335194
156.115723	-47.789768
161.499023	-47.949142
166.882324	-48.177883
172.265625	-48.588467
177.648926	-49.034798
183.032227	-49.891045
188.415527	-49.198524
193.798828	-49.672260
199.182129	-50.765991
204.565430	-52.413937
209.948730	-52.856602
215.332031	-52.750813
220.715332	-53.163704
226.098633	-52.195583
231.481934	-51.696068
236.865234	-51.694359
242.248535	-52.082424
247.631836	-53.018738
253.015137	-53.649860
258.398438	-54.266514
263.781738	-54.874874
269.165039	-55.381439
274.548340	-56.704468
279.931641	-58.336761
285.314941	-58.424950
290.698242	-57.880749
296.081543	-57.545036
301.464844	-57.312065
306.848145	-56.219532
312.231445	-54.398609
317.614746	-53.433659
322.998047	-52.382854
328.381348	-51.000443
333.764648	-51.362091
339.147949	-52.440742
344.531250	-53.760853
349.914551	-55.500793
355.297852	-56.436111
360.681152	-57.007751
366.064453	-57.524090
371.447754	-58.395126
376.831055	-58.115387
382.214355	-58.117176
387.597656	-57.363716
392.980957	-56.843830
398.364258	-56.774548
403.747559	-56.845055
409.130859	-56.968536
414.514160	-58.018581
419.897461	-58.603935
425.280762	-59.059547
430.664062	-59.600227
436.047363	-59.859608
441.430664	-61.032707
446.813965	-61.342384
452.197266	-62.455711
457.580566	-63.186760
462.963867	-63.409660
468.347168	-63.685997
473.730469	-63.831215
479.113770	-63.629448
484.497070	-62.245304
489.880371	-60.700336
495.263672	-60.109425
500.646973	-58.843021
506.030273	-57.939198
511.413574	-57.581341
516.796875	-57.370365
522.180176	-57.693707
527.563477	-58.194710
532.946777	-57.433121
538.330078	-58.612019
543.713379	-60.590420
549.096680	-60.719860
554.479980	-61.768349
559.863281	-62.594475
565.246582	-63.256271
570.629883	-63.672974
576.013184	-62.237633
581.396484	-57.653248
586.779785	-59.053566
592.163086	-61.388397
597.546387	-60.510006
602.929688	-60.171700
608.312988	-59.350117
613.696289	-59.038372
619.079590	-60.185551
624.462891	-60.653950
629.846191	-60.382271
635.229492	-60.949913
640.612793	-61.851082
645.996094	-62.294529
651.379395	-62.386883
656.762695	-62.713730
662.145996	-62.830772
667.529297	-62.379345
672.912598	-62.441975
678.295898	-62.604839
683.679199	-63.543346
689.062500	-64.306892
694.445801	-65.369743
699.829102	-66.118996
705.212402	-66.568130
710.595703	-66.904907
715.979004	-66.747444
721.362305	-66.244957
726.745605	-66.294342
732.128906	-65.909584
737.512207	-65.107018
742.895508	-64.416519
748.278809	-63.931881
753.662109	-63.360180
759.045410	-63.691330
764.428711	-63.802971
769.812012	-64.769722
775.195312	-65.358963
780.578613	-64.995430
785.961914	-65.360336
791.345215	-65.937065
796.728516	-66.650169
802.111816	-67.109947
807.495117	-66.778900
812.878418	-66.413116
818.261719	-66.190926
823.645020	-65.911476
829.028320	-64.914215
834.411621	-64.851273
839.794922	-65.183365
845.178223	-64.967575
850.561523	-64.639954
855.944824	-64.168411
861.328125	-63.299114
866.711426	-62.745102
872.094727	-62.038364
877.478027	-61.969612
882.861328	-61.959461
888.244629	-62.510792
893.627930	-63.030212
899.011230	-63.334072
904.394531	-63.459282
909.777832	-64.196625
915.161133	-64.187622
920.544434	-64.018318
925.927734	-64.127769
931.311035	-64.274399
936.694336	-64.730408
942.077637	-65.449715
947.460938	-66.560699
952.844238	-67.451355
958.227539	-67.830910
963.610840	-68.366585
968.994141	-68.652191
974.377441	-69.079575
979.760742	-68.939659
985.144043	-69.002441
990.527344	-69.130051
995.910645	-68.727722
1001.293945	-68.787201
1006.677246	-69.462082
1012.060547	-68.874893
1017.443848	-67.989182
1022.827148	-67.465195
1028.210449	-67.030083
1033.593750	-67.045105
1038.977051	-66.062714
1044.360352	-66.084206
1049.743652	-67.051765
1055.126953	-67.456436
1060.510254	-66.693657
1065.893555	-66.028862
1071.276855	-66.152977
1076.660156	-66.786720
1082.043457	-66.435341
1087.426758	-65.668381
1092.810059	-64.226830
1098.193359	-64.076698
1103.576660	-64.298836
1108.959961	-64.082672
1114.343262	-63.984299
1119.726562	-64.236168
1125.109863	-64.316055
1130.493164	-65.711060
1135.876465	-66.601700
1141.259766	-67.268867
1146.643066	-67.129135
1152.026367	-66.868141
1157.409668	-66.876076
1162.792969	-65.850418
1168.176270	-65.555603
1173.559570	-69.918846
1178.942871	-72.099411
1184.326172	-72.987610
1189.709473	-72.329857
1195.092773	-71.499397
1200.476074	-70.937813
1205.859375	-70.912766
1211.242676	-71.010269
1216.625977	-70.688919
1222.009277	-71.739059
1227.392578	-72.748367
1232.775879	-73.283958
1238.159180	-74.287216
1243.542480	-73.709412
1248.925781	-72.612297
1254.309082	-72.140083
1259.692383	-71.656593
1265.075684	-70.805061
1270.458984	-70.291962
1275.842285	-68.895874
1281.225586	-67.856621
1286.608887	-67.082268
1291.992188	-67.149834
1297.375488	-67.022835
1302.758789	-67.811752
1308.142090	-67.962662
1313.525391	-68.369690
1318.908691	-69.361275
1324.291992	-69.990273
1329.675293	-70.036041
1335.058594	-70.785744
1340.441895	-72.061195
1345.825195	-73.287659
1351.208496	-73.822250
1356.591797	-73.761909
1361.975098	-74.301628
1367.358398	-73.940971
1372.741699	-73.052208
1378.125000	-72.659523
1383.508301	-71.991356
1388.891602	-71.214020
1394.274902	-71.268379
1399.658203	-70.843979
1405.041504	-70.792068
1410.424805	-71.119331
1415.808105	-71.391693
1421.191406	-71.400261
1426.574707	-71.811462
1431.958008	-70.866249
1437.341309	-70.293030
1442.724609	-69.972847
1448.107910	-69.278961
1453.491211	-69.701889
1458.874512	-70.585930
1464.257812	-71.139206
1469.641113	-70.575714
1475.024414	-70.697243
1480.407715	-70.866364
1485.791016	-71.528603
1491.174316	-72.470512
1496.557617	-73.026443
1501.940918	-72.920738
1507.324219	-72.383377
1512.707520	-71.776581
1518.090820	-71.890808
1523.474121	-71.555702
1528.857422	-70.974731
1534.240723	-70.639290
1539.624023	-70.572334
1545.007324	-70.973824
1550.390625	-71.646988
1555.773926	-71.213882
1561.157227	-71.319511
1566.540527	-72.950592
1571.923828	-73.489365
1577.307129	-72.913025
1582.690430	-71.656487
1588.073730	-71.006958
1593.457031	-70.315094
1598.840332	-69.310074
1604.223633	-69.155914
1609.606934	-68.753471
1614.990234	-68.025330
1620.373535	-67.789764
1625.756836	-67.333366
1631.140137	-67.721062
1636.523438	-67.741768
1641.906738	-68.135101
1647.290039	-68.866074
1652.673340	-68.720970
1658.056641	-68.505028
1663.439941	-67.724869
1668.823242	-68.435982
1674.206543	-69.259460
1679.589844	-69.510300
1684.973145	-69.475685
1690.356445	-69.867355
1695.739746	-69.845909
1701.123047	-70.274437
1706.506348	-71.336029
1711.889648	-71.631180
1717.272949	-71.643394
1722.656250	-71.603081
1728.039551	-71.749008
1733.422852	-71.749031
1738.806152	-72.398949
1744.189453	-72.640305
1749.572754	-72.779877
1754.956055	-73.274010
1760.339355	-73.665611
1765.722656	-73.965485
1771.105957	-74.175041
1776.489258	-74.094559
1781.872559	-73.836647
1787.255859	-73.726852
1792.639160	-73.782959
1798.022461	-73.586548
1803.405762	-73.582451
1808.789062	-73.282257
1814.172363	-72.319000
1819.555664	-71.808456
1824.938965	-71.296623
1830.322266	-71.174255
1835.705566	-71.050232
1841.088867	-71.009148
1846.472168	-70.650078
1851.855469	-71.156029
1857.238770	-72.471222
1862.622070	-73.105659
1868.005371	-73.620308
1873.388672	-73.861458
1878.771973	-74.630341
1884.155273	-74.893951
1889.538574	-74.503876
1894.921875	-74.071602
1900.305176	-74.504883
1905.688477	-75.153358
1911.071777	-74.835297
1916.455078	-74.804756
1921.838379	-74.809189
1927.221680	-74.396431
1932.604980	-74.258690
1937.988281	-74.144081
1943.371582	-74.082901
1948.754883	-74.206772
1954.138184	-75.692993
1959.521484	-76.269684
1964.904785	-76.592224
1970.288086	-77.397667
1975.671387	-77.451569
1981.054688	-77.108376
1986.437988	-77.502548
1991.821289	-76.327507
1997.204590	-75.808151
2002.587891	-75.954086
2007.971191	-76.108917
2013.354492	-75.475281
2018.737793	-74.416817
2024.121094	-74.332344
2029.504395	-72.973694
2034.887695	-73.001244
2040.270996	-74.202911
2045.654297	-74.135490
2051.037598	-74.114639
2056.420898	-74.208847
2061.804199	-75.081779
2067.187500	-75.668602
2072.570801	-75.622658
2077.954102	-75.651222
2083.337402	-75.067833
2088.720703	-74.861588
2094.104004	-75.292030
2099.487305	-74.763870
2104.870605	-74.473396
2110.253906	-74.870567
2115.637207	-75.293793
2121.020508	-74.759949
2126.403809	-73.697502
2131.787109	-73.619057
2137.170410	-73.176926
2142.553711	-73.186882
2147.937012	-72.180626
2153.320312	-72.138603
2158.703613	-72.685577
2164.086914	-72.497421
2169.470215	-72.176270
2174.853516	-72.288094
2180.236816	-72.162506
2185.620117	-72.603386
2191.003418	-72.323273
2196.386719	-71.548500
2201.770020	-71.767715
2207.153320	-71.382095
2212.536621	-71.248825
2217.919922	-71.347557
2223.303223	-71.574211
2228.686523	-72.006142
2234.069824	-72.531845
2239.453125	-73.047073
2244.836426	-73.681664
2250.219727	-74.900085
2255.603027	-75.588051
2260.986328	-76.005829
2266.369629	-76.511063
2271.752930	-76.429298
2277.136230	-76.527695
2282.519531	-76.696289
2287.902832	-77.252449
2293.286133	-77.271721
2298.669434	-76.748680
2304.052734	-76.495766
2309.436035	-76.652962
2314.819336	-76.299240
2320.202637	-76.832275
2325.585938	-77.109238
2330.969238	-77.348145
2336.352539	-76.757744
2341.735840	-76.827423
2347.119141	-76.968796
2352.502441	-77.344376
2357.885742	-77.900375
2363.269043	-77.366302
2368.652344	-76.603271
2374.035645	-77.106834
2379.418945	-77.781105
2384.802246	-77.795471
2390.185547	-78.400902
2395.568848	-78.580482
2400.952148	-79.260666
2406.335449	-79.640945
2411.718750	-79.815918
2417.102051	-79.784782
2422.485352	-79.476532
2427.868652	-80.136871
2433.251953	-80.089378
2438.635254	-78.916405
2444.018555	-79.794510
2449.401855	-80.279083
2454.785156	-80.784241
2460.168457	-80.889748
2465.551758	-80.448578
2470.935059	-80.055298
2476.318359	-80.116325
2481.701660	-79.815094
2487.084961	-80.001793
2492.468262	-80.351387
2497.851562	-80.321281
2503.234863	-80.278641
2508.618164	-80.627403
2514.001465	-80.614044
2519.384766	-79.795486
2524.768066	-79.750809
2530.151367	-80.628517
2535.534668	-81.077751
2540.917969	-81.070320
2546.301270	-80.742424
2551.684570	-81.017380
2557.067871	-81.655197
2562.451172	-81.376823
2567.834473	-81.936333
2573.217773	-82.934532
2578.601074	-82.316040
2583.984375	-82.060043
2589.367676	-81.625900
2594.750977	-81.627800
2600.134277	-82.343834
2605.517578	-82.643631
2610.900879	-83.426926
2616.284180	-83.228836
2621.667480	-82.997749
2627.050781	-83.619095
2632.434082	-83.229034
2637.817383	-82.743095
2643.200684	-82.249634
2648.583984	-82.343948
2653.967285	-82.739227
2659.350586	-82.623764
2664.733887	-82.615868
2670.117188	-83.173805
2675.500488	-83.280190
2680.883789	-84.049835
2686.267090	-84.196625
2691.650391	-83.392929
2697.033691	-83.242058
2702.416992	-82.653458
2707.800293	-82.500305
2713.183594	-83.470024
2718.566895	-84.255638
2723.950195	-84.878975
2729.333496	-85.189651
2734.716797	-85.140961
2740.100098	-84.541344
2745.483398	-84.002281
2750.866699	-83.655487
2756.250000	-83.660461
2761.633301	-84.008011
2767.016602	-84.141785
2772.399902	-84.375031
2777.783203	-84.443588
2783.166504	-84.781624
2788.549805	-85.394226
2793.933105	-85.682022
2799.316406	-84.328835
2804.699707	-84.738075
2810.083008	-84.908127
2815.466309	-84.538147
2820.849609	-83.766144
2826.232910	-83.542648
2831.616211	-84.085892
2836.999512	-85.884315
2842.382812	-86.133423
2847.766113	-86.169937
2853.149414	-86.913795
2858.532715	-87.557625
2863.916016	-86.938057
2869.299316	-85.990074
2874.682617	-85.439735
2880.065918	-84.412430
2885.449219	-83.770943
2890.832520	-83.154724
2896.215820	-82.979668
2901.599121	-83.111847
2906.982422	-82.965996
2912.365723	-83.228798
2917.749023	-82.727982
2923.132324	-84.058029
2928.515625	-84.873032
2933.898926	-85.483498
2939.282227	-85.394630
2944.665527	-83.478676
2950.048828	-83.029083
2955.432129	-84.917915
2960.815430	-85.957123
2966.198730	-86.317390
2971.582031	-86.105865
2976.965332	-85.500069
2982.348633	-85.302116
2987.731934	-85.724396
2993.115234	-86.283745
2998.498535	-86.952721
3003.881836	-87.759323
3009.265137	-88.493065
3014.648438	-88.865250
3020.031738	-88.005524
3025.415039	-88.269478
3030.798340	-87.966454
3036.181641	-88.017464
3041.564941	-88.073532
3046.948242	-88.675346
3052.331543	-89.006561
3057.714844	-87.697853
3063.098145	-87.000847
3068.481445	-86.633896
3073.864746	-86.408333
3079.248047	-86.196281
3084.631348	-86.337547
3090.014648	-85.914200
3095.397949	-85.653664
3100.781250	-85.301758
3106.164551	-85.074928
3111.547852	-85.164238
3116.931152	-85.838135
3122.314453	-85.601830
3127.697754	-86.110458
3133.081055	-86.452713
3138.464355	-86.723534
3143.847656	-86.910118
3149.230957	-87.124290
3154.614258	-87.481583
3159.997559	-87.537430
3165.380859	-87.277077
3170.764160	-86.957275
3176.147461	-86.930649
3181.530762	-86.557961
3186.914062	-86.583809
3192.297363	-86.352875
3197.680664	-86.359055
3203.063965	-86.497627
3208.447266	-86.527779
3213.830566	-86.539513
3219.213867	-86.136208
3224.597168	-86.382195
3229.980469	-86.928284
3235.363770	-87.229691
3240.747070	-86.943260
3246.130371	-86.529099
3251.513672	-86.096245
3256.896973	-86.044220
3262.280273	-85.755524
3267.663574	-86.752266
3273.046875	-86.414261
3278.430176	-86.057426
3283.813477	-86.262932
3289.196777	-86.630959
3294.580078	-86.278893
3299.963379	-86.368057
3305.346680	-86.024536
3310.729980	-85.905655
3316.113281	-86.135376
3321.496582	-86.222870
3326.879883	-86.413490
3332.263184	-86.044968
3337.646484	-85.779655
3343.029785	-85.906166
3348.413086	-85.790176
3353.796387	-85.872032
3359.179688	-85.336304
3364.562988	-84.883171
3369.946289	-85.539360
3375.329590	-85.828384
3380.712891	-85.331619
3386.096191	-85.434227
3391.479492	-85.594421
3396.862793	-85.566391
3402.246094	-85.899406
3407.629395	-86.308044
3413.012695	-85.963745
3418.395996	-85.776657
3423.779297	-86.175636
3429.162598	-86.599075
3434.545898	-87.294220
3439.929199	-87.527466
3445.312500	-87.976128
3450.695801	-88.465042
3456.079102	-88.905991
3461.462402	-89.158829
3466.845703	-90.106140
3472.229004	-89.688156
3477.612305	-88.787003
3482.995605	-88.616440
3488.378906	-88.230026
3493.762207	-87.591393
3499.145508	-87.692719
3504.528809	-87.944366
3509.912109	-87.409943
3515.295410	-87.290207
3520.678711	-87.542068
3526.062012	-88.187073
3531.445312	-88.521080
3536.828613	-88.703339
3542.211914	-88.873390
3547.595215	-88.457169
3552.978516	-88.111168
3558.361816	-88.404991
3563.745117	-88.506477
3569.128418	-88.027924
3574.511719	-87.353127
3579.895020	-87.437042
3585.278320	-88.359428
3590.661621	-88.055855
3596.044922	-87.848267
3601.428223	-87.919197
3606.811523	-88.946373
3612.194824	-89.342506
3617.578125	-89.630089
3622.961426	-89.756744
3628.344727	-89.558784
3633.728027	-89.131744
3639.111328	-88.470642
3644.494629	-87.533951
3649.877930	-87.137688
3655.261230	-86.528244
3660.644531	-86.639809
3666.027832	-87.221062
3671.411133	-88.078720
3676.794434	-87.804680
3682.177734	-87.637619
3687.561035	-87.014771
3692.944336	-86.955765
3698.327637	-87.307762
3703.710938	-88.205475
3709.094238	-88.820984
3714.477539	-88.858925
3719.860840	-88.386429
3725.244141	-87.652176
3730.627441	-87.500717
3736.010742	-87.355667
3741.394043	-87.138321
3746.777344	-86.429741
3752.160645	-87.519669
3757.543945	-88.221245
3762.927246	-87.690567
3768.310547	-88.536125
3773.693848	-88.645065
3779.077148	-88.613197
3784.460449	-89.381950
3789.843750	-89.126915
3795.227051	-89.859169
3800.610352	-90.135696
3805.993652	-89.509460
3811.376953	-89.710602
3816.760254	-90.013947
3822.143555	-90.143112
3827.526855	-90.229332
3832.910156	-89.767822
3838.293457	-89.411659
3843.676758	-89.989166
3849.060059	-90.205460
3854.443359	-90.542557
3859.826660	-90.607109
3865.209961	-91.491653
3870.593262	-91.582947
3875.976562	-91.599411
3881.359863	-91.600540
3886.743164	-92.119820
3892.126465	-92.450661
3897.509766	-91.884003
3902.893066	-91.503242
3908.276367	-91.313354
3913.659668	-90.997681
3919.042969	-91.162743
3924.426270	-91.060760
3929.809570	-90.873688
3935.192871	-90.947304
3940.576172	-90.898804
3945.959473	-90.776733
3951.342773	-89.703743
3956.726074	-89.389023
3962.109375	-88.750099
3967.492676	-88.332886
3972.875977	-87.464836
3978.259277	-87.663734
3983.642578	-88.120262
3989.025879	-88.573936
3994.409180	-89.287392
3999.792480	-89.086449
4005.175781	-88.947777
4010.559082	-88.813004
4015.942383	-88.225410
4021.325684	-88.336128
4026.708984	-88.834679
4032.092285	-88.584404
4037.475586	-88.461197
4042.858887	-88.974594
4048.242188	-88.520599
4053.625488	-88.437088
4059.008789	-88.448494
4064.392090	-88.639267
4069.775391	-88.570366
4075.158691	-89.002945
4080.541992	-88.917488
4085.925293	-89.621971
4091.308594	-89.694649
4096.691895	-89.436691
4102.075195	-89.854362
4107.458496	-89.548706
4112.841797	-89.678604
4118.225098	-89.187752
4123.608398	-89.697105
4128.991699	-90.197578
4134.375000	-90.423370
4139.758301	-90.157211
4145.141602	-89.662186
4150.524902	-89.164215
4155.908203	-88.860107
4161.291504	-89.497734
4166.674805	-89.638962
4172.058105	-89.474548
4177.441406	-89.588913
4182.824707	-90.521179
4188.208008	-89.868073
4193.591309	-90.228867
4198.974609	-90.031624
4204.357910	-89.810089
4209.741211	-89.499779
4215.124512	-89.646095
4220.507812	-89.523911
4225.891113	-89.470398
4231.274414	-89.547699
4236.657715	-89.311691
4242.041016	-89.365219
4247.424316	-88.979065
4252.807617	-88.402061
4258.190918	-88.725533
4263.574219	-88.118744
4268.957520	-88.034973
4274.340820	-87.930763
4279.724121	-88.038696
4285.107422	-87.638039
4290.490723	-88.692589
4295.874023	-89.106895
4301.257324	-89.200699
4306.640625	-89.212105
4312.023926	-89.567505
4317.407227	-89.338562
4322.790527	-89.166862
4328.173828	-89.265564
4333.557129	-88.836433
4338.940430	-88.543945
4344.323730	-88.185760
4349.707031	-88.741257
4355.090332	-88.319489
4360.473633	-88.416466
4365.856934	-88.640381
4371.240234	-87.813957
4376.623535	-87.537560
4382.006836	-87.709564
4387.390137	-87.203323
4392.773438	-86.784477
4398.156738	-86.218956
4403.540039	-85.284485
4408.923340	-84.972893
4414.306641	-85.651543
4419.689941	-84.864975
4425.073242	-84.061630
4430.456543	-83.060143
4435.839844	-82.102600
4441.223145	-83.395340
4446.606445	-84.289879
4451.989746	-85.502045
4457.373047	-86.249779
4462.756348	-85.112740
4468.139648	-83.141228
4473.522949	-79.951454
4478.906250	-76.922234
4484.289551	-73.656647
4489.672852	-70.489609
4495.056152	-68.346771
4500.439453	-69.891235
4505.822754	-75.323753
4511.206055	-80.805832
4516.589355	-85.563118
4521.972656	-85.350616
4527.355957	-84.006737
4532.739258	-83.300064
4538.122559	-81.605591
4543.505859	-80.674576
4548.889160	-81.404388
4554.272461	-82.698647
4559.655762	-83.243057
4565.039062	-85.006516
4570.422363	-85.347801
4575.805664	-85.483170
4581.188965	-85.021965
4586.572266	-84.916580
4591.955566	-85.789703
4597.338867	-86.093674
4602.722168	-86.452736
4608.105469	-87.676956
4613.488770	-86.850838
4618.872070	-86.461899
4624.255371	-86.209404
4629.638672	-83.381950
4635.021973	-80.555511
4640.405273	-77.813599
4645.788574	-74.361557
4651.171875	-72.583771
4656.555176	-72.633484
4661.938477	-72.751320
4667.321777	-74.236366
4672.705078	-76.847839
4678.088379	-79.567383
4683.471680	-81.774239
4688.854980	-81.678246
4694.238281	-80.954407
4699.621582	-80.074471
4705.004883	-78.185692
4710.388184	-77.186394
4715.771484	-79.229179
4721.154785	-83.693253
4726.538086	-86.599197
4731.921387	-88.595757
4737.304688	-89.114662
4742.687988	-88.824165
4748.071289	-89.476692
4753.454590	-89.667145
4758.837891	-88.333351
4764.221191	-87.555397
4769.604492	-86.600327
4774.987793	-85.693138
4780.371094	-85.454079
4785.754395	-84.865746
4791.137695	-84.236862
4796.520996	-82.912697
4801.904297	-84.978920
4807.287598	-87.491020
4812.670898	-88.573997
4818.054199	-89.827110
4823.437500	-89.629295
4828.820801	-89.580406
4834.204102	-89.985435
4839.587402	-90.123581
4844.970703	-90.169632
4850.354004	-90.150658
4855.737305	-90.286224
4861.120605	-90.739891
4866.503906	-91.277565
4871.887207	-91.217735
4877.270508	-89.488998
4882.653809	-90.235687
4888.037109	-90.706879
4893.420410	-89.838295
4898.803711	-89.497581
4904.187012	-88.479927
4909.570312	-86.801651
4914.953613	-85.178009
4920.336914	-83.934860
4925.720215	-82.905838
4931.103516	-84.428192
4936.486816	-87.593842
4941.870117	-89.099236
4947.253418	-90.217583
4952.636719	-90.296417
4958.020020	-89.633713
4963.403320	-89.448769
4968.786621	-90.078827
4974.169922	-90.306534
4979.553223	-90.357430
4984.936523	-89.776649
4990.319824	-90.746742
4995.703125	-90.183174
5001.086426	-89.644485
5006.469727	-89.909027
5011.853027	-90.420822
5017.236328	-90.222794
5022.619629	-90.117744
5028.002930	-90.251930
5033.386230	-90.289627
5038.769531	-90.569893
5044.152832	-90.764626
5049.536133	-90.718803
5054.919434	-90.747574
5060.302734	-90.572975
5065.686035	-90.498482
5071.069336	-90.292702
5076.452637	-89.427795
5081.835938	-87.611565
5087.219238	-88.522697
5092.602539	-88.836876
5097.985840	-88.895218
5103.369141	-89.132507
5108.752441	-90.221504
5114.135742	-90.321167
5119.519043	-90.366646
5124.902344	-90.186005
5130.285645	-89.629890
5135.668945	-89.044334
5141.052246	-89.447983
5146.435547	-89.522430
5151.818848	-89.730858
5157.202148	-90.160446
5162.585449	-90.278198
5167.968750	-89.798981
5173.352051	-90.052734
5178.735352	-91.061111
5184.118652	-91.088890
5189.501953	-91.015892
5194.885254	-91.059639
5200.268555	-91.129074
5205.651855	-91.567276
5211.035156	-91.396950
5216.418457	-91.727158
5221.801758	-91.604996
5227.185059	-91.085693
5232.568359	-91.087868
5237.951660	-91.522659
5243.334961	-91.072510
5248.718262	-91.156311
5254.101562	-91.380569
5259.484863	-91.600166
5264.868164	-90.974495
5270.251465	-90.952148
5275.634766	-91.166817
5281.018066	-90.993011
5286.401367	-90.952583
5291.784668	-92.164246
5297.167969	-91.673126
5302.551270	-91.636307
5307.934570	-91.441589
5313.317871	-91.904251
5318.701172	-91.390282
5324.084473	-91.072083
5329.467773	-91.041527
5334.851074	-90.817551
5340.234375	-90.647583
5345.617676	-89.833847
5351.000977	-89.206612
5356.384277	-89.846764
5361.767578	-91.453606
5367.150879	-92.691750
5372.534180	-92.592010
5377.917480	-92.583626
5383.300781	-92.239815
5388.684082	-92.646141
5394.067383	-92.526756
5399.450684	-92.004990
5404.833984	-91.928833
5410.217285	-92.404823
5415.600586	-92.504036
5420.983887	-92.849014
5426.367188	-92.805359
5431.750488	-92.719078
5437.133789	-92.373421
5442.517090	-92.032204
5447.900391	-92.520508
5453.283691	-92.927811
5458.666992	-92.293137
5464.050293	-92.441704
5469.433594	-93.155052
5474.816895	-92.218796
5480.200195	-92.246506
5485.583496	-91.136177
5490.966797	-90.248344
5496.350098	-91.811684
5501.733398	-91.760704
5507.116699	-91.771126
5512.500000	-91.080460
5517.883301	-90.698196
5523.266602	-90.945892
5528.649902	-91.366753
5534.033203	-91.603867
5539.416504	-91.318069
5544.799805	-91.451279
5550.183105	-91.613274
5555.566406	-92.287582
5560.949707	-92.452042
5566.333008	-92.656418
5571.716309	-92.710007
5577.099609	-92.653336
5582.482910	-92.082993
5587.866211	-91.624748
5593.249512	-90.937691
5598.632812	-91.208664
5604.016113	-91.571419
5609.399414	-91.430199
5614.782715	-91.860054
5620.166016	-91.964645
5625.549316	-91.964035
5630.932617	-91.630142
5636.315918	-91.375893
5641.699219	-91.223633
5647.082520	-91.844994
5652.465820	-92.145958
5657.849121	-92.015289
5663.232422	-91.883224
5668.615723	-92.034958
5673.999023	-91.689178
5679.382324	-91.243179
5684.765625	-91.081657
5690.148926	-90.133141
5695.532227	-90.281204
5700.915527	-92.188408
5706.298828	-92.448563
5711.682129	-93.043739
5717.065430	-92.378159
5722.448730	-92.093506
5727.832031	-91.929428
5733.215332	-91.840317
5738.598633	-91.880600
5743.981934	-92.170158
5749.365234	-91.686577
5754.748535	-91.725754
5760.131836	-91.888962
5765.515137	-91.763168
5770.898438	-91.990166
5776.281738	-92.396034
5781.665039	-92.488274
5787.048340	-92.384521
5792.431641	-92.757721
5797.814941	-93.267090
5803.198242	-92.750893
5808.581543	-92.790352
5813.964844	-93.016144
5819.348145	-93.113213
5824.731445	-93.006660
5830.114746	-92.817322
5835.498047	-93.360619
5840.881348	-93.683167
5846.264648	-93.319359
5851.647949	-93.682388
5857.031250	-93.510757
5862.414551	-93.246902
5867.797852	-93.576462
5873.181152	-93.469200
5878.564453	-93.803535
5883.947754	-93.778915
5889.331055	-93.356491
5894.714355	-92.910561
5900.097656	-93.040024
5905.480957	-93.291039
5910.864258	-92.701553
5916.247559	-92.870453
5921.630859	-93.636681
5927.014160	-93.691956
5932.397461	-93.101646
5937.780762	-92.763237
5943.164062	-93.077919
5948.547363	-92.950623
5953.930664	-92.742989
5959.313965	-93.567741
5964.697266	-93.537750
5970.080566	-93.636490
5975.463867	-93.991783
5980.847168	-93.637276
5986.230469	-93.881172
5991.613770	-93.702881
5996.997070	-93.913673
6002.380371	-93.809990
6007.763672	-93.227333
6013.146973	-93.411034
6018.530273	-93.049805
6023.913574	-93.073288
6029.296875	-93.258720
6034.680176	-92.886818
6040.063477	-92.969185
6045.446777	-92.191498
6050.830078	-92.554878
6056.213379	-93.285950
6061.596680	-93.473129
6066.979980	-93.441879
6072.363281	-93.294388
6077.746582	-93.757072
6083.129883	-93.521248
6088.513184	-93.477226
6093.896484	-93.365860
6099.279785	-92.682526
6104.663086	-93.340317
6110.046387	-93.322273
6115.429688	-93.633362
6120.812988	-93.863655
6126.196289	-93.670479
6131.579590	-93.433464
6136.962891	-93.648857
6142.346191	-93.805878
6147.729492	-93.476852
6153.112793	-93.595062
6158.496094	-93.724548
6163.879395	-93.199913
6169.262695	-93.123123
6174.645996	-93.456657
6180.029297	-93.664963
6185.412598	-93.270920
6190.795898	-93.157562
6196.179199	-93.796272
6201.562500	-93.513382
6206.945801	-93.746162
6212.329102	-93.994621
6217.712402	-93.289406
6223.095703	-93.373123
6228.479004	-93.244110
6233.862305	-92.822731
6239.245605	-92.973129
6244.628906	-93.574409
6250.012207	-93.610077
6255.395508	-92.934608
6260.778809	-93.708359
6266.162109	-95.379822
6271.545410	-95.328369
6276.928711	-95.093361
6282.312012	-95.402786
6287.695312	-94.820702
6293.078613	-94.984276
6298.461914	-95.241722
6303.845215	-94.713165
6309.228516	-94.752289
6314.611816	-94.685608
6319.995117	-94.520691
6325.378418	-94.357697
6330.761719	-94.292473
6336.145020	-94.674141
6341.528320	-94.469971
6346.911621	-93.500153
6352.294922	-93.051048
6357.678223	-92.763847
6363.061523	-92.698318
6368.444824	-91.999527
6373.828125	-91.878616
6379.211426	-92.702942
6384.594727	-93.036636
6389.978027	-92.499718
6395.361328	-92.967720
6400.744629	-93.312302
6406.127930	-93.406670
6411.511230	-93.306984
6416.894531	-92.897682
6422.277832	-92.466026
6427.661133	-92.547218
6433.044434	-93.375298
6438.427734	-93.897118
6443.811035	-93.922546
6449.194336	-93.999832
6454.577637	-94.247589
6459.960938	-94.190392
6465.344238	-94.390251
6470.727539	-94.298897
6476.110840	-94.520668
6481.494141	-94.191696
6486.877441	-93.290749
6492.260742	-93.084740
6497.644043	-92.896935
6503.027344	-92.511551
6508.410645	-91.774506
6513.793945	-90.791611
6519.177246	-89.863647
6524.560547	-90.009071
6529.943848	-91.673897
6535.327148	-92.489487
6540.710449	-92.677414
6546.093750	-93.073814
6551.477051	-92.953720
6556.860352	-93.361481
6562.243652	-93.355019
6567.626953	-93.434929
6573.010254	-93.171410
6578.393555	-92.788742
6583.776855	-92.613632
6589.160156	-92.608009
6594.543457	-92.707970
6599.926758	-93.296539
6605.310059	-94.194717
6610.693359	-94.517487
6616.076660	-94.086121
6621.459961	-94.098885
6626.843262	-93.945282
6632.226562	-93.683357
6637.609863	-93.368675
6642.993164	-93.153603
6648.376465	-92.801384
6653.759766	-92.714973
6659.143066	-92.140236
6664.526367	-92.296387
6669.909668	-92.093925
6675.292969	-91.541855
6680.676270	-91.351135
6686.059570	-90.997231
6691.442871	-91.798698
6696.826172	-91.240364
6702.209473	-90.832085
6707.592773	-90.243179
6712.976074	-90.903992
6718.359375	-90.998772
6723.742676	-90.736855
6729.125977	-90.636711
6734.509277	-90.393753
6739.892578	-91.058441
6745.275879	-90.827690
6750.659180	-91.500221
6756.042480	-91.250206
6761.425781	-90.680061
6766.809082	-90.789452
6772.192383	-90.751999
6777.575684	-89.825172
6782.958984	-89.613686
6788.342285	-89.515099
6793.725586	-89.728592
6799.108887	-88.684883
6804.492188	-89.460495
6809.875488	-90.411324
6815.258789	-91.115997
6820.642090	-91.032997
6826.025391	-91.181412
6831.408691	-91.211334
6836.791992	-91.214226
6842.175293	-90.667053
6847.558594	-90.040588
6852.941895	-89.512405
6858.325195	-89.848755
6863.708496	-89.854637
6869.091797	-90.486343
6874.475098	-90.479950
6879.858398	-90.434494
6885.241699	-90.598999
6890.625000	-90.538170
6896.008301	-90.736412
6901.391602	-90.506233
6906.774902	-90.659233
6912.158203	-90.918594
6917.541504	-90.738564
6922.924805	-91.582703
6928.308105	-91.103210
6933.691406	-90.977791
6939.074707	-90.478195
6944.458008	-90.082687
6949.841309	-90.054092
6955.224609	-90.820053
6960.607910	-90.916061
6965.991211	-91.217911
6971.374512	-92.002213
6976.757812	-92.106590
6982.141113	-91.854797
6987.524414	-92.195496
6992.907715	-92.837715
6998.291016	-93.153908
7003.674316	-93.060440
7009.057617	-92.314278
7014.440918	-91.534081
7019.824219	-91.308983
7025.207520	-91.344139
7030.590820	-91.783234
7035.974121	-92.157532
7041.357422	-91.027176
7046.740723	-90.700348
7052.124023	-90.133980
7057.507324	-90.337280
7062.890625	-90.289726
7068.273926	-89.944359
7073.657227	-90.733017
7079.040527	-90.469788
7084.423828	-90.211296
7089.807129	-90.579964
7095.190430	-90.513344
7100.573730	-89.975121
7105.957031	-90.300308
7111.340332	-90.880066
7116.723633	-90.483818
7122.106934	-90.705040
7127.490234	-90.626564
7132.873535	-90.210205
7138.256836	-90.747032
7143.640137	-90.635277
7149.023438	-90.125793
7154.406738	-90.039024
7159.790039	-89.186134
7165.173340	-89.464226
7170.556641	-90.603386
7175.939941	-91.361008
7181.323242	-91.043297
7186.706543	-91.405632
7192.089844	-91.395287
7197.473145	-91.716118
7202.856445	-92.350685
7208.239746	-92.009117
7213.623047	-92.538330
7219.006348	-92.876495
7224.389648	-92.653252
7229.772949	-92.427086
7235.156250	-92.475777
7240.539551	-91.631233
7245.922852	-91.540405
7251.306152	-91.489632
7256.689453	-91.356575
7262.072754	-91.449898
7267.456055	-91.430321
7272.839355	-91.794807
7278.222656	-91.637810
7283.605957	-92.189041
7288.989258	-91.953568
7294.372559	-92.500923
7299.755859	-92.399643
7305.139160	-92.339188
7310.522461	-92.113548
7315.905762	-92.178375
7321.289062	-91.959946
7326.672363	-91.259003
7332.055664	-90.919655
7337.438965	-91.281250
7342.822266	-91.785713
7348.205566	-92.332474
7353.588867	-92.142632
7358.972168	-92.121613
7364.355469	-91.952179
7369.738770	-91.230080
7375.122070	-91.366333
7380.505371	-91.199699
7385.888672	-91.054482
7391.271973	-91.661163
7396.655273	-91.412239
7402.038574	-91.912735
7407.421875	-92.320602
7412.805176	-93.028130
7418.188477	-92.732277
7423.571777	-93.484039
7428.955078	-93.607407
7434.338379	-93.659172
7439.721680	-93.577248
7445.104980	-93.235054
7450.488281	-92.340347
7455.871582	-92.723152
7461.254883	-93.127586
7466.638184	-92.908424
7472.021484	-92.536720
7477.404785	-92.676521
7482.788086	-92.787155
7488.171387	-92.951218
7493.554688	-92.870003
7498.937988	-92.460045
7504.321289	-92.761864
7509.704590	-93.401543
7515.087891	-93.256310
7520.471191	-92.946884
7525.854492	-92.449287
7531.237793	-92.706047
7536.621094	-92.128220
7542.004395	-91.558990
7547.387695	-91.585052
7552.770996	-91.843002
7558.154297	-92.081863
7563.537598	-91.716560
7568.920898	-91.835548
7574.304199	-92.023621
7579.687500	-91.865204
7585.070801	-91.543259
7590.454102	-91.346992
7595.837402	-91.755165
7601.220703	-91.888054
7606.604004	-91.882782
7611.987305	-92.321793
7617.370605	-92.110062
7622.753906	-92.013756
7628.137207	-91.436340
7633.520508	-91.217621
7638.903809	-90.686699
7644.287109	-90.148163
7649.670410	-89.118614
7655.053711	-88.505142
7660.437012	-88.469406
7665.820312	-89.169151
7671.203613	-90.639580
7676.586914	-92.184860
7681.970215	-92.617538
7687.353516	-92.928581
7692.736816	-93.204544
7698.120117	-94.018570
7703.503418	-93.864998
7708.886719	-93.488243
7714.270020	-93.618134
7719.653320	-93.593979
7725.036621	-93.381393
7730.419922	-93.426605
7735.803223	-93.214165
7741.186523	-92.671432
7746.569824	-92.646637
7751.953125	-91.965263
7757.336426	-91.456398
7762.719727	-91.134865
7768.103027	-90.772919
7773.486328	-91.062447
7778.869629	-91.706825
7784.252930	-91.777260
7789.636230	-92.029831
7795.019531	-92.437057
7800.402832	-92.969109
7805.786133	-93.820610
7811.169434	-93.799110
7816.552734	-93.487808
7821.936035	-92.783813
7827.319336	-93.494255
7832.702637	-94.042648
7838.085938	-94.426773
7843.469238	-94.837624
7848.852539	-94.617844
7854.235840	-93.982834
7859.619141	-94.402275
7865.002441	-94.791862
7870.385742	-94.381630
7875.769043	-94.461105
7881.152344	-94.148300
7886.535645	-93.919350
7891.918945	-93.229469
7897.302246	-92.757889
7902.685547	-92.894226
7908.068848	-92.361191
7913.452148	-92.685753
7918.835449	-92.980980
7924.218750	-92.771439
7929.602051	-92.421936
7934.985352	-93.389275
7940.368652	-93.109604
7945.751953	-92.735138
7951.135254	-92.890739
7956.518555	-92.204742
7961.901855	-91.820938
7967.285156	-91.573799
7972.668457	-91.854118
7978.051758	-92.540909
7983.435059	-92.813560
7988.818359	-93.455276
7994.201660	-94.116646
7999.584961	-94.232033
8004.968262	-93.916504
8010.351562	-93.213081
8015.734863	-92.868454
8021.118164	-92.370903
8026.501465	-92.578613
8031.884766	-92.972466
8037.268066	-93.385269
8042.651367	-93.640388
8048.034668	-93.671249
8053.417969	-93.699997
8058.801270	-93.561699
8064.184570	-94.075279
8069.567871	-93.841179
8074.951172	-94.088982
8080.334473	-94.493263
8085.717773	-94.537941
8091.101074	-94.773224
8096.484375	-94.693771
8101.867676	-94.966034
8107.250977	-95.210808
8112.634277	-94.675392
8118.017578	-94.160225
8123.400879	-93.851288
8128.784180	-94.287926
8134.167480	-94.445740
8139.550781	-94.196556
8144.934082	-93.680878
8150.317383	-93.631752
8155.700684	-93.536743
8161.083984	-93.251518
8166.467285	-93.424225
8171.850586	-93.758354
8177.233887	-93.829308
8182.617188	-93.675560
8188.000488	-93.529816
8193.383789	-93.002350
8198.767090	-93.304993
8204.150391	-93.680542
8209.533691	-93.157692
8214.916992	-93.010910
8220.300293	-93.150154
8225.683594	-92.897392
8231.066895	-92.665871
8236.450195	-92.758118
8241.833496	-93.193047
8247.216797	-93.911186
8252.600098	-94.191093
8257.983398	-94.085663
8263.366699	-93.909233
8268.750000	-94.297256
8274.133301	-94.369469
8279.516602	-94.504814
8284.899902	-94.587395
8290.283203	-94.532890
8295.666504	-94.823753
8301.049805	-94.843300
8306.433105	-94.940964
8311.816406	-95.296928
8317.199707	-94.961029
8322.583008	-94.731743
8327.966309	-94.190468
8333.349609	-94.110039
8338.732910	-93.725891
8344.116211	-92.889671
8349.499512	-92.226074
8354.882812	-92.491692
8360.266113	-92.666473
8365.649414	-93.037186
8371.032715	-92.895752
8376.416016	-93.030983
8381.799316	-92.544380
8387.182617	-92.291512
8392.565918	-91.983604
8397.949219	-91.648476
8403.332520	-92.151146
8408.715820	-92.481087
8414.099121	-92.564926
8419.482422	-92.665352
8424.865723	-93.256332
8430.249023	-93.437241
8435.632324	-93.700592
8441.015625	-94.027184
8446.398926	-93.955414
8451.782227	-93.978188
8457.165527	-93.796829
8462.548828	-93.778816
8467.932129	-94.381851
8473.315430	-94.298218
8478.698730	-94.277550
8484.082031	-94.506760
8489.465332	-94.856224
8494.848633	-94.848335
8500.231934	-94.720352
8505.615234	-94.679756
8510.998535	-94.527161
8516.381836	-94.429192
8521.765137	-94.170677
8527.148438	-94.734688
8532.531738	-95.112373
8537.915039	-95.296417
8543.298340	-95.084137
8548.681641	-95.006981
8554.064941	-95.108597
8559.448242	-95.134071
8564.831543	-94.915504
8570.214844	-94.848953
8575.598145	-95.305603
8580.981445	-95.296204
8586.364746	-94.753929
8591.748047	-94.372559
8597.131348	-94.682938
8602.514648	-94.304108
8607.897949	-93.860794
8613.281250	-94.093437
8618.664551	-94.180893
8624.047852	-93.810287
8629.431152	-93.573990
8634.814453	-93.515869
8640.197754	-93.414818
8645.581055	-93.430626
8650.964355	-92.581795
8656.347656	-92.100243
8661.730957	-91.818222
8667.114258	-91.959213
8672.497559	-92.144844
8677.880859	-92.962601
8683.264160	-93.423187
8688.647461	-93.841301
8694.030762	-93.874443
8699.414062	-93.800575
8704.797363	-93.362061
8710.180664	-95.335312
8715.563965	-95.862915
8720.947266	-95.938568
8726.330566	-95.495171
8731.713867	-95.204437
8737.097168	-95.227776
8742.480469	-95.266205
8747.863770	-95.009399
8753.247070	-94.681274
8758.630371	-94.676018
8764.013672	-94.623703
8769.396973	-95.007187
8774.780273	-94.814713
8780.163574	-94.349106
8785.546875	-94.584892
8790.930176	-95.570366
8796.313477	-95.861343
8801.696777	-95.067474
8807.080078	-95.172340
8812.463379	-95.696686
8817.846680	-95.982849
8823.229980	-96.521675
8828.613281	-96.231277
8833.996582	-95.473015
8839.379883	-95.433273
8844.763184	-95.707542
8850.146484	-95.439682
8855.529785	-95.794693
8860.913086	-96.074768
8866.296387	-96.253815
8871.679688	-95.699448
8877.062988	-95.320137
8882.446289	-94.950874
8887.829590	-94.539040
8893.212891	-93.929787
8898.596191	-93.473053
8903.979492	-94.005867
8909.362793	-94.423637
8914.746094	-94.678635
8920.129395	-93.900261
8925.512695	-94.366959
8930.895996	-94.377953
8936.279297	-93.665100
8941.662598	-93.699600
8947.045898	-93.416466
8952.429199	-93.082802
8957.812500	-94.622948
8963.195801	-94.876663
8968.579102	-94.426300
8973.962402	-94.764839
8979.345703	-94.861931
8984.729004	-94.940781
8990.112305	-95.088608
8995.495605	-95.856895
9000.878906	-95.425293
9006.262207	-95.132866
9011.645508	-95.814476
9017.028809	-95.340019
9022.412109	-95.360619
9027.795410	-95.923576
9033.178711	-95.543854
9038.562012	-94.985489
9043.945312	-95.414742
9049.328613	-95.683372
9054.711914	-96.523712
9060.095215	-96.442650
9065.478516	-96.597496
9070.861816	-97.131699
9076.245117	-96.837112
9081.628418	-96.874413
9087.011719	-96.490791
9092.395020	-96.293633
9097.778320	-96.866714
9103.161621	-96.300789
9108.544922	-96.150497
9113.928223	-95.966171
9119.311523	-95.973763
9124.694824	-96.357689
9130.078125	-96.337730
9135.461426	-96.377083
9140.844727	-95.652611
9146.228027	-95.313622
9151.611328	-94.698006
9156.994629	-94.601601
9162.377930	-94.700554
9167.761230	-94.284889
9173.144531	-94.183807
9178.527832	-94.108528
9183.911133	-93.932480
9189.294434	-93.552284
9194.677734	-93.448639
9200.061035	-94.256874
9205.444336	-94.263191
9210.827637	-94.319969
9216.210938	-94.738091
9221.594238	-94.267113
9226.977539	-95.026314
9232.360840	-95.662079
9237.744141	-95.829941
9243.127441	-95.094795
9248.510742	-95.246109
9253.894043	-93.914711
9259.277344	-94.047729
9264.660645	-94.367493
9270.043945	-94.789932
9275.427246	-95.116173
9280.810547	-95.668663
9286.193848	-95.731491
9291.577148	-95.667091
9296.960449	-95.751022
9302.343750	-95.405426
9307.727051	-95.442215
9313.110352	-95.468323
9318.493652	-95.214951
9323.876953	-94.477852
9329.260254	-94.687988
9334.643555	-94.303322
9340.026855	-94.367516
9345.410156	-94.280441
9350.793457	-94.088707
9356.176758	-94.857094
9361.560059	-95.639465
9366.943359	-95.915329
9372.326660	-96.314774
9377.709961	-96.216911
9383.093262	-96.288666
9388.476562	-96.475121
9393.859863	-96.605949
9399.243164	-96.018845
9404.626465	-96.088348
9410.009766	-96.420135
9415.393066	-96.283455
9420.776367	-95.680588
9426.159668	-95.185043
9431.542969	-94.907997
9436.926270	-95.032669
9442.309570	-95.296700
9447.692871	-95.303825
9453.076172	-95.456497
9458.459473	-94.906227
9463.842773	-94.320969
9469.226074	-94.617561
9474.609375	-94.948975
9479.992676	-95.623329
9485.375977	-95.840919
9490.759277	-95.390900
9496.142578	-95.444832
9501.525879	-95.753685
9506.909180	-94.989914
9512.292480	-94.274605
9517.675781	-94.029106
9523.059082	-93.685028
9528.442383	-93.787857
9533.825684	-93.727257
9539.208984	-93.733643
9544.592285	-94.202896
9549.975586	-93.812569
9555.358887	-93.845978
9560.742188	-94.605003
9566.125488	-94.709023
9571.508789	-94.755623
9576.892090	-94.490692
9582.275391	-93.984200
9587.658691	-93.878403
9593.041992	-94.279137
9598.425293	-94.515411
9603.808594	-93.685081
9609.191895	-93.280266
9614.575195	-93.565529
9619.958496	-92.676971
9625.341797	-92.401711
9630.725098	-92.574562
9636.108398	-93.171867
9641.491699	-93.674728
9646.875000	-93.196526
9652.258301	-93.065422
9657.641602	-93.141739
9663.024902	-92.674156
9668.408203	-92.658867
9673.791504	-92.762421
9679.174805	-92.278732
9684.558105	-93.012840
9689.941406	-92.830170
9695.324707	-92.914093
9700.708008	-92.378372
9706.091309	-92.013649
9711.474609	-92.359459
9716.857910	-91.852486
9722.241211	-91.512817
9727.624512	-91.340897
9733.007812	-91.230087
9738.391113	-91.008980
9743.774414	-90.781265
9749.157715	-91.423477
9754.541016	-92.190331
9759.924316	-92.671165
9765.307617	-93.186333
9770.690918	-92.969322
9776.074219	-92.750839
9781.457520	-93.670502
9786.840820	-93.898994
9792.224121	-93.945992
9797.607422	-94.280746
9802.990723	-94.521973
9808.374023	-94.011414
9813.757324	-93.540283
9819.140625	-93.431923
9824.523926	-94.166588
9829.907227	-94.460075
9835.290527	-94.020454
9840.673828	-94.302673
9846.057129	-94.537437
9851.440430	-93.827576
9856.823730	-93.857056
9862.207031	-93.354454
9867.590332	-92.594559
9872.973633	-92.710274
9878.356934	-93.104149
9883.740234	-93.523010
9889.123535	-93.600075
9894.506836	-93.548531
9899.890137	-93.871391
9905.273438	-93.320694
9910.656738	-93.265816
9916.040039	-94.415237
9921.423340	-94.367409
9926.806641	-94.714226
9932.189941	-95.160057
9937.573242	-95.273239
9942.956543	-94.571411
9948.339844	-94.768715
9953.723145	-94.961937
9959.106445	-95.116402
9964.489746	-94.921448
9969.873047	-95.130341
9975.256348	-94.888145
9980.639648	-94.916512
9986.022949	-94.880806
9991.406250	-94.909042
9996.789551	-94.600418
10002.172852	-94.588547
10007.556152	-94.203316
10012.939453	-93.734795
10018.322754	-93.771492
10023.706055	-94.221489
10029.089355	-94.005836
10034.472656	-93.257347
10039.855957	-92.804520
10045.239258	-92.564079
10050.622559	-92.340660
10056.005859	-92.588104
10061.389160	-92.513336
10066.772461	-92.773781
10072.155762	-93.691910
10077.539062	-93.892876
10082.922363	-94.683571
10088.305664	-94.795082
10093.688965	-94.812744
10099.072266	-94.689789
10104.455566	-94.810989
10109.838867	-95.009491
10115.222168	-94.420692
10120.605469	-94.199562
10125.988770	-94.220818
10131.372070	-94.854675
10136.755371	-94.693260
10142.138672	-94.438911
10147.521973	-94.330048
10152.905273	-94.787071
10158.288574	-94.194206
10163.671875	-93.684196
10169.055176	-93.451797
10174.438477	-92.746742
10179.821777	-92.860916
10185.205078	-92.886871
10190.588379	-93.322029
10195.971680	-93.624268
10201.354980	-94.218163
10206.738281	-94.240486
10212.121582	-94.536362
10217.504883	-94.866600
10222.888184	-94.566956
10228.271484	-94.018967
10233.654785	-94.088486
10239.038086	-93.652237
10244.421387	-93.814857
10249.804688	-93.940430
10255.187988	-93.780502
10260.571289	-94.184258
10265.954590	-94.185394
10271.337891	-94.397141
10276.721191	-94.027992
10282.104492	-93.960663
10287.487793	-92.718887
10292.871094	-93.531410
10298.254395	-93.364998
10303.637695	-93.510124
10309.020996	-93.474266
10314.404297	-93.977692
10319.787598	-94.189987
10325.170898	-94.789551
10330.554199	-94.724991
10335.937500	-94.397316
10341.320801	-94.972458
10346.704102	-95.337196
10352.087402	-94.680855
10357.470703	-95.212372
10362.854004	-95.421234
10368.237305	-95.199547
10373.620605	-95.514526
10379.003906	-94.969681
10384.387207	-94.875542
10389.770508	-95.121857
10395.153809	-95.442467
10400.537109	-95.533104
10405.920410	-94.851921
10411.303711	-95.358383
10416.687012	-95.017761
10422.070312	-95.176399
10427.453613	-95.120796
10432.836914	-95.022308
10438.220215	-94.617279
10443.603516	-94.402191
10448.986816	-94.232117
10454.370117	-94.494339
10459.753418	-94.247330
10465.136719	-94.297829
10470.520020	-94.475876
10475.903320	-94.476379
10481.286621	-93.995628
10486.669922	-94.417679
10492.053223	-94.201218
10497.436523	-94.249107
10502.819824	-94.834984
10508.203125	-95.371277
10513.586426	-95.641991
10518.969727	-95.018265
10524.353027	-95.891212
10529.736328	-95.728867
10535.119629	-95.960175
10540.502930	-95.919533
10545.886230	-95.320564
10551.269531	-95.975082
10556.652832	-95.947266
10562.036133	-95.426437
10567.419434	-95.152542
10572.802734	-95.001457
10578.186035	-95.996033
10583.569336	-95.582382
10588.952637	-95.365067
10594.335938	-95.334946
10599.719238	-95.110413
10605.102539	-95.440186
10610.485840	-95.320778
10615.869141	-95.438820
10621.252441	-95.985336
10626.635742	-95.874588
10632.019043	-95.236374
10637.402344	-95.311081
10642.785645	-95.320160
10648.168945	-94.338570
10653.552246	-93.832451
10658.935547	-93.979164
10664.318848	-93.542686
10669.702148	-93.890190
10675.085449	-94.142456
10680.468750	-94.104973
10685.852051	-94.728790
10691.235352	-94.267487
10696.618652	-94.434189
10702.001953	-94.412308
10707.385254	-94.649185
10712.768555	-94.406273
10718.151855	-94.661400
10723.535156	-94.365402
10728.918457	-94.158882
10734.301758	-94.653481
10739.685059	-94.115082
10745.068359	-93.946312
10750.451660	-94.463623
10755.834961	-94.317062
10761.218262	-93.747078
10766.601562	-94.274773
10771.984863	-94.397316
10777.368164	-94.651962
10782.751465	-94.310471
10788.134766	-94.349594
10793.518066	-94.766861
10798.901367	-94.121696
10804.284668	-93.981346
10809.667969	-94.222198
10815.051270	-94.847641
10820.434570	-94.407394
10825.817871	-94.803253
10831.201172	-95.143150
10836.584473	-95.066795
10841.967773	-94.738121
10847.351074	-94.540588
10852.734375	-94.279121
10858.117676	-94.339424
10863.500977	-93.965118
10868.884277	-94.204903
10874.267578	-94.813034
10879.650879	-94.801529
10885.034180	-94.443367
10890.417480	-94.201874
10895.800781	-93.396187
10901.184082	-93.256577
10906.567383	-93.035782
10911.950684	-92.260872
10917.333984	-92.401039
10922.717285	-92.407692
10928.100586	-92.504372
10933.483887	-92.525986
10938.867188	-92.102562
10944.250488	-91.735733
10949.633789	-92.515373
10955.017090	-92.728790
10960.400391	-92.886261
10965.783691	-93.067787
10971.166992	-92.627289
10976.550293	-92.379913
10981.933594	-91.543442
10987.316895	-91.701668
10992.700195	-92.864334
10998.083496	-92.872795
11003.466797	-92.930443
11008.850098	-93.183952
11014.233398	-93.009903
11019.616699	-93.297729
11025.000000	-94.422966
11030.383301	-94.522499
11035.766602	-94.054268
11041.149902	-92.976074
11046.533203	-92.979942
11051.916504	-93.910805
11057.299805	-94.190086
11062.683105	-93.968132
11068.066406	-94.297318
11073.449707	-94.205246
11078.833008	-93.925316
11084.216309	-94.128326
11089.599609	-94.325851
11094.982910	-94.727844
11100.366211	-94.685242
11105.749512	-94.328453
11111.132812	-93.852989
11116.516113	-93.648781
11121.899414	-93.802223
11127.282715	-93.885048
11132.666016	-93.344452
11138.049316	-93.472626
11143.432617	-93.738571
11148.815918	-93.480659
11154.199219	-93.933105
11159.582520	-93.753754
11164.965820	-93.446823
11170.349121	-93.404587
11175.732422	-92.798302
11181.115723	-92.425575
11186.499023	-92.582939
11191.882324	-92.757774
11197.265625	-92.257492
11202.648926	-92.369164
11208.032227	-93.057686
11213.415527	-92.863571
11218.798828	-92.980667
11224.182129	-92.710655
11229.565430	-92.245117
11234.948730	-92.038528
11240.332031	-92.906509
11245.715332	-92.997231
11251.098633	-93.256714
11256.481934	-93.252754
11261.865234	-92.387390
11267.248535	-92.747162
11272.631836	-92.197929
11278.015137	-92.341492
11283.398438	-92.584206
11288.781738	-92.978912
11294.165039	-92.938416
11299.548340	-93.391609
11304.931641	-93.633583
11310.314941	-93.078453
11315.698242	-93.111931
11321.081543	-93.751297
11326.464844	-94.299721
11331.848145	-94.967308
11337.231445	-94.811539
11342.614746	-94.959305
11347.998047	-95.089470
11353.381348	-95.360039
11358.764648	-95.345833
11364.147949	-94.526993
11369.531250	-94.911018
11374.914551	-94.682152
11380.297852	-94.061646
11385.681152	-94.702408
11391.064453	-94.472961
11396.447754	-94.651176
11401.831055	-94.389137
11407.214355	-93.595650
11412.597656	-93.410759
11417.980957	-93.174500
11423.364258	-92.671280
11428.747559	-92.898705
11434.130859	-92.452629
11439.514160	-92.369377
11444.897461	-92.188065
11450.280762	-92.103981
11455.664062	-92.055450
11461.047363	-92.841080
11466.430664	-93.711510
11471.813965	-93.865982
11477.197266	-94.297493
11482.580566	-95.274231
11487.963867	-95.200134
11493.347168	-95.415337
11498.730469	-95.752228
11504.113770	-95.070557
11509.497070	-94.904274
11514.880371	-94.940361
11520.263672	-94.933449
11525.646973	-94.958015
11531.030273	-94.339195
11536.413574	-94.435425
11541.796875	-94.423607
11547.180176	-94.756805
11552.563477	-94.700043
11557.946777	-95.212593
11563.330078	-95.227104
11568.713379	-95.004852
11574.096680	-94.980293
11579.479980	-95.189751
11584.863281	-93.972862
11590.246582	-93.459595
11595.629883	-94.511124
11601.013184	-94.198936
11606.396484	-92.156448
11611.779785	-93.043549
11617.163086	-94.112312
11622.546387	-94.144150
11627.929688	-94.330818
11633.312988	-93.589378
11638.696289	-93.687416
11644.079590	-94.011833
11649.462891	-94.010620
11654.846191	-93.808754
11660.229492	-93.470718
11665.612793	-93.653603
11670.996094	-93.873009
11676.379395	-93.508888
11681.762695	-93.746017
11687.145996	-93.389397
11692.529297	-93.111717
11697.912598	-92.655350
11703.295898	-92.400597
11708.679199	-91.402779
11714.062500	-90.948578
11719.445801	-91.421013
11724.829102	-92.290443
11730.212402	-91.968178
11735.595703	-92.653999
11740.979004	-93.209740
11746.362305	-93.670738
11751.745605	-93.712807
11757.128906	-93.618118
11762.512207	-93.590981
11767.895508	-93.175827
11773.278809	-92.846176
11778.662109	-92.966446
11784.045410	-93.098831
11789.428711	-93.245583
11794.812012	-93.983604
11800.195312	-93.647499
11805.578613	-93.468513
11810.961914	-92.669411
11816.345215	-91.670403
11821.728516	-91.995087
11827.111816	-92.807159
11832.495117	-93.254906
11837.878418	-93.762688
11843.261719	-94.224579
11848.645020	-94.855019
11854.028320	-94.976822
11859.411621	-94.710182
11864.794922	-93.669266
11870.178223	-93.678658
11875.561523	-93.200829
11880.944824	-92.967987
11886.328125	-93.630821
11891.711426	-94.071846
11897.094727	-93.834061
11902.478027	-93.909142
11907.861328	-94.079124
11913.244629	-94.366707
11918.627930	-95.157143
11924.011230	-95.479683
11929.394531	-95.168861
11934.777832	-94.602112
11940.161133	-95.099815
11945.544434	-95.577316
11950.927734	-95.546349
11956.311035	-95.833496
11961.694336	-96.061836
11967.077637	-96.245224
11972.460938	-96.139435
11977.844238	-96.128792
11983.227539	-96.354897
11988.610840	-95.895859
11993.994141	-94.969116
11999.377441	-96.290482
12004.760742	-96.834518
12010.144043	-96.419266
12015.527344	-96.274384
12020.910645	-96.718102
12026.293945	-96.468994
12031.677246	-96.866219
12037.060547	-96.989662
12042.443848	-96.928665
12047.827148	-96.914726
12053.210449	-96.969078
12058.593750	-96.479912
12063.977051	-96.007240
12069.360352	-95.837570
12074.743652	-96.385529
12080.126953	-96.501373
12085.510254	-96.689636
12090.893555	-97.085075
12096.276855	-96.923195
12101.660156	-96.496170
12107.043457	-96.580742
12112.426758	-96.718102
12117.810059	-96.829605
12123.193359	-96.396889
12128.576660	-96.129860
12133.959961	-96.298317
12139.343262	-96.135674
12144.726562	-96.126778
12150.109863	-96.334702
12155.493164	-96.945824
12160.876465	-96.649719
12166.259766	-96.920921
12171.643066	-96.664116
12177.026367	-96.194901
12182.409668	-96.532410
12187.792969	-96.387939
12193.176270	-96.291550
12198.559570	-95.893379
12203.942871	-96.273705
12209.326172	-97.122513
12214.709473	-96.820969
12220.092773	-97.130608
12225.476074	-97.184654
12230.859375	-97.475700
12236.242676	-97.178093
12241.625977	-97.350471
12247.009277	-97.536377
12252.392578	-96.824348
12257.775879	-96.735916
12263.159180	-97.062920
12268.542480	-97.217628
12273.925781	-96.510826
12279.309082	-96.435783
12284.692383	-96.077957
12290.075684	-96.236893
12295.458984	-95.907471
12300.842285	-96.032364
12306.225586	-96.523018
12311.608887	-96.725456
12316.992188	-96.576782
12322.375488	-96.684799
12327.758789	-96.790016
12333.142090	-97.109604
12338.525391	-97.186737
12343.908691	-97.689362
12349.291992	-97.694069
12354.675293	-97.004776
12360.058594	-96.908745
12365.441895	-97.368004
12370.825195	-97.235443
12376.208496	-97.266830
12381.591797	-97.494453
12386.975098	-96.992958
12392.358398	-96.788963
12397.741699	-96.932556
12403.125000	-97.040222
12408.508301	-96.755547
12413.891602	-96.423592
12419.274902	-97.086823
12424.658203	-97.293015
12430.041504	-97.612503
12435.424805	-96.947342
12440.808105	-96.619591
12446.191406	-96.723602
12451.574707	-96.500122
12456.958008	-96.842117
12462.341309	-96.786018
12467.724609	-96.672226
12473.107910	-96.818298
12478.491211	-96.888329
12483.874512	-97.339340
12489.257812	-97.117088
12494.641113	-96.929207
12500.024414	-97.325645
12505.407715	-97.119736
12510.791016	-96.842468
12516.174316	-97.875465
12521.557617	-96.912682
12526.940918	-96.509918
12532.324219	-96.141708
12537.707520	-96.375740
12543.090820	-95.946754
12548.474121	-95.579384
12553.857422	-95.578735
12559.240723	-95.848206
12564.624023	-96.335083
12570.007324	-96.414146
12575.390625	-96.379395
12580.773926	-96.322960
12586.157227	-96.823235
12591.540527	-97.061821
12596.923828	-96.923553
12602.307129	-96.713211
12607.690430	-96.588341
12613.073730	-97.037308
12618.457031	-96.816666
12623.840332	-96.872620
12629.223633	-97.039352
12634.606934	-96.554382
12639.990234	-96.391411
12645.373535	-96.439850
12650.756836	-97.286980
12656.140137	-97.048119
12661.523438	-97.090317
12666.906738	-96.848763
12672.290039	-96.900589
12677.673340	-96.606133
12683.056641	-96.398285
12688.439941	-96.841225
12693.823242	-97.134277
12699.206543	-97.597260
12704.589844	-97.501266
12709.973145	-97.629219
12715.356445	-97.465248
12720.739746	-97.106865
12726.123047	-97.343697
12731.506348	-97.579987
12736.889648	-97.841484
12742.272949	-97.964592
12747.656250	-97.044350
12753.039551	-97.362396
12758.422852	-97.543015
12763.806152	-97.727432
12769.189453	-97.835266
12774.572754	-97.997383
12779.956055	-97.713066
12785.339355	-97.342346
12790.722656	-97.579353
12796.105957	-97.491112
12801.489258	-97.808693
12806.872559	-97.737595
12812.255859	-98.085716
12817.639160	-97.576607
12823.022461	-97.741249
12828.405762	-97.917061
12833.789062	-98.478828
12839.172363	-97.841354
12844.555664	-97.826347
12849.938965	-97.073257
12855.322266	-97.544876
12860.705566	-97.346680
12866.088867	-97.470779
12871.472168	-97.859184
12876.855469	-98.102936
12882.238770	-97.596626
12887.622070	-97.584328
12893.005371	-97.680420
12898.388672	-96.703835
12903.771973	-96.615990
12909.155273	-96.854439
12914.538574	-96.222733
12919.921875	-96.252159
12925.305176	-95.645134
12930.688477	-95.659782
12936.071777	-95.529961
12941.455078	-95.188385
12946.838379	-95.220390
12952.221680	-95.017815
12957.604980	-95.179733
12962.988281	-95.905701
12968.371582	-95.415451
12973.754883	-96.183784
12979.138184	-96.793198
12984.521484	-97.032219
12989.904785	-97.324226
12995.288086	-97.655991
13000.671387	-97.516701
13006.054688	-97.328537
13011.437988	-97.514755
13016.821289	-97.353462
13022.204590	-97.006119
13027.587891	-97.654396
13032.971191	-97.470108
13038.354492	-97.080727
13043.737793	-97.162621
13049.121094	-96.860527
13054.504395	-96.679329
13059.887695	-96.697044
13065.270996	-96.431389
13070.654297	-96.583733
13076.037598	-96.674202
13081.420898	-97.124420
13086.804199	-97.205116
13092.187500	-97.080276
13097.570801	-97.238411
13102.954102	-97.700981
13108.337402	-97.963547
13113.720703	-97.598595
13119.104004	-97.194733
13124.487305	-97.123650
13129.870605	-97.650230
13135.253906	-97.487556
13140.637207	-97.066437
13146.020508	-96.954369
13151.403809	-97.141571
13156.787109	-96.847977
13162.170410	-96.754646
13167.553711	-96.229042
13172.937012	-96.933113
13178.320312	-97.390060
13183.703613	-97.095833
13189.086914	-96.492104
13194.470215	-97.136131
13199.853516	-96.680046
13205.236816	-96.298073
13210.620117	-96.033340
13216.003418	-95.891106
13221.386719	-96.098000
13226.770020	-96.832016
13232.153320	-96.862457
13237.536621	-96.682549
13242.919922	-97.170715
13248.303223	-96.911064
13253.686523	-96.541748
13259.069824	-96.570686
13264.453125	-96.613365
13269.836426	-96.243195
13275.219727	-96.241699
13280.603027	-95.856720
13285.986328	-95.570923
13291.369629	-95.480415
13296.752930	-95.686737
13302.136230	-96.428589
13307.519531	-96.325844
13312.902832	-95.695854
13318.286133	-96.202232
13323.669434	-96.796371
13329.052734	-96.827171
13334.436035	-96.485962
13339.819336	-96.796417
13345.202637	-96.390945
13350.585938	-96.282951
13355.969238	-96.093155
13361.352539	-95.181656
13366.735840	-95.310234
13372.119141	-95.359497
13377.502441	-95.426476
13382.885742	-95.567505
13388.269043	-96.023407
13393.652344	-96.242577
13399.035645	-96.352242
13404.418945	-96.717529
13409.802246	-97.111420
13415.185547	-97.453773
13420.568848	-97.078880
13425.952148	-97.019539
13431.335449	-96.922821
13436.718750	-97.443001
13442.102051	-97.769707
13447.485352	-97.378395
13452.868652	-97.130363
13458.251953	-97.305939
13463.635254	-96.535370
13469.018555	-96.511414
13474.401855	-96.156631
13479.785156	-96.308739
13485.168457	-96.558609
13490.551758	-96.527924
13495.935059	-96.199036
13501.318359	-96.716690
13506.701660	-96.891647
13512.084961	-96.549988
13517.468262	-96.459366
13522.851562	-96.158844
13528.234863	-95.895233
13533.618164	-95.854813
13539.001465	-96.206375
13544.384766	-95.806160
13549.768066	-95.894112
13555.151367	-96.040131
13560.534668	-95.942863
13565.917969	-95.826103
13571.301270	-95.695114
13576.684570	-95.451042
13582.067871	-95.748810
13587.451172	-95.797455
13592.834473	-95.319458
13598.217773	-95.623184
13603.601074	-95.253227
13608.984375	-95.893295
13614.367676	-95.997749
13619.750977	-95.473862
13625.134277	-95.687279
13630.517578	-96.523727
13635.900879	-96.531189
13641.284180	-96.388618
13646.667480	-95.978386
13652.050781	-95.543724
13657.434082	-95.565758
13662.817383	-96.268280
13668.200684	-96.664909
13673.583984	-96.979744
13678.967285	-96.507881
13684.350586	-95.983833
13689.733887	-96.194939
13695.117188	-95.829399
13700.500488	-95.849854
13705.883789	-96.193069
13711.267090	-96.030785
13716.650391	-96.239029
13722.033691	-96.100990
13727.416992	-96.150932
13732.800293	-96.044014
13738.183594	-96.553864
13743.566895	-96.258194
13748.950195	-96.198631
13754.333496	-96.081268
13759.716797	-96.142395
13765.100098	-96.452240
13770.483398	-96.832573
13775.866699	-96.807716
13781.250000	-96.740631
13786.633301	-96.790253
13792.016602	-96.990173
13797.399902	-96.840668
13802.783203	-97.088539
13808.166504	-97.172554
13813.549805	-96.693886
13818.933105	-96.887192
13824.316406	-96.648727
13829.699707	-96.047386
13835.083008	-96.208992
13840.466309	-95.908028
13845.849609	-94.951874
13851.232910	-94.882095
13856.616211	-95.139969
13861.999512	-95.292877
13867.382812	-95.176315
13872.766113	-94.719093
13878.149414	-95.031227
13883.532715	-94.724663
13888.916016	-94.351723
13894.299316	-94.330429
13899.682617	-93.767944
13905.065918	-93.453033
13910.449219	-93.988091
13915.832520	-93.943680
13921.215820	-93.612961
13926.599121	-92.844467
13931.982422	-92.872841
13937.365723	-93.128456
13942.749023	-93.300018
13948.132324	-92.975479
13953.515625	-92.167923
13958.898926	-92.510559
13964.282227	-92.410126
13969.665527	-93.093025
13975.048828	-94.387070
13980.432129	-94.599808
13985.815430	-95.746628
13991.198730	-95.709755
13996.582031	-96.194862
14001.965332	-96.735046
14007.348633	-96.833984
14012.731934	-96.913849
14018.115234	-97.116936
14023.498535	-97.173851
14028.881836	-97.705948
14034.265137	-97.796577
14039.648438	-97.607422
14045.031738	-97.864220
14050.415039	-97.941422
14055.798340	-98.169891
14061.181641	-98.191513
14066.564941	-97.707748
14071.948242	-97.787468
14077.331543	-97.409630
14082.714844	-96.806824
14088.098145	-96.956146
14093.481445	-96.350800
14098.864746	-96.890053
14104.248047	-96.720001
14109.631348	-96.264511
14115.014648	-96.247604
14120.397949	-95.687706
14125.781250	-96.176842
14131.164551	-96.641434
14136.547852	-96.974091
14141.931152	-97.183342
14147.314453	-97.091652
14152.697754	-97.076530
14158.081055	-97.191643
14163.464355	-96.834915
14168.847656	-97.138947
14174.230957	-96.967796
14179.614258	-97.416191
14184.997559	-97.767868
14190.380859	-97.851028
14195.764160	-97.416656
14201.147461	-97.482964
14206.530762	-97.367424
14211.914062	-97.436104
14217.297363	-97.192139
14222.680664	-96.401817
14228.063965	-96.324120
14233.447266	-97.579529
14238.830566	-97.640022
14244.213867	-97.107185
14249.597168	-97.198380
14254.980469	-97.223579
14260.363770	-97.754272
14265.747070	-98.171242
14271.130371	-97.503159
14276.513672	-96.946861
14281.896973	-96.853058
14287.280273	-97.467598
14292.663574	-97.285568
14298.046875	-97.153816
14303.430176	-97.642319
14308.813477	-97.356987
14314.196777	-96.573189
14319.580078	-95.949951
14324.963379	-96.008896
14330.346680	-96.468513
14335.729980	-96.582520
14341.113281	-96.961105
14346.496582	-96.776703
14351.879883	-96.825279
14357.263184	-96.771240
14362.646484	-96.592598
14368.029785	-96.444244
14373.413086	-96.372520
14378.796387	-95.620506
14384.179688	-95.650940
14389.562988	-95.853386
14394.946289	-95.845749
14400.329590	-96.329346
14405.712891	-96.546532
14411.096191	-96.700218
14416.479492	-97.138367
14421.862793	-97.086426
14427.246094	-96.743210
14432.629395	-96.203621
14438.012695	-95.833633
14443.395996	-96.392578
14448.779297	-96.084473
14454.162598	-96.037819
14459.545898	-96.425598
14464.929199	-96.718575
14470.312500	-96.670250
14475.695801	-97.043945
14481.079102	-96.486893
14486.462402	-96.596581
14491.845703	-96.246498
14497.229004	-95.900505
14502.612305	-96.299080
14507.995605	-93.859810
14513.378906	-95.606834
14518.762207	-95.973198
14524.145508	-96.151970
14529.528809	-95.832367
14534.912109	-95.878937
14540.295410	-95.853584
14545.678711	-96.203415
14551.062012	-95.377411
14556.445312	-95.603447
14561.828613	-95.625946
14567.211914	-95.928291
14572.595215	-95.904755
14577.978516	-95.890923
14583.361816	-96.130325
14588.745117	-95.854141
14594.128418	-96.013184
14599.511719	-95.936485
14604.895020	-95.248756
14610.278320	-94.796524
14615.661621	-94.601997
14621.044922	-94.320007
14626.428223	-94.412804
14631.811523	-94.571388
14637.194824	-94.027885
14642.578125	-93.919548
14647.961426	-94.418068
14653.344727	-94.509064
14658.728027	-94.713058
14664.111328	-95.204636
14669.494629	-95.165352
14674.877930	-95.661476
14680.261230	-96.004219
14685.644531	-96.195602
14691.027832	-96.548508
14696.411133	-96.027626
14701.794434	-95.904663
14707.177734	-96.355675
14712.561035	-96.555801
14717.944336	-96.849228
14723.327637	-97.637314
14728.710938	-97.248390
14734.094238	-97.087570
14739.477539	-97.805367
14744.860840	-97.605385
14750.244141	-97.246658
14755.627441	-97.053253
14761.010742	-97.120407
14766.394043	-96.544518
14771.777344	-96.104103
14777.160645	-95.291611
14782.543945	-95.063896
14787.927246	-95.561783
14793.310547	-95.601761
14798.693848	-95.526703
14804.077148	-96.044647
14809.460449	-97.134697
14814.843750	-97.557274
14820.227051	-97.290855
14825.610352	-96.545601
14830.993652	-96.400162
14836.376953	-96.516685
14841.760254	-96.265228
14847.143555	-96.317528
14852.526855	-96.759254
14857.910156	-96.517014
14863.293457	-96.769173
14868.676758	-97.091499
14874.060059	-97.159126
14879.443359	-96.824562
14884.826660	-97.040009
14890.209961	-96.901001
14895.593262	-97.205544
14900.976562	-96.676178
14906.359863	-96.504295
14911.743164	-97.258804
14917.126465	-96.610306
14922.509766	-96.734932
14927.893066	-96.478554
14933.276367	-95.967651
14938.659668	-95.397903
14944.042969	-95.171585
14949.426270	-95.098427
14954.809570	-94.615692
14960.192871	-94.322144
14965.576172	-94.664497
14970.959473	-94.148277
14976.342773	-93.973206
14981.726074	-93.975868
14987.109375	-93.388786
14992.492676	-93.305290
14997.875977	-93.260918
15003.259277	-94.093376
15008.642578	-94.093307
15014.025879	-93.671494
15019.409180	-93.093056
15024.792480	-92.503471
15030.175781	-92.907516
15035.559082	-92.992043
15040.942383	-93.066940
15046.325684	-93.465752
15051.708984	-94.422836
15057.092285	-95.306442
15062.475586	-95.191658
15067.858887	-95.587936
15073.242188	-95.623131
15078.625488	-95.337509
15084.008789	-95.557472
15089.392090	-95.159210
15094.775391	-95.494278
15100.158691	-95.408531
15105.541992	-95.414146
15110.925293	-95.579430
15116.308594	-94.689896
15121.691895	-95.093445
15127.075195	-94.973145
15132.458496	-94.761986
15137.841797	-95.175102
15143.225098	-94.984283
15148.608398	-95.161072
15153.991699	-95.348213
15159.375000	-95.716568
15164.758301	-96.098541
15170.141602	-96.145927
15175.524902	-96.082153
15180.908203	-95.577209
15186.291504	-95.013329
15191.674805	-94.701416
15197.058105	-94.685600
15202.441406	-94.855812
15207.824707	-94.645401
15213.208008	-95.047989
15218.591309	-95.445000
15223.974609	-95.633034
15229.357910	-96.364189
15234.741211	-96.415916
15240.124512	-95.966820
15245.507812	-95.821007
15250.891113	-96.451134
15256.274414	-96.527725
15261.657715	-96.777954
15267.041016	-97.422104
15272.424316	-97.399338
15277.807617	-97.268295
15283.190918	-97.065323
15288.574219	-96.594734
15293.957520	-96.606255
15299.340820	-96.607986
15304.724121	-96.877892
15310.107422	-97.098885
15315.490723	-96.856216
15320.874023	-96.269753
15326.257324	-96.584244
15331.640625	-97.056633
15337.023926	-96.873573
15342.407227	-96.570312
15347.790527	-96.509705
15353.173828	-96.334991
15358.557129	-96.409172
15363.940430	-97.400993
15369.323730	-97.618446
15374.707031	-96.976135
15380.090332	-96.935791
15385.473633	-95.940407
15390.856934	-95.733948
15396.240234	-94.717583
15401.623535	-94.862541
15407.006836	-94.989143
15412.390137	-94.835777
15417.773438	-94.253670
15423.156738	-94.102943
15428.540039	-93.367424
15433.923340	-93.820358
15439.306641	-93.111526
15444.689941	-92.751801
15450.073242	-93.459663
15455.456543	-93.616936
15460.839844	-93.634766
15466.223145	-93.968079
15471.606445	-94.982254
15476.989746	-95.641525
15482.373047	-96.070107
15487.756348	-96.120224
15493.139648	-96.179871
15498.522949	-96.186775
15503.906250	-96.350258
15509.289551	-96.409828
15514.672852	-96.857956
15520.056152	-96.833290
15525.439453	-96.942787
15530.822754	-96.652748
15536.206055	-96.659401
15541.589355	-96.474419
15546.972656	-96.903351
15552.355957	-96.398407
15557.739258	-96.774620
15563.122559	-96.585045
15568.505859	-96.194603
15573.889160	-95.688667
15579.272461	-95.684212
15584.655762	-96.295708
15590.039062	-95.633919
15595.422363	-96.127319
15600.805664	-96.385559
15606.188965	-96.368454
15611.572266	-96.681114
15616.955566	-96.756310
15622.338867	-96.204819
15627.722168	-96.263245
15633.105469	-96.835190
15638.488770	-96.762672
15643.872070	-96.511040
15649.255371	-96.172356
15654.638672	-95.923225
15660.021973	-95.923210
15665.405273	-95.610008
15670.788574	-95.834465
15676.171875	-95.360260
15681.555176	-95.044136
15686.938477	-95.018875
15692.321777	-94.399521
15697.705078	-93.992577
15703.088379	-93.795059
15708.471680	-93.516235
15713.854980	-93.316772
15719.238281	-94.048424
15724.621582	-94.675964
15730.004883	-94.835579
15735.388184	-95.516960
15740.771484	-95.638275
15746.154785	-95.936638
15751.538086	-96.200333
15756.921387	-96.146027
15762.304688	-96.943466
15767.687988	-97.140038
15773.071289	-97.570953
15778.454590	-97.829018
15783.837891	-97.793831
15789.221191	-97.791878
15794.604492	-97.390839
15799.987793	-97.044273
15805.371094	-97.243073
15810.754395	-97.141975
15816.137695	-96.926933
15821.520996	-97.146797
15826.904297	-97.331078
15832.287598	-97.702354
15837.670898	-97.099579
15843.054199	-97.439148
15848.437500	-96.878159
15853.820801	-96.590668
15859.204102	-97.753151
15864.587402	-98.159813
15869.970703	-97.285797
15875.354004	-97.700607
15880.737305	-97.786453
15886.120605	-97.809639
15891.503906	-97.784821
15896.887207	-97.609886
15902.270508	-98.032997
15907.653809	-97.514404
15913.037109	-97.060143
15918.420410	-97.431839
15923.803711	-97.780830
15929.187012	-97.597298
15934.570312	-97.659599
15939.953613	-97.531456
15945.336914	-97.022865
15950.720215	-96.970985
15956.103516	-97.401802
15961.486816	-97.257736
15966.870117	-97.505684
15972.253418	-97.132401
15977.636719	-97.370590
15983.020020	-97.666748
15988.403320	-97.644371
15993.786621	-96.834114
15999.169922	-96.291710
16004.553223	-96.501953
16009.936523	-96.488632
16015.319824	-96.252296
16020.703125	-95.846848
16026.086426	-96.074295
16031.469727	-95.775635
16036.853027	-94.632896
16042.236328	-94.853958
16047.619629	-95.015411
16053.002930	-94.594734
16058.386230	-94.757790
16063.769531	-94.710419
16069.152832	-94.725243
16074.536133	-94.867287
16079.919434	-94.865646
16085.302734	-94.563530
16090.686035	-94.967880
16096.069336	-95.443863
16101.452637	-95.764542
16106.835938	-95.951195
16112.219238	-96.290718
16117.602539	-96.567055
16122.985840	-97.237495
16128.369141	-96.944557
16133.752441	-97.096825
16139.135742	-97.738838
16144.519043	-97.603584
16149.902344	-97.720695
16155.285645	-97.654648
16160.668945	-97.839279
16166.052246	-97.884460
16171.435547	-97.407867
16176.818848	-98.364227
16182.202148	-98.468033
16187.585449	-98.304344
16192.968750	-98.326675
16198.352051	-98.350822
16203.735352	-98.291412
16209.118652	-98.431015
16214.501953	-98.443123
16219.885254	-98.043732
16225.268555	-97.718124
16230.651855	-97.404808
16236.035156	-97.938850
16241.418457	-97.661507
16246.801758	-97.045990
16252.185059	-97.077873
16257.568359	-96.933899
16262.951660	-96.886368
16268.334961	-96.671844
16273.718262	-97.055511
16279.101562	-97.385933
16284.484863	-97.066765
16289.868164	-96.824799
16295.251465	-97.005196
16300.634766	-96.731987
16306.018066	-96.439911
16311.401367	-96.725769
16316.784668	-97.067627
16322.167969	-97.249329
16327.551270	-97.509781
16332.934570	-97.507790
16338.317871	-97.515488
16343.701172	-97.552017
16349.084473	-97.804459
16354.467773	-97.522408
16359.851074	-97.487236
16365.234375	-97.998093
16370.617676	-98.085251
16376.000977	-97.682121
16381.384277	-98.174973
16386.767578	-98.511032
16392.150879	-98.525398
16397.534180	-98.035027
16402.917480	-98.212456
16408.300781	-98.306252
16413.684082	-97.856339
16419.067383	-97.617882
16424.450684	-97.745224
16429.833984	-97.839867
16435.217285	-97.784134
16440.600586	-97.341888
16445.983887	-97.192017
16451.367188	-97.338936
16456.750488	-97.203598
16462.133789	-97.461220
16467.517090	-97.130936
16472.900391	-97.851807
16478.283691	-97.572777
16483.666992	-97.631187
16489.050293	-97.414848
16494.433594	-97.139305
16499.816895	-97.481094
16505.200195	-97.697197
16510.583496	-97.344162
16515.966797	-97.227142
16521.350098	-96.967567
16526.733398	-97.113274
16532.116699	-96.624786
16537.500000	-96.450462
16542.883301	-96.964325
16548.266602	-97.656136
16553.649902	-97.625107
16559.033203	-97.697357
16564.416504	-97.625526
16569.799805	-97.691437
16575.183105	-98.104332
16580.566406	-98.475517
16585.949707	-97.824249
16591.333008	-97.764656
16596.716309	-97.988075
16602.099609	-97.801254
16607.482910	-97.667763
16612.866211	-97.367134
16618.249512	-97.871063
16623.632812	-97.618958
16629.016113	-97.812630
16634.399414	-98.000084
16639.782715	-98.689690
16645.166016	-98.604156
16650.549316	-98.173073
16655.932617	-98.367546
16661.315918	-98.679008
16666.699219	-98.581291
16672.082520	-98.165558
16677.465820	-97.721016
16682.849121	-98.052589
16688.232422	-97.875114
16693.615723	-98.354721
16698.999023	-98.871429
16704.382324	-98.363739
16709.765625	-98.403847
16715.148926	-98.190033
16720.532227	-97.147957
16725.915527	-97.229782
16731.298828	-97.007500
16736.682129	-97.113045
16742.065430	-97.659492
16747.448730	-97.347481
16752.832031	-97.687836
16758.215332	-97.766243
16763.598633	-98.368217
16768.981934	-98.313736
16774.365234	-98.268188
16779.748535	-98.348076
16785.131836	-98.350632
16790.515137	-98.171913
16795.898438	-98.569740
16801.281738	-98.433723
16806.665039	-98.115501
16812.048340	-98.003418
16817.431641	-98.511200
16822.814941	-98.123466
16828.198242	-98.304405
16833.581543	-97.452339
16838.964844	-97.639267
16844.348145	-97.659416
16849.731445	-97.469170
16855.114746	-97.456245
16860.498047	-97.549843
16865.881348	-98.130089
16871.264648	-97.489670
16876.647949	-97.356209
16882.031250	-97.710426
16887.414551	-97.141029
16892.797852	-96.775101
16898.181152	-97.154465
16903.564453	-97.543236
16908.947754	-97.642197
16914.331055	-97.987640
16919.714355	-98.786789
16925.097656	-99.093094
16930.480957	-98.502609
16935.864258	-98.416237
16941.247559	-98.510887
16946.630859	-98.346382
16952.014160	-98.261536
16957.397461	-98.094307
16962.780762	-98.091469
16968.164062	-98.155632
16973.547363	-98.029541
16978.930664	-98.398445
16984.313965	-98.387489
16989.697266	-99.084457
16995.080566	-98.319084
17000.463867	-98.486832
17005.847168	-98.799263
17011.230469	-98.183029
17016.613770	-97.923088
17021.997070	-97.935059
17027.380371	-98.324547
17032.763672	-98.458328
17038.146973	-97.828850
17043.530273	-97.222321
17048.913574	-97.381531
17054.296875	-96.867989
17059.680176	-96.689400
17065.063477	-96.827385
17070.446777	-97.081520
17075.830078	-97.114861
17081.213379	-97.600349
17086.596680	-98.099144
17091.979980	-97.568314
17097.363281	-97.927994
17102.746582	-98.689453
17108.129883	-98.516586
17113.513184	-98.510902
17118.896484	-98.831139
17124.279785	-98.817490
17129.663086	-99.155342
17135.046387	-98.870476
17140.429688	-98.614601
17145.812988	-98.733521
17151.196289	-98.582245
17156.579590	-98.538094
17161.962891	-98.710335
17167.346191	-97.818810
17172.729492	-98.448624
17178.112793	-98.735741
17183.496094	-98.912575
17188.879395	-98.632240
17194.262695	-98.771881
17199.645996	-98.546394
17205.029297	-98.238754
17210.412598	-98.170593
17215.795898	-98.590797
17221.179199	-98.523697
17226.562500	-98.853302
17231.945801	-98.903702
17237.329102	-98.702080
17242.712402	-98.533867
17248.095703	-98.017830
17253.479004	-98.392349
17258.862305	-98.889832
17264.245605	-99.077965
17269.628906	-98.968422
17275.012207	-98.722717
17280.395508	-98.669464
17285.778809	-98.511162
17291.162109	-98.692223
17296.545410	-99.312126
17301.928711	-99.207756
17307.312012	-98.663597
17312.695312	-98.179573
17318.078613	-98.189011
17323.461914	-97.906616
17328.845215	-97.809685
17334.228516	-98.015602
17339.611816	-98.266045
17344.995117	-98.058357
17350.378418	-98.742638
17355.761719	-99.248055
17361.145020	-98.877190
17366.528320	-99.024033
17371.911621	-98.650436
17377.294922	-98.437294
17382.678223	-98.614838
17388.061523	-99.086128
17393.444824	-98.936447
17398.828125	-98.608215
17404.211426	-98.795181
17409.594727	-97.956665
17414.978027	-98.287102
17420.361328	-98.320122
17425.744629	-98.624634
17431.127930	-98.358192
17436.511230	-98.152184
17441.894531	-97.779617
17447.277832	-98.235916
17452.661133	-97.897461
17458.044434	-97.982925
17463.427734	-98.531021
17468.811035	-98.829712
17474.194336	-99.038368
17479.577637	-98.748367
17484.960938	-98.793648
17490.344238	-99.283501
17495.727539	-98.848297
17501.110840	-98.601807
17506.494141	-98.613464
17511.877441	-98.725060
17517.260742	-98.509567
17522.644043	-98.563713
17528.027344	-99.158905
17533.410645	-99.030037
17538.793945	-98.626656
17544.177246	-98.513695
17549.560547	-98.608826
17554.943848	-98.203850
17560.327148	-98.466087
17565.710449	-98.752174
17571.093750	-98.636627
17576.477051	-98.446693
17581.860352	-98.770706
17587.243652	-99.080406
17592.626953	-98.989220
17598.010254	-98.409622
17603.393555	-98.313377
17608.776855	-99.246628
17614.160156	-99.433311
17619.543457	-98.885345
17624.926758	-98.976959
17630.310059	-99.055435
17635.693359	-98.463417
17641.076660	-98.861908
17646.459961	-99.079407
17651.843262	-99.267822
17657.226562	-98.971474
17662.609863	-98.943855
17667.993164	-99.177650
17673.376465	-99.448402
17678.759766	-99.268974
17684.143066	-98.894676
17689.526367	-99.129593
17694.909668	-99.681900
17700.292969	-99.662430
17705.676270	-99.268745
17711.059570	-98.984566
17716.442871	-99.199501
17721.826172	-99.209023
17727.209473	-99.429695
17732.592773	-99.405632
17737.976074	-98.716682
17743.359375	-98.697800
17748.742676	-99.103790
17754.125977	-98.990685
17759.509277	-99.173233
17764.892578	-98.820793
17770.275879	-98.624542
17775.659180	-99.312431
17781.042480	-99.404518
17786.425781	-99.056068
17791.809082	-98.727898
17797.192383	-98.756226
17802.575684	-98.908066
17807.958984	-99.047150
17813.342285	-98.124390
17818.725586	-98.125710
17824.108887	-98.136154
17829.492188	-98.512306
17834.875488	-98.525932
17840.258789	-98.599747
17845.642090	-98.418648
17851.025391	-98.497589
17856.408691	-98.581726
17861.791992	-98.488335
17867.175293	-98.802025
17872.558594	-99.042480
17877.941895	-99.204659
17883.325195	-98.899841
17888.708496	-98.869392
17894.091797	-98.466377
17899.475098	-98.637825
17904.858398	-99.109398
17910.241699	-99.087204
17915.625000	-99.237450
17921.008301	-98.800842
17926.391602	-98.608116
17931.774902	-99.340034
17937.158203	-99.295380
17942.541504	-99.167465
17947.924805	-98.615822
17953.308105	-98.666389
17958.691406	-98.263550
17964.074707	-98.584808
17969.458008	-99.003212
17974.841309	-99.166763
17980.224609	-99.189209
17985.607910	-98.668633
17990.991211	-98.543816
17996.374512	-98.713707
18001.757812	-98.736778
18007.141113	-98.719162
18012.524414	-98.520805
18017.907715	-98.434952
18023.291016	-98.628036
18028.674316	-98.767685
18034.057617	-98.741463
18039.440918	-98.864670
18044.824219	-98.809853
18050.207520	-99.366302
18055.590820	-98.650139
18060.974121	-98.392670
18066.357422	-98.113800
18071.740723	-98.613724
18077.124023	-98.965927
18082.507324	-98.987488
18087.890625	-99.138344
18093.273926	-98.538567
18098.657227	-98.645493
18104.040527	-98.779884
18109.423828	-98.928848
18114.807129	-98.407013
18120.190430	-98.291946
18125.573730	-98.198685
18130.957031	-98.277969
18136.340332	-98.571411
18141.723633	-98.761902
18147.106934	-98.485199
18152.490234	-97.916878
18157.873535	-98.496674
18163.256836	-98.307144
18168.640137	-98.321129
18174.023438	-98.703499
18179.406738	-98.389915
18184.790039	-98.531319
18190.173340	-98.499733
18195.556641	-98.091171
18200.939941	-97.620148
18206.323242	-97.955391
18211.706543	-98.140633
18217.089844	-98.137581
18222.473145	-97.560883
18227.856445	-97.198845
18233.239746	-97.744011
18238.623047	-97.935883
18244.006348	-97.701584
18249.389648	-97.751617
18254.772949	-97.937752
18260.156250	-97.590691
18265.539551	-97.430626
18270.922852	-97.478004
18276.306152	-97.576645
18281.689453	-98.007759
18287.072754	-97.953743
18292.456055	-97.698746
18297.839355	-98.227966
18303.222656	-98.388680
18308.605957	-98.437592
18313.989258	-98.433701
18319.372559	-97.851219
18324.755859	-98.209473
18330.139160	-97.885284
18335.522461	-97.782036
18340.905762	-97.945618
18346.289062	-97.795677
18351.672363	-97.406357
18357.055664	-97.677559
18362.438965	-97.546288
18367.822266	-97.555420
18373.205566	-97.617157
18378.588867	-97.314476
18383.972168	-97.260857
18389.355469	-97.794617
18394.738770	-98.056061
18400.122070	-97.815788
18405.505371	-97.880310
18410.888672	-97.835144
18416.271973	-98.084122
18421.655273	-97.737785
18427.038574	-97.632675
18432.421875	-98.013870
18437.805176	-97.915054
18443.188477	-97.591438
18448.571777	-97.762672
18453.955078	-97.556267
18459.338379	-97.617371
18464.721680	-97.587685
18470.104980	-97.673271
18475.488281	-97.646927
18480.871582	-97.254417
18486.254883	-97.655273
18491.638184	-98.318428
18497.021484	-97.726608
18502.404785	-97.863869
18507.788086	-98.280861
18513.171387	-98.124008
18518.554688	-97.923027
18523.937988	-97.726898
18529.321289	-97.719635
18534.704590	-97.920143
18540.087891	-97.910606
18545.471191	-97.594360
18550.854492	-98.152245
18556.237793	-97.935249
18561.621094	-97.844429
18567.004395	-97.563889
18572.387695	-97.938866
18577.770996	-98.456955
18583.154297	-98.276344
18588.537598	-98.414513
18593.920898	-97.376030
18599.304199	-97.236557
18604.687500	-97.679199
18610.070801	-97.744797
18615.454102	-97.666000
18620.837402	-97.319420
18626.220703	-97.288910
18631.604004	-97.886719
18636.987305	-98.293701
18642.370605	-97.842064
18647.753906	-98.282852
18653.137207	-98.004166
18658.520508	-97.558304
18663.903809	-97.826912
18669.287109	-97.908867
18674.670410	-97.571060
18680.053711	-97.490570
18685.437012	-97.743851
18690.820312	-97.857903
18696.203613	-97.130966
18701.586914	-97.144791
18706.970215	-97.350143
18712.353516	-97.327354
18717.736816	-97.032516
18723.120117	-96.448380
18728.503418	-97.043221
18733.886719	-96.742844
18739.270020	-96.645340
18744.653320	-96.821724
18750.036621	-97.164238
18755.419922	-97.377739
18760.803223	-97.451385
18766.186523	-97.813202
18771.569824	-97.684219
18776.953125	-97.475166
18782.336426	-97.849426
18787.719727	-97.537697
18793.103027	-97.128632
18798.486328	-97.199951
18803.869629	-97.639053
18809.252930	-97.894753
18814.636230	-97.865280
18820.019531	-97.688087
18825.402832	-97.947319
18830.786133	-98.385025
18836.169434	-97.962715
18841.552734	-97.359596
18846.936035	-97.778748
18852.319336	-98.071777
18857.702637	-97.543266
18863.085938	-97.707855
18868.469238	-97.980659
18873.852539	-97.426582
18879.235840	-97.341431
18884.619141	-97.879730
18890.002441	-97.850311
18895.385742	-97.501808
18900.769043	-96.974655
18906.152344	-97.284508
18911.535645	-97.306938
18916.918945	-98.095001
18922.302246	-98.070259
18927.685547	-98.003326
18933.068848	-97.375343
18938.452148	-97.253189
18943.835449	-97.602959
18949.218750	-97.708473
18954.602051	-97.550095
18959.985352	-97.544930
18965.368652	-97.485886
18970.751953	-97.839867
18976.135254	-98.118622
18981.518555	-97.927299
18986.901855	-97.560570
18992.285156	-97.800026
18997.668457	-97.635689
19003.051758	-98.138779
19008.435059	-98.148491
19013.818359	-98.068947
19019.201660	-98.469521
19024.584961	-98.438263
19029.968262	-97.901726
19035.351562	-97.651955
19040.734863	-97.301117
19046.118164	-97.823212
19051.501465	-98.597565
19056.884766	-98.180603
19062.268066	-98.159058
19067.651367	-97.973701
19073.034668	-98.284683
19078.417969	-98.503647
19083.801270	-98.240440
19089.184570	-97.981712
19094.567871	-96.854469
19099.951172	-97.631210
19105.334473	-97.778122
19110.717773	-97.749001
19116.101074	-97.538528
19121.484375	-97.381874
19126.867676	-97.796753
19132.250977	-98.174049
19137.634277	-98.146080
19143.017578	-98.028435
19148.400879	-98.180145
19153.784180	-97.898140
19159.167480	-98.008575
19164.550781	-97.668304
19169.934082	-97.945442
19175.317383	-98.263039
19180.700684	-98.428780
19186.083984	-98.312614
19191.467285	-98.572899
19196.850586	-97.638855
19202.233887	-97.754784
19207.617188	-98.192131
19213.000488	-98.168800
19218.383789	-98.205818
19223.767090	-98.673386
19229.150391	-98.402428
19234.533691	-98.706184
19239.916992	-98.187752
19245.300293	-97.810898
19250.683594	-98.212181
19256.066895	-98.421509
19261.450195	-98.712914
19266.833496	-97.853149
19272.216797	-97.091042
19277.600098	-97.461884
19282.983398	-97.670090
19288.366699	-97.561630
19293.750000	-97.491142
19299.133301	-97.138504
19304.516602	-97.507225
19309.899902	-97.010406
19315.283203	-96.898933
19320.666504	-97.438400
19326.049805	-97.255066
19331.433105	-97.302414
19336.816406	-97.513710
19342.199707	-97.706390
19347.583008	-97.134727
19352.966309	-97.313950
19358.349609	-97.750282
19363.732910	-97.488205
19369.116211	-97.990402
19374.499512	-98.390190
19379.882812	-98.102943
19385.266113	-98.319504
19390.649414	-98.169853
19396.032715	-97.964310
19401.416016	-98.038010
19406.799316	-98.018715
19412.182617	-97.643890
19417.565918	-97.638985
19422.949219	-97.046921
19428.332520	-97.235237
19433.715820	-97.193787
19439.099121	-97.367767
19444.482422	-97.271721
19449.865723	-97.419907
19455.249023	-97.581924
19460.632324	-97.530418
19466.015625	-97.620110
19471.398926	-97.587357
19476.782227	-97.739380
19482.165527	-97.223114
19487.548828	-97.292374
19492.932129	-97.764954
19498.315430	-98.267784
19503.698730	-98.346085
19509.082031	-98.069710
19514.465332	-97.655556
19519.848633	-97.503113
19525.231934	-98.174492
19530.615234	-98.230782
19535.998535	-98.604156
19541.381836	-98.839851
19546.765137	-98.615593
19552.148438	-98.813660
19557.531738	-98.929359
19562.915039	-98.930069
19568.298340	-98.637321
19573.681641	-98.789497
19579.064941	-98.890953
19584.448242	-98.838303
19589.831543	-98.607391
19595.214844	-98.387695
19600.598145	-98.441483
19605.981445	-98.367516
19611.364746	-99.077866
19616.748047	-98.781815
19622.131348	-98.075935
19627.514648	-98.001205
19632.897949	-98.793388
19638.281250	-99.012917
19643.664551	-98.605927
19649.047852	-98.345840
19654.431152	-98.336327
19659.814453	-98.660805
19665.197754	-98.622833
19670.581055	-98.668221
19675.964355	-98.319336
19681.347656	-98.160217
19686.730957	-98.449730
19692.114258	-98.393684
19697.497559	-98.751137
19702.880859	-99.007668
19708.264160	-98.727051
19713.647461	-98.578812
19719.030762	-98.335648
19724.414062	-98.185799
19729.797363	-98.432564
19735.180664	-98.438072
19740.563965	-98.609657
19745.947266	-98.788582
19751.330566	-98.794746
19756.713867	-98.923706
19762.097168	-98.208237
19767.480469	-98.268257
19772.863770	-98.806664
19778.247070	-99.112892
19783.630371	-98.633629
19789.013672	-98.490929
19794.396973	-98.943832
19799.780273	-99.313080
19805.163574	-98.700394
19810.546875	-98.826149
19815.930176	-99.025696
19821.313477	-98.556244
19826.696777	-98.271759
19832.080078	-98.460114
19837.463379	-98.415306
19842.846680	-98.541924
19848.229980	-98.929222
19853.613281	-98.620178
19858.996582	-98.881630
19864.379883	-98.807640
19869.763184	-98.927742
19875.146484	-98.430893
19880.529785	-98.399826
19885.913086	-98.420097
19891.296387	-98.907410
19896.679688	-98.744789
19902.062988	-98.344414
19907.446289	-98.417854
19912.829590	-98.354462
19918.212891	-98.425659
19923.596191	-98.705231
19928.979492	-98.584259
19934.362793	-98.364647
19939.746094	-98.404633
19945.129395	-98.231873
19950.512695	-98.988693
19955.895996	-99.244446
19961.279297	-99.352386
19966.662598	-98.479477
19972.045898	-98.447113
19977.429199	-98.734947
19982.812500	-98.250198
19988.195801	-98.225304
19993.579102	-98.455040
19998.962402	-98.551239
20004.345703	-98.549744
20009.729004	-98.881271
20015.112305	-98.509956
20020.495605	-98.218819
20025.878906	-98.513550
20031.262207	-98.188850
20036.645508	-98.410919
20042.028809	-98.405991
20047.412109	-98.439644
20052.795410	-98.165474
20058.178711	-98.199493
20063.562012	-98.590790
20068.945312	-98.752472
20074.328613	-98.749992
20079.711914	-98.936226
20085.095215	-98.493965
20090.478516	-98.350990
20095.861816	-98.524109
20101.245117	-98.048851
20106.628418	-98.336975
20112.011719	-98.882675
20117.395020	-98.376183
20122.778320	-98.862778
20128.161621	-99.021416
20133.544922	-99.095772
20138.928223	-98.660339
20144.311523	-99.040520
20149.694824	-99.172142
20155.078125	-98.795921
20160.461426	-98.880615
20165.844727	-98.778694
20171.228027	-99.184303
20176.611328	-99.229034
20181.994629	-99.086250
20187.377930	-98.840981
20192.761230	-98.891975
20198.144531	-99.278130
20203.527832	-99.191483
20208.911133	-99.133026
20214.294434	-99.376389
20219.677734	-99.734261
20225.061035	-99.361946
20230.444336	-99.291779
20235.827637	-99.247391
20241.210938	-99.069580
20246.594238	-99.702438
20251.977539	-98.780571
20257.360840	-98.613060
20262.744141	-98.815155
20268.127441	-99.325829
20273.510742	-98.966660
20278.894043	-98.943398
20284.277344	-99.044090
20289.660645	-98.817787
20295.043945	-99.449738
20300.427246	-99.326622
20305.810547	-98.914696
20311.193848	-99.445541
20316.577148	-99.516220
20321.960449	-99.242966
20327.343750	-99.416840
20332.727051	-99.435944
20338.110352	-99.662476
20343.493652	-99.425743
20348.876953	-99.751541
20354.260254	-99.693001
20359.643555	-100.102730
20365.026855	-99.937927
20370.410156	-99.986557
20375.793457	-99.285301
20381.176758	-99.125961
20386.560059	-99.550575
20391.943359	-99.581978
20397.326660	-99.753838
20402.709961	-99.593811
20408.093262	-100.037727
20413.476562	-100.318832
20418.859863	-100.797661
20424.243164	-100.946106
20429.626465	-99.773788
20435.009766	-99.676971
20440.393066	-100.472176
20445.776367	-100.249840
20451.159668	-100.474052
20456.542969	-100.931252
20461.926270	-100.377876
20467.309570	-100.127670
20472.692871	-100.637268
20478.076172	-100.790375
20483.459473	-100.519661
20488.842773	-100.119720
20494.226074	-100.227859
20499.609375	-100.665382
20504.992676	-101.149902
20510.375977	-101.213272
20515.759277	-101.607254
20521.142578	-101.675613
20526.525879	-100.822968
20531.909180	-101.240250
20537.292480	-101.827538
20542.675781	-101.746124
20548.059082	-101.720558
20553.442383	-102.262268
20558.825684	-102.128082
20564.208984	-102.025810
20569.592285	-102.093994
20574.975586	-102.165543
20580.358887	-102.273972
20585.742188	-102.102982
20591.125488	-102.396629
20596.508789	-103.121933
20601.892090	-102.767044
20607.275391	-102.178673
20612.658691	-102.376152
20618.041992	-102.316032
20623.425293	-102.622246
20628.808594	-102.604652
20634.191895	-102.738594
20639.575195	-102.696228
20644.958496	-102.949493
20650.341797	-103.292824
20655.725098	-103.507889
20661.108398	-103.406448
20666.491699	-103.830818
20671.875000	-104.119919
20677.258301	-103.595795
20682.641602	-103.455322
20688.024902	-103.844749
20693.408203	-103.785553
20698.791504	-103.470520
20704.174805	-103.607788
20709.558105	-103.983742
20714.941406	-104.784782
20720.324707	-104.921181
20725.708008	-104.395760
20731.091309	-104.682487
20736.474609	-104.848259
20741.857910	-104.981590
20747.241211	-104.944389
20752.624512	-105.363365
20758.007812	-105.316597
20763.391113	-105.077103
20768.774414	-105.953682
20774.157715	-106.004990
20779.541016	-106.183922
20784.924316	-106.197609
20790.307617	-106.003448
20795.690918	-106.336990
20801.074219	-106.414658
20806.457520	-106.595451
20811.840820	-107.281677
20817.224121	-107.525757
20822.607422	-107.488792
20827.990723	-107.585258
20833.374023	-107.703499
20838.757324	-107.753891
20844.140625	-107.689888
20849.523926	-107.894310
20854.907227	-107.371086
20860.290527	-107.662933
20865.673828	-107.934418
20871.057129	-108.461952
20876.440430	-108.815826
20881.823730	-108.893951
20887.207031	-109.516510
20892.590332	-109.368156
20897.973633	-109.529282
20903.356934	-109.213020
20908.740234	-109.437965
20914.123535	-110.186150
20919.506836	-109.657623
20924.890137	-110.092705
20930.273438	-110.451530
20935.656738	-111.088158
20941.040039	-110.899544
20946.423340	-111.173477
20951.806641	-111.051025
20957.189941	-111.062767
20962.573242	-111.485573
20967.956543	-111.582657
20973.339844	-112.215691
20978.723145	-112.211433
20984.106445	-112.127792
20989.489746	-112.366882
20994.873047	-112.827599
21000.256348	-112.461525
21005.639648	-113.065056
21011.022949	-113.368134
21016.406250	-114.124306
21021.789551	-114.258629
21027.172852	-114.298378
21032.556152	-114.857422
21037.939453	-114.798218
21043.322754	-115.175438
21048.706055	-115.440536
21054.089355	-114.975441
21059.472656	-115.591499
21064.855957	-115.018646
21070.239258	-115.903084
21075.622559	-115.773430
21081.005859	-116.432358
21086.389160	-116.483063
21091.772461	-116.576302
21097.155762	-117.315697
21102.539062	-117.481422
21107.922363	-117.273064
21113.305664	-117.786896
21118.688965	-118.131996
21124.072266	-118.277641
21129.455566	-118.669388
21134.838867	-119.041718
21140.222168	-118.702461
21145.605469	-119.300186
21150.988770	-119.260437
21156.372070	-119.517097
21161.755371	-115.649895
21167.138672	-117.628685
21172.521973	-119.851685
21177.905273	-119.993156
21183.288574	-120.623634
21188.671875	-120.615219
21194.055176	-121.030090
21199.438477	-121.073441
21204.821777	-121.651207
21210.205078	-122.021347
21215.588379	-122.637718
21220.971680	-121.932076
21226.354980	-122.696732
21231.738281	-122.876350
21237.121582	-122.424179
21242.504883	-122.799103
21247.888184	-122.809738
21253.271484	-123.132843
21258.654785	-123.099762
21264.038086	-123.245163
21269.421387	-123.583603
21274.804688	-123.667336
21280.187988	-123.350136
21285.571289	-123.705666
21290.954590	-124.094330
21296.337891	-123.811867
21301.721191	-124.166992
21307.104492	-123.980682
21312.487793	-124.357391
21317.871094	-124.436317
21323.254395	-124.119766
21328.637695	-124.616318
21334.020996	-124.363617
21339.404297	-124.544174
21344.787598	-124.491501
21350.170898	-124.564323
21355.554199	-124.610718
21360.937500	-124.621010
21366.320801	-124.721611
21371.704102	-124.595818
21377.087402	-124.791779
21382.470703	-124.671371
21387.854004	-124.812576
21393.237305	-124.746132
21398.620605	-124.771980
21404.003906	-124.872665
21409.387207	-124.859818
21414.770508	-124.739304
21420.153809	-124.943001
21425.537109	-124.843330
21430.920410	-124.872887
21436.303711	-124.885689
21441.687012	-124.908287
21447.070312	-124.874214
21452.453613	-124.932381
21457.836914	-124.869186
21463.220215	-124.918999
21468.603516	-124.928101
21473.986816	-124.903084
21479.370117	-124.885818
21484.753418	-124.937950
21490.136719	-124.935059
21495.520020	-124.922089
21500.903320	-124.918633
21506.286621	-124.955780
21511.669922	-124.886345
21517.053223	-124.962753
21522.436523	-124.910675
21527.819824	-124.942047
21533.203125	-124.941414
21538.586426	-124.924416
21543.969727	-124.941933
21549.353027	-124.927788
21554.736328	-124.934372
21560.119629	-124.939888
21565.502930	-124.939590
21570.886230	-124.936935
21576.269531	-124.936378
21581.652832	-124.938545
21587.036133	-124.941895
21592.419434	-124.931824
21597.802734	-124.948120
21603.186035	-124.930115
21608.569336	-124.943504
21613.952637	-124.938255
21619.335938	-124.944496
21624.719238	-124.934853
21630.102539	-124.938171
21635.485840	-124.942909
21640.869141	-124.939377
21646.252441	-124.939346
21651.635742	-124.940132
21657.019043	-124.941284
21662.402344	-124.939255
21667.785645	-124.940033
21673.168945	-124.940399
21678.552246	-124.939896
21683.935547	-124.941002
21689.318848	-124.941010
21694.702148	-124.940109
21700.085449	-124.941063
21705.468750	-124.938934
21710.852051	-124.942024
21716.235352	-124.940605
21721.618652	-124.941307
21727.001953	-124.940216
21732.385254	-124.941162
21737.768555	-124.941170
21743.151855	-124.940933
21748.535156	-124.941452
21753.918457	-124.940933
21759.301758	-124.941284
21764.685059	-124.941399
21770.068359	-124.941513
21775.451660	-124.941269
21780.834961	-124.941368
21786.218262	-124.941643
21791.601562	-124.941460
21796.984863	-124.941536
21802.368164	-124.941452
21807.751465	-124.941910
21813.134766	-124.941452
21818.518066	-124.941978
21823.901367	-124.941765
21829.284668	-124.941795
21834.667969	-124.941833
21840.051270	-124.941833
21845.434570	-124.941818
21850.817871	-124.941917
21856.201172	-124.942169
21861.584473	-124.942055
21866.967773	-124.942032
21872.351074	-124.941948
21877.734375	-124.942101
21883.117676	-124.942192
21888.500977	-124.942299
21893.884277	-124.942154
21899.267578	-124.942039
21904.650879	-124.942436
21910.034180	-124.942131
21915.417480	-124.942360
21920.800781	-124.942307
21926.184082	-124.942230
21931.567383	-124.942116
21936.950684	-124.942711
21942.333984	-124.941833
21947.717285	-124.942986
21953.100586	-124.941681
21958.483887	-124.942978
21963.867188	-124.943275
21969.250488	-124.941811
21974.633789	-124.943100
21980.017090	-124.942505
21985.400391	-124.942650
21990.783691	-124.943024
21996.166992	-124.942879
22001.550293	-124.942116
22006.933594	-124.942474
22012.316895	-124.942574
22017.700195	-124.942497
22023.083496	-124.942619
22028.466797	-124.942642
22033.850098	-124.942581
22039.233398	-124.942680
22044.616699	-124.942680
