Frequency (Hz)	Level (dB)
5.383301	-77.024109
10.766602	-76.784683
16.149902	-66.916649
21.533203	-56.422867
26.916504	-56.856079
32.299805	-50.762817
37.683105	-45.803192
43.066406	-45.112793
48.449707	-44.397518
53.833008	-42.770023
59.216309	-39.274433
64.599609	-33.125290
69.982910	-36.862907
75.366211	-39.952034
80.749512	-38.140869
86.132812	-37.968399
91.516113	-37.357056
96.899414	-35.626888
102.282715	-33.977654
107.666016	-34.365414
113.049316	-36.265797
118.432617	-39.869621
123.815918	-41.357201
129.199219	-41.715733
134.582520	-43.400372
139.965820	-44.377735
145.349121	-43.769165
150.732422	-41.632458
156.115723	-40.037361
161.499023	-38.606651
166.882324	-38.313965
172.265625	-39.623764
177.648926	-41.655235
183.032227	-42.989319
188.415527	-43.894081
193.798828	-44.612553
199.182129	-45.367435
204.565430	-45.901806
209.948730	-46.696869
215.332031	-46.734913
220.715332	-46.758472
226.098633	-45.704227
231.481934	-44.888210
236.865234	-43.963551
242.248535	-44.221985
247.631836	-46.047752
253.015137	-47.363647
258.398438	-47.743931
263.781738	-48.300640
269.165039	-49.202217
274.548340	-50.353935
279.931641	-50.439129
285.314941	-50.591801
290.698242	-51.063244
296.081543	-50.332584
301.464844	-49.681747
306.848145	-48.458870
312.231445	-47.399158
317.614746	-46.364773
322.998047	-44.185413
328.381348	-43.372292
333.764648	-45.081867
339.147949	-46.130638
344.531250	-47.552563
349.914551	-48.886280
355.297852	-49.791626
360.681152	-49.776943
366.064453	-50.425453
371.447754	-50.733944
376.831055	-51.110741
382.214355	-51.186901
387.597656	-50.491146
392.980957	-50.177795
398.364258	-50.455746
403.747559	-50.661640
409.130859	-50.285988
414.514160	-50.552700
419.897461	-51.474529
425.280762	-52.031219
430.664062	-52.554447
436.047363	-52.912548
441.430664	-53.779205
446.813965	-53.954468
452.197266	-54.395485
457.580566	-55.199913
462.963867	-56.243710
468.347168	-56.342693
473.730469	-56.002209
479.113770	-56.039597
484.497070	-53.883297
489.880371	-52.558693
495.263672	-51.196663
500.646973	-50.007732
506.030273	-49.080715
511.413574	-49.147469
516.796875	-49.241383
522.180176	-48.933445
527.563477	-50.409081
532.946777	-51.432476
538.330078	-52.222935
543.713379	-53.278561
549.096680	-54.139084
554.479980	-54.989864
559.863281	-56.071304
565.246582	-56.472347
570.629883	-56.836262
576.013184	-57.125050
581.396484	-56.563648
586.779785	-55.289272
592.163086	-55.645340
597.546387	-55.454262
602.929688	-54.750015
608.312988	-54.397346
613.696289	-54.839657
619.079590	-55.115620
624.462891	-54.624676
629.846191	-54.498692
635.229492	-55.217533
640.612793	-56.141422
645.996094	-56.913357
651.379395	-57.468914
656.762695	-57.653072
662.145996	-57.666416
667.529297	-57.605160
672.912598	-57.494385
678.295898	-57.827267
683.679199	-58.770130
689.062500	-59.485378
694.445801	-60.750622
699.829102	-61.762409
705.212402	-61.736515
710.595703	-61.255928
715.979004	-60.747181
721.362305	-59.801624
726.745605	-59.660698
732.128906	-58.878963
737.512207	-57.843678
742.895508	-56.730209
748.278809	-56.464886
753.662109	-56.230141
759.045410	-55.807777
764.428711	-55.669044
769.812012	-55.641109
775.195312	-56.118881
780.578613	-56.556854
785.961914	-57.253422
791.345215	-59.249187
796.728516	-59.678192
802.111816	-60.500755
807.495117	-60.749649
812.878418	-60.430332
818.261719	-60.300423
823.645020	-59.718880
829.028320	-59.154655
834.411621	-58.290947
839.794922	-57.631905
845.178223	-57.635483
850.561523	-57.644379
855.944824	-57.028957
861.328125	-56.360870
866.711426	-55.787148
872.094727	-55.183392
877.478027	-55.094978
882.861328	-56.000187
888.244629	-56.185402
893.627930	-56.224304
899.011230	-56.988911
904.394531	-58.008617
909.777832	-58.430721
915.161133	-58.403999
920.544434	-58.519035
925.927734	-58.845863
931.311035	-59.082077
936.694336	-59.765343
942.077637	-60.777645
947.460938	-61.635769
952.844238	-61.108971
958.227539	-61.525215
963.610840	-60.985203
968.994141	-61.330208
974.377441	-61.915916
979.760742	-62.791248
985.144043	-64.023087
990.527344	-64.553551
995.910645	-65.060097
1001.293945	-65.142204
1006.677246	-64.414871
1012.060547	-63.340855
1017.443848	-62.447086
1022.827148	-61.655556
1028.210449	-60.994732
1033.593750	-60.637905
1038.977051	-60.583302
1044.360352	-60.626171
1049.743652	-61.069946
1055.126953	-60.908073
1060.510254	-60.779083
1065.893555	-60.778648
1071.276855	-61.164303
1076.660156	-61.331020
1082.043457	-60.900036
1087.426758	-60.379944
1092.810059	-60.060005
1098.193359	-59.459194
1103.576660	-58.946972
1108.959961	-59.482246
1114.343262	-59.546120
1119.726562	-60.002758
1125.109863	-60.117844
1130.493164	-59.902111
1135.876465	-60.100395
1141.259766	-60.764706
1146.643066	-61.614964
1152.026367	-62.557819
1157.409668	-63.544041
1162.792969	-64.211212
1168.176270	-64.119492
1173.559570	-64.069931
1178.942871	-64.340042
1184.326172	-64.009132
1189.709473	-63.648495
1195.092773	-63.164001
1200.476074	-63.123600
1205.859375	-64.135704
1211.242676	-64.430931
1216.625977	-65.123993
1222.009277	-66.405243
1227.392578	-66.253441
1232.775879	-66.292664
1238.159180	-65.476860
1243.542480	-66.216484
1248.925781	-65.666748
1254.309082	-64.876755
1259.692383	-64.462982
1265.075684	-63.524841
1270.458984	-62.524002
1275.842285	-61.802731
1281.225586	-61.154381
1286.608887	-61.323162
1291.992188	-61.426277
1297.375488	-62.208763
1302.758789	-62.632420
1308.142090	-63.123665
1313.525391	-63.090374
1318.908691	-63.278664
1324.291992	-64.293365
1329.675293	-65.009583
1335.058594	-65.917778
1340.441895	-66.159744
1345.825195	-67.013069
1351.208496	-67.494102
1356.591797	-67.405724
1361.975098	-66.838875
1367.358398	-66.127609
1372.741699	-65.855682
1378.125000	-65.576279
1383.508301	-65.141045
1388.891602	-64.378731
1394.274902	-64.444115
1399.658203	-64.281639
1405.041504	-63.435329
1410.424805	-63.250866
1415.808105	-63.958923
1421.191406	-63.918312
1426.574707	-62.782166
1431.958008	-62.260769
1437.341309	-62.343838
1442.724609	-62.289562
1448.107910	-61.730156
1453.491211	-61.614738
1458.874512	-62.163322
1464.257812	-62.058842
1469.641113	-62.302315
1475.024414	-62.846771
1480.407715	-63.413486
1485.791016	-63.414246
1491.174316	-63.323727
1496.557617	-63.499790
1501.940918	-63.364567
1507.324219	-63.905964
1512.707520	-63.771206
1518.090820	-63.657627
1523.474121	-63.652531
1528.857422	-63.769714
1534.240723	-64.526390
1539.624023	-64.249001
1545.007324	-64.324295
1550.390625	-64.967125
1555.773926	-65.461006
1561.157227	-64.186752
1566.540527	-62.980377
1571.923828	-63.052650
1577.307129	-62.381668
1582.690430	-61.233555
1588.073730	-60.622463
1593.457031	-60.459534
1598.840332	-60.185474
1604.223633	-59.552746
1609.606934	-59.412792
1614.990234	-59.394962
1620.373535	-59.630302
1625.756836	-59.368881
1631.140137	-59.721645
1636.523438	-60.585979
1641.906738	-61.031731
1647.290039	-61.981304
1652.673340	-62.247955
1658.056641	-62.336174
1663.439941	-62.814873
1668.823242	-63.443634
1674.206543	-63.527515
1679.589844	-63.643280
1684.973145	-63.740032
1690.356445	-63.521950
1695.739746	-64.130730
1701.123047	-64.207047
1706.506348	-63.852730
1711.889648	-63.868160
1717.272949	-64.366600
1722.656250	-64.565407
1728.039551	-64.696991
1733.422852	-64.467941
1738.806152	-65.016121
1744.189453	-65.790733
1749.572754	-66.618584
1754.956055	-66.512878
1760.339355	-65.784988
1765.722656	-66.309105
1771.105957	-66.406982
1776.489258	-66.001839
1781.872559	-65.645439
1787.255859	-65.270821
1792.639160	-64.789581
1798.022461	-64.482391
1803.405762	-63.897106
1808.789062	-63.856232
1814.172363	-63.854492
1819.555664	-63.403770
1824.938965	-63.346886
1830.322266	-62.843513
1835.705566	-62.132740
1841.088867	-61.704845
1846.472168	-62.780949
1851.855469	-63.800545
1857.238770	-64.176865
1862.622070	-64.528175
1868.005371	-64.987175
1873.388672	-65.310707
1878.771973	-65.981911
1884.155273	-65.690720
1889.538574	-65.443367
1894.921875	-65.489403
1900.305176	-65.376404
1905.688477	-65.600983
1911.071777	-65.271790
1916.455078	-64.966743
1921.838379	-65.238281
1927.221680	-65.243698
1932.604980	-65.184967
1937.988281	-65.126602
1943.371582	-65.202042
1948.754883	-65.750977
1954.138184	-65.685333
1959.521484	-66.184387
1964.904785	-66.686432
1970.288086	-67.029602
1975.671387	-67.667656
1981.054688	-67.304565
1986.437988	-67.604462
1991.821289	-67.500534
1997.204590	-66.880058
2002.587891	-66.225037
2007.971191	-65.891457
2013.354492	-65.495064
2018.737793	-64.995461
2024.121094	-65.516838
2029.504395	-65.062134
2034.887695	-65.095718
2040.270996	-65.000481
2045.654297	-64.729622
2051.037598	-64.830612
2056.420898	-64.489975
2061.804199	-64.392525
2067.187500	-64.846642
2072.570801	-65.608826
2077.954102	-66.296471
2083.337402	-66.286697
2088.720703	-66.368141
2094.104004	-66.759842
2099.487305	-66.459557
2104.870605	-66.533669
2110.253906	-66.208252
2115.637207	-65.058167
2121.020508	-64.359619
2126.403809	-64.156921
2131.787109	-63.685646
2137.170410	-63.688248
2142.553711	-63.144001
2147.937012	-62.910076
2153.320312	-62.501785
2158.703613	-62.529625
2164.086914	-62.819656
2169.470215	-62.473717
2174.853516	-62.355251
2180.236816	-62.295059
2185.620117	-62.948986
2191.003418	-63.325996
2196.386719	-63.619667
2201.770020	-63.555534
2207.153320	-63.918991
2212.536621	-64.153641
2217.919922	-64.628983
2223.303223	-65.241066
2228.686523	-64.811806
2234.069824	-65.034714
2239.453125	-65.426071
2244.836426	-65.464195
2250.219727	-65.573235
2255.603027	-65.471733
2260.986328	-65.297501
2266.369629	-65.532669
2271.752930	-65.809464
2277.136230	-66.496475
2282.519531	-66.288094
2287.902832	-66.277000
2293.286133	-65.872765
2298.669434	-65.532013
2304.052734	-65.512337
2309.436035	-65.030373
2314.819336	-65.142021
2320.202637	-65.470940
2325.585938	-66.105278
2330.969238	-66.235016
2336.352539	-66.331902
2341.735840	-66.576736
2347.119141	-66.738365
2352.502441	-66.797989
2357.885742	-66.950630
2363.269043	-67.045258
2368.652344	-67.412041
2374.035645	-67.948509
2379.418945	-68.111717
2384.802246	-67.992928
2390.185547	-67.603523
2395.568848	-67.703850
2400.952148	-68.284836
2406.335449	-68.308472
2411.718750	-67.933067
2417.102051	-66.913048
2422.485352	-67.125664
2427.868652	-68.313255
2433.251953	-68.491425
2438.635254	-68.516472
2444.018555	-68.272148
2449.401855	-68.163193
2454.785156	-68.302055
2460.168457	-68.047966
2465.551758	-67.499825
2470.935059	-67.262512
2476.318359	-67.550285
2481.701660	-67.563255
2487.084961	-67.470062
2492.468262	-67.854935
2497.851562	-67.730827
2503.234863	-67.725365
2508.618164	-67.900482
2514.001465	-68.102676
2519.384766	-68.681625
2524.768066	-69.068642
2530.151367	-68.789886
2535.534668	-68.443550
2540.917969	-69.051231
2546.301270	-69.257950
2551.684570	-69.081818
2557.067871	-69.719063
2562.451172	-69.620583
2567.834473	-70.227821
2573.217773	-70.325272
2578.601074	-70.622360
2583.984375	-70.534805
2589.367676	-70.666298
2594.750977	-71.177055
2600.134277	-70.744156
2605.517578	-70.617317
2610.900879	-70.636292
2616.284180	-70.998154
2621.667480	-71.425270
2627.050781	-71.676361
2632.434082	-70.736801
2637.817383	-70.822266
2643.200684	-71.141403
2648.583984	-71.193230
2653.967285	-71.416969
2659.350586	-71.530167
2664.733887	-70.499809
2670.117188	-69.119652
2675.500488	-70.113937
2680.883789	-71.698524
2686.267090	-71.743042
2691.650391	-71.815910
2697.033691	-72.190369
2702.416992	-72.416939
2707.800293	-72.843979
2713.183594	-73.123230
2718.566895	-72.602348
2723.950195	-72.427605
2729.333496	-72.488136
2734.716797	-72.289795
2740.100098	-72.462418
2745.483398	-73.088829
2750.866699	-73.572235
2756.250000	-73.935638
2761.633301	-74.617386
2767.016602	-74.198082
2772.399902	-73.889427
2777.783203	-73.917145
2783.166504	-73.091606
2788.549805	-72.928108
2793.933105	-72.217026
2799.316406	-72.025909
2804.699707	-71.875252
2810.083008	-73.392944
2815.466309	-74.537384
2820.849609	-74.463188
2826.232910	-75.474350
2831.616211	-75.434784
2836.999512	-75.650673
2842.382812	-76.080666
2847.766113	-76.370209
2853.149414	-75.660683
2858.532715	-75.286217
2863.916016	-74.841019
2869.299316	-73.928322
2874.682617	-73.420952
2880.065918	-73.294617
2885.449219	-72.731064
2890.832520	-72.798203
2896.215820	-73.136124
2901.599121	-73.631088
2906.982422	-74.248840
2912.365723	-74.276764
2917.749023	-75.376328
2923.132324	-75.532234
2928.515625	-75.486885
2933.898926	-75.947243
2939.282227	-75.920929
2944.665527	-76.125237
2950.048828	-76.323746
2955.432129	-75.826462
2960.815430	-75.910614
2966.198730	-76.082664
2971.582031	-76.014038
2976.965332	-76.321434
2982.348633	-76.609589
2987.731934	-77.097252
2993.115234	-77.119797
2998.498535	-77.381142
3003.881836	-77.691650
3009.265137	-76.931755
3014.648438	-76.933022
3020.031738	-77.794502
3025.415039	-79.169830
3030.798340	-78.555542
3036.181641	-77.858749
3041.564941	-78.464745
3046.948242	-77.783501
3052.331543	-77.906136
3057.714844	-76.852821
3063.098145	-76.213470
3068.481445	-76.637260
3073.864746	-75.937241
3079.248047	-75.546402
3084.631348	-75.329391
3090.014648	-75.061333
3095.397949	-74.999428
3100.781250	-74.859657
3106.164551	-74.343033
3111.547852	-73.839417
3116.931152	-73.505989
3122.314453	-73.408798
3127.697754	-73.096573
3133.081055	-74.145126
3138.464355	-74.650314
3143.847656	-73.601349
3149.230957	-73.652512
3154.614258	-73.878395
3159.997559	-73.338310
3165.380859	-74.096039
3170.764160	-74.625641
3176.147461	-74.649155
3181.530762	-75.352722
3186.914062	-75.772026
3192.297363	-75.883118
3197.680664	-75.589348
3203.063965	-75.758705
3208.447266	-75.552017
3213.830566	-75.002380
3219.213867	-74.691475
3224.597168	-74.152870
3229.980469	-73.940224
3235.363770	-74.130394
3240.747070	-74.976036
3246.130371	-75.019417
3251.513672	-74.659767
3256.896973	-74.651649
3262.280273	-74.815735
3267.663574	-74.556061
3273.046875	-75.358574
3278.430176	-75.033882
3283.813477	-74.635979
3289.196777	-74.699829
3294.580078	-74.899551
3299.963379	-75.312454
3305.346680	-75.056541
3310.729980	-74.348450
3316.113281	-74.085953
3321.496582	-73.798294
3326.879883	-73.387703
3332.263184	-73.373909
3337.646484	-73.278336
3343.029785	-73.968407
3348.413086	-74.559120
3353.796387	-75.145645
3359.179688	-74.939011
3364.562988	-75.153992
3369.946289	-75.087120
3375.329590	-75.059616
3380.712891	-75.319336
3386.096191	-75.542603
3391.479492	-75.394753
3396.862793	-75.309792
3402.246094	-75.404297
3407.629395	-75.305511
3413.012695	-75.489983
3418.395996	-76.104462
3423.779297	-75.658035
3429.162598	-75.950195
3434.545898	-75.829391
3439.929199	-76.121429
3445.312500	-75.954437
3450.695801	-76.202087
3456.079102	-77.022186
3461.462402	-77.507317
3466.845703	-76.247414
3472.229004	-75.911400
3477.612305	-75.659134
3482.995605	-75.267937
3488.378906	-75.257484
3493.762207	-75.535553
3499.145508	-75.350365
3504.528809	-75.508354
3509.912109	-75.441444
3515.295410	-75.555923
3520.678711	-75.134911
3526.062012	-75.641045
3531.445312	-75.888062
3536.828613	-75.912155
3542.211914	-75.806801
3547.595215	-75.408913
3552.978516	-76.452805
3558.361816	-76.305450
3563.745117	-75.806503
3569.128418	-75.732918
3574.511719	-75.808289
3579.895020	-75.227661
3585.278320	-75.541878
3590.661621	-75.520660
3596.044922	-75.377754
3601.428223	-74.965462
3606.811523	-75.413727
3612.194824	-75.812233
3617.578125	-76.351585
3622.961426	-76.621223
3628.344727	-76.076508
3633.728027	-76.068596
3639.111328	-75.863060
3644.494629	-76.208488
3649.877930	-75.664406
3655.261230	-74.955040
3660.644531	-75.413925
3666.027832	-76.022881
3671.411133	-76.154655
3676.794434	-76.579491
3682.177734	-76.688553
3687.561035	-77.052086
3692.944336	-77.049423
3698.327637	-76.993172
3703.710938	-77.171082
3709.094238	-76.479736
3714.477539	-76.489967
3719.860840	-76.193138
3725.244141	-76.107613
3730.627441	-75.826439
3736.010742	-75.048141
3741.394043	-75.154015
3746.777344	-75.606155
3752.160645	-75.212143
3757.543945	-76.038597
3762.927246	-76.525368
3768.310547	-76.595886
3773.693848	-77.653984
3779.077148	-77.606735
3784.460449	-77.605774
3789.843750	-78.172035
3795.227051	-78.613182
3800.610352	-78.547890
3805.993652	-78.020981
3811.376953	-77.457504
3816.760254	-77.690460
3822.143555	-78.455353
3827.526855	-78.623497
3832.910156	-79.295609
3838.293457	-79.371658
3843.676758	-79.443871
3849.060059	-79.565979
3854.443359	-79.986282
3859.826660	-80.271492
3865.209961	-80.363266
3870.593262	-81.040527
3875.976562	-81.269463
3881.359863	-80.277443
3886.743164	-79.749695
3892.126465	-78.843239
3897.509766	-78.408409
3902.893066	-78.422653
3908.276367	-78.034950
3913.659668	-78.208817
3919.042969	-78.073875
3924.426270	-78.201439
3929.809570	-78.286995
3935.192871	-78.047562
3940.576172	-78.084541
3945.959473	-78.103157
3951.342773	-77.604652
3956.726074	-77.554497
3962.109375	-77.642570
3967.492676	-77.628990
3972.875977	-77.087494
3978.259277	-77.550095
3983.642578	-77.285255
3989.025879	-76.828598
3994.409180	-76.872963
3999.792480	-76.799202
4005.175781	-76.179657
4010.559082	-75.655106
4015.942383	-75.806252
4021.325684	-75.796173
4026.708984	-75.451447
4032.092285	-75.872559
4037.475586	-75.275696
4042.858887	-75.358665
4048.242188	-75.333504
4053.625488	-75.627220
4059.008789	-76.229347
4064.392090	-77.017731
4069.775391	-77.192039
4075.158691	-77.357193
4080.541992	-77.045876
4085.925293	-77.484245
4091.308594	-77.366699
4096.691895	-77.618790
4102.075195	-77.652557
4107.458496	-78.503868
4112.841797	-78.677078
4118.225098	-78.837822
4123.608398	-78.554535
4128.991699	-79.203560
4134.375000	-78.532356
4139.758301	-78.663055
4145.141602	-79.313393
4150.524902	-79.325142
4155.908203	-79.332710
4161.291504	-79.428261
4166.674805	-79.644768
4172.058105	-79.510193
4177.441406	-79.243477
4182.824707	-78.916039
4188.208008	-78.530861
4193.591309	-78.003624
4198.974609	-78.036263
4204.357910	-78.431129
4209.741211	-78.504036
4215.124512	-78.337509
4220.507812	-78.198875
4225.891113	-78.307320
4231.274414	-78.672836
4236.657715	-78.536171
4242.041016	-78.377838
4247.424316	-78.286163
4252.807617	-78.257156
4258.190918	-78.102562
4263.574219	-77.672661
4268.957520	-77.321083
4274.340820	-77.636093
4279.724121	-77.647598
4285.107422	-77.854980
4290.490723	-78.371933
4295.874023	-78.308266
4301.257324	-78.005264
4306.640625	-78.548882
4312.023926	-77.892853
4317.407227	-77.644302
4322.790527	-78.374825
4328.173828	-78.324760
4333.557129	-77.975151
4338.940430	-76.971016
4344.323730	-77.073006
4349.707031	-77.390099
4355.090332	-78.051781
4360.473633	-77.902107
4365.856934	-77.103851
4371.240234	-77.419853
4376.623535	-76.842575
4382.006836	-77.156868
4387.390137	-77.028473
4392.773438	-77.012680
4398.156738	-77.392014
4403.540039	-77.040649
4408.923340	-76.615807
4414.306641	-76.501717
4419.689941	-76.889320
4425.073242	-76.766754
4430.456543	-76.784882
4435.839844	-76.862724
4441.223145	-77.352959
4446.606445	-77.580826
4451.989746	-77.391151
4457.373047	-77.765427
4462.756348	-77.692284
4468.139648	-77.483200
4473.522949	-77.093185
4478.906250	-77.632790
4484.289551	-78.006775
4489.672852	-77.682808
4495.056152	-77.234734
4500.439453	-76.784065
4505.822754	-75.419624
4511.206055	-74.888969
4516.589355	-74.938339
4521.972656	-74.677490
4527.355957	-75.070259
4532.739258	-75.499985
4538.122559	-75.175766
4543.505859	-73.160744
4548.889160	-71.620461
4554.272461	-71.642029
4559.655762	-72.405960
4565.039062	-72.398003
4570.422363	-71.677925
4575.805664	-71.320328
4581.188965	-71.689011
4586.572266	-71.277153
4591.955566	-70.805382
4597.338867	-72.912437
4602.722168	-74.946808
4608.105469	-77.209625
4613.488770	-78.912460
4618.872070	-78.619873
4624.255371	-78.949677
4629.638672	-78.666344
4635.021973	-77.770416
4640.405273	-77.061775
4645.788574	-77.198036
4651.171875	-77.358551
4656.555176	-76.413078
4661.938477	-75.827606
4667.321777	-76.189537
4672.705078	-76.710114
4678.088379	-76.991379
4683.471680	-77.747543
4688.854980	-78.054573
4694.238281	-78.293739
4699.621582	-78.077812
4705.004883	-78.450592
4710.388184	-77.625786
4715.771484	-77.956528
4721.154785	-78.101616
4726.538086	-78.445213
4731.921387	-79.014465
4737.304688	-79.266357
4742.687988	-79.678795
4748.071289	-79.792442
4753.454590	-79.764999
4758.837891	-79.461662
4764.221191	-79.218460
4769.604492	-79.649071
4774.987793	-79.369164
4780.371094	-79.646294
4785.754395	-79.676704
4791.137695	-80.124367
4796.520996	-79.752159
4801.904297	-79.602394
4807.287598	-79.777901
4812.670898	-79.647888
4818.054199	-78.963921
4823.437500	-78.985001
4828.820801	-79.450447
4834.204102	-79.557259
4839.587402	-79.279953
4844.970703	-79.552963
4850.354004	-79.905212
4855.737305	-79.649635
4861.120605	-79.588097
4866.503906	-79.064102
4871.887207	-79.095062
4877.270508	-79.203972
4882.653809	-78.517769
4888.037109	-79.451180
4893.420410	-80.188591
4898.803711	-80.561615
4904.187012	-80.323753
4909.570312	-80.352615
4914.953613	-80.208328
4920.336914	-80.092171
4925.720215	-80.596992
4931.103516	-80.413750
4936.486816	-80.306694
4941.870117	-80.859764
4947.253418	-81.231285
4952.636719	-81.226349
4958.020020	-81.003754
4963.403320	-81.182129
4968.786621	-81.213181
4974.169922	-80.950272
4979.553223	-81.311363
4984.936523	-81.488037
4990.319824	-81.156036
4995.703125	-81.493782
5001.086426	-81.773666
5006.469727	-81.474197
5011.853027	-81.259499
5017.236328	-81.387039
5022.619629	-81.315392
5028.002930	-80.904793
5033.386230	-80.928703
5038.769531	-81.080620
5044.152832	-81.071091
5049.536133	-81.205780
5054.919434	-81.109657
5060.302734	-80.814491
5065.686035	-80.344093
5071.069336	-80.789871
5076.452637	-80.471497
5081.835938	-80.614761
5087.219238	-80.940971
5092.602539	-80.929825
5097.985840	-81.213615
5103.369141	-81.664886
5108.752441	-81.924850
5114.135742	-81.265625
5119.519043	-81.479858
5124.902344	-81.815079
5130.285645	-80.994904
5135.668945	-80.270134
5141.052246	-80.721825
5146.435547	-79.962509
5151.818848	-79.339043
5157.202148	-79.545944
5162.585449	-80.007729
5167.968750	-80.258430
5173.352051	-80.430237
5178.735352	-80.711632
5184.118652	-80.694626
5189.501953	-80.511360
5194.885254	-80.054741
5200.268555	-79.677841
5205.651855	-80.055000
5211.035156	-79.593857
5216.418457	-79.641899
5221.801758	-79.005013
5227.185059	-79.090836
5232.568359	-79.548698
5237.951660	-79.537933
5243.334961	-79.637779
5248.718262	-79.848152
5254.101562	-79.175003
5259.484863	-79.962296
5264.868164	-80.092361
5270.251465	-80.092224
5275.634766	-80.536163
5281.018066	-80.921463
5286.401367	-80.723099
5291.784668	-80.315926
5297.167969	-80.889854
5302.551270	-81.365044
5307.934570	-80.961472
5313.317871	-80.965454
5318.701172	-80.991135
5324.084473	-80.927788
5329.467773	-80.391197
5334.851074	-80.902969
5340.234375	-80.098404
5345.617676	-80.359917
5351.000977	-80.532402
5356.384277	-80.976311
5361.767578	-80.557304
5367.150879	-80.552460
5372.534180	-80.119049
5377.917480	-80.954292
5383.300781	-80.892311
5388.684082	-81.053688
5394.067383	-81.765594
5399.450684	-81.379272
5404.833984	-81.678673
5410.217285	-81.313301
5415.600586	-81.077782
5420.983887	-80.795341
5426.367188	-80.389130
5431.750488	-81.004700
5437.133789	-80.824974
5442.517090	-80.649193
5447.900391	-80.698364
5453.283691	-80.677299
5458.666992	-80.161682
5464.050293	-80.484665
5469.433594	-80.367981
5474.816895	-80.130356
5480.200195	-80.225693
5485.583496	-79.766525
5490.966797	-79.475960
5496.350098	-79.854042
5501.733398	-80.627419
5507.116699	-80.194038
5512.500000	-80.457001
5517.883301	-80.591469
5523.266602	-80.295174
5528.649902	-80.352371
5534.033203	-81.277351
5539.416504	-81.928963
5544.799805	-81.958580
5550.183105	-82.187897
5555.566406	-82.208672
5560.949707	-82.285835
5566.333008	-82.551033
5571.716309	-82.106186
5577.099609	-81.533134
5582.482910	-81.407417
5587.866211	-81.353737
5593.249512	-81.299080
5598.632812	-81.157700
5604.016113	-80.938423
5609.399414	-80.995689
5614.782715	-80.903549
5620.166016	-80.767097
5625.549316	-80.985977
5630.932617	-81.153564
5636.315918	-81.739891
5641.699219	-81.814911
5647.082520	-81.531349
5652.465820	-81.188126
5657.849121	-81.284500
5663.232422	-81.632507
5668.615723	-81.476364
5673.999023	-80.675110
5679.382324	-81.070007
5684.765625	-80.916695
5690.148926	-80.514397
5695.532227	-80.400909
5700.915527	-80.891983
5706.298828	-80.841850
5711.682129	-80.893013
5717.065430	-80.866608
5722.448730	-81.221268
5727.832031	-81.378220
5733.215332	-80.983452
5738.598633	-81.111519
5743.981934	-81.054733
5749.365234	-80.985558
5754.748535	-81.215302
5760.131836	-81.210190
5765.515137	-81.057793
5770.898438	-81.085701
5776.281738	-80.998329
5781.665039	-80.841850
5787.048340	-80.817558
5792.431641	-81.265892
5797.814941	-81.443718
5803.198242	-81.700638
5808.581543	-81.844727
5813.964844	-81.927376
5819.348145	-82.078728
5824.731445	-81.145172
5830.114746	-80.990227
5835.498047	-80.592361
5840.881348	-80.962914
5846.264648	-80.959488
5851.647949	-80.999611
5857.031250	-80.750427
5862.414551	-80.844452
5867.797852	-80.666817
5873.181152	-80.833107
5878.564453	-80.932388
5883.947754	-80.474236
5889.331055	-80.618919
5894.714355	-81.241455
5900.097656	-81.679375
5905.480957	-81.313293
5910.864258	-81.043015
5916.247559	-81.032387
5921.630859	-81.130417
5927.014160	-80.921463
5932.397461	-81.002197
5937.780762	-81.171715
5943.164062	-81.325874
5948.547363	-81.346024
5953.930664	-81.532249
5959.313965	-82.087669
5964.697266	-82.389282
5970.080566	-82.311165
5975.463867	-81.921471
5980.847168	-82.630020
5986.230469	-82.706566
5991.613770	-81.968063
5996.997070	-81.744064
6002.380371	-82.534286
6007.763672	-82.496925
6013.146973	-82.107399
6018.530273	-82.121361
6023.913574	-81.867584
6029.296875	-82.118942
6034.680176	-82.773643
6040.063477	-82.304771
6045.446777	-81.728928
6050.830078	-81.850731
6056.213379	-82.486557
6061.596680	-82.248924
6066.979980	-82.102791
6072.363281	-82.236786
6077.746582	-81.935913
6083.129883	-82.567451
6088.513184	-82.347832
6093.896484	-82.608040
6099.279785	-83.032555
6104.663086	-82.961334
6110.046387	-83.280937
6115.429688	-83.009506
6120.812988	-82.929306
6126.196289	-82.642883
6131.579590	-82.682755
6136.962891	-83.177719
6142.346191	-83.176926
6147.729492	-83.461655
6153.112793	-83.378822
6158.496094	-83.676315
6163.879395	-83.860268
6169.262695	-83.675545
6174.645996	-83.886497
6180.029297	-84.460533
6185.412598	-84.364861
6190.795898	-84.435944
6196.179199	-84.273102
6201.562500	-84.446533
6206.945801	-84.406105
6212.329102	-84.162704
6217.712402	-83.741356
6223.095703	-82.990906
6228.479004	-83.444725
6233.862305	-83.615089
6239.245605	-82.981674
6244.628906	-83.547989
6250.012207	-83.737381
6255.395508	-83.936852
6260.778809	-83.663696
6266.162109	-83.860680
6271.545410	-83.418915
6276.928711	-83.400345
6282.312012	-83.674622
6287.695312	-84.055916
6293.078613	-83.881851
6298.461914	-83.278709
6303.845215	-83.958702
6309.228516	-83.964508
6314.611816	-84.047073
6319.995117	-84.060509
6325.378418	-84.132179
6330.761719	-84.121216
6336.145020	-83.960136
6341.528320	-84.336456
6346.911621	-84.300186
6352.294922	-84.523674
6357.678223	-84.720100
6363.061523	-84.731316
6368.444824	-84.882446
6373.828125	-84.785820
6379.211426	-84.766411
6384.594727	-84.726082
6389.978027	-84.947517
6395.361328	-84.885887
6400.744629	-84.475632
6406.127930	-84.499611
6411.511230	-84.631371
6416.894531	-85.652130
6422.277832	-85.679947
6427.661133	-85.573761
6433.044434	-85.880798
6438.427734	-86.288933
6443.811035	-85.791771
6449.194336	-85.130867
6454.577637	-84.590988
6459.960938	-83.813820
6465.344238	-83.723183
6470.727539	-84.290604
6476.110840	-84.525757
6481.494141	-84.687981
6486.877441	-84.469902
6492.260742	-84.551453
6497.644043	-84.880974
6503.027344	-84.712341
6508.410645	-84.565727
6513.793945	-84.749992
6519.177246	-84.374016
6524.560547	-84.245651
6529.943848	-84.369461
6535.327148	-84.917694
6540.710449	-84.706749
6546.093750	-85.165245
6551.477051	-85.187401
6556.860352	-85.235657
6562.243652	-85.173691
6567.626953	-85.033005
6573.010254	-84.840912
6578.393555	-84.487762
6583.776855	-84.313797
6589.160156	-83.505257
6594.543457	-83.287857
6599.926758	-83.162445
6605.310059	-82.439468
6610.693359	-82.593712
6616.076660	-82.784782
6621.459961	-83.353493
6626.843262	-83.305412
6632.226562	-83.281853
6637.609863	-83.215126
6642.993164	-82.941818
6648.376465	-82.653435
6653.759766	-82.608994
6659.143066	-82.876434
6664.526367	-82.946144
6669.909668	-82.709785
6675.292969	-81.834785
6680.676270	-81.692787
6686.059570	-81.868874
6691.442871	-82.043053
6696.826172	-82.345825
6702.209473	-82.180893
6707.592773	-82.113464
6712.976074	-81.797966
6718.359375	-81.653320
6723.742676	-81.808182
6729.125977	-81.645775
6734.509277	-81.572014
6739.892578	-81.330345
6745.275879	-81.670708
6750.659180	-81.586327
6756.042480	-81.063065
6761.425781	-80.965805
6766.809082	-80.495262
6772.192383	-80.666000
6777.575684	-81.129288
6782.958984	-81.507751
6788.342285	-81.135071
6793.725586	-81.145859
6799.108887	-81.062866
6804.492188	-80.600235
6809.875488	-80.588562
6815.258789	-80.449448
6820.642090	-80.521011
6826.025391	-81.028305
6831.408691	-81.284065
6836.791992	-81.180145
6842.175293	-81.164093
6847.558594	-81.144989
6852.941895	-81.431519
6858.325195	-81.935524
6863.708496	-81.761055
6869.091797	-81.396095
6874.475098	-81.751221
6879.858398	-82.280327
6885.241699	-82.643715
6890.625000	-81.879158
6896.008301	-81.602608
6901.391602	-81.476494
6906.774902	-81.016037
6912.158203	-81.180916
6917.541504	-81.148781
6922.924805	-81.665604
6928.308105	-81.659286
6933.691406	-81.625961
6939.074707	-81.634666
6944.458008	-81.770767
6949.841309	-82.073479
6955.224609	-82.710701
6960.607910	-83.008636
6965.991211	-82.739365
6971.374512	-82.933731
6976.757812	-82.360580
6982.141113	-82.096916
6987.524414	-82.091812
6992.907715	-82.120842
6998.291016	-82.363609
7003.674316	-82.428596
7009.057617	-82.831314
7014.440918	-82.564636
7019.824219	-82.240891
7025.207520	-82.526711
7030.590820	-82.387863
7035.974121	-82.341713
7041.357422	-82.452644
7046.740723	-83.204025
7052.124023	-82.797798
7057.507324	-83.416794
7062.890625	-82.946960
7068.273926	-82.805389
7073.657227	-82.862518
7079.040527	-82.633423
7084.423828	-83.032875
7089.807129	-83.387321
7095.190430	-83.531891
7100.573730	-83.410172
7105.957031	-83.418930
7111.340332	-82.643410
7116.723633	-82.299461
7122.106934	-82.917900
7127.490234	-82.940773
7132.873535	-83.299416
7138.256836	-83.661423
7143.640137	-83.437210
7149.023438	-84.011856
7154.406738	-83.740051
7159.790039	-83.489265
7165.173340	-83.829956
7170.556641	-84.309586
7175.939941	-84.400307
7181.323242	-83.654945
7186.706543	-83.645348
7192.089844	-84.251709
7197.473145	-84.623665
7202.856445	-84.606697
7208.239746	-84.184769
7213.623047	-84.317429
7219.006348	-83.682816
7224.389648	-83.835419
7229.772949	-83.560539
7235.156250	-83.714272
7240.539551	-84.265831
7245.922852	-84.223358
7251.306152	-83.813148
7256.689453	-83.596085
7262.072754	-83.330093
7267.456055	-83.231361
7272.839355	-83.119827
7278.222656	-83.155006
7283.605957	-83.031250
7288.989258	-82.980911
7294.372559	-82.400429
7299.755859	-82.586220
7305.139160	-82.463188
7310.522461	-82.181725
7315.905762	-82.208664
7321.289062	-82.476967
7326.672363	-82.335014
7332.055664	-82.156311
7337.438965	-82.555801
7342.822266	-82.288361
7348.205566	-82.858101
7353.588867	-82.683876
7358.972168	-82.742210
7364.355469	-82.041069
7369.738770	-81.978966
7375.122070	-82.065521
7380.505371	-82.515335
7385.888672	-82.517502
7391.271973	-81.827888
7396.655273	-81.800949
7402.038574	-82.337135
7407.421875	-82.420509
7412.805176	-82.822563
7418.188477	-82.702354
7423.571777	-82.532326
7428.955078	-82.249290
7434.338379	-82.423660
7439.721680	-82.410713
7445.104980	-82.252495
7450.488281	-81.886520
7455.871582	-81.374352
7461.254883	-80.986237
7466.638184	-81.247360
7472.021484	-81.313217
7477.404785	-81.082855
7482.788086	-81.379532
7488.171387	-82.128433
7493.554688	-81.905525
7498.937988	-82.012093
7504.321289	-82.266991
7509.704590	-82.249397
7515.087891	-82.508202
7520.471191	-82.536972
7525.854492	-82.179001
7531.237793	-82.120659
7536.621094	-82.303772
7542.004395	-82.341446
7547.387695	-82.999840
7552.770996	-83.355804
7558.154297	-83.200615
7563.537598	-83.094833
7568.920898	-82.914139
7574.304199	-82.615143
7579.687500	-82.946571
7585.070801	-82.610115
7590.454102	-81.903984
7595.837402	-82.543556
7601.220703	-82.834198
7606.604004	-82.880096
7611.987305	-82.178818
7617.370605	-82.009750
7622.753906	-82.177322
7628.137207	-82.336861
7633.520508	-82.576248
7638.903809	-82.941330
7644.287109	-82.474419
7649.670410	-83.039108
7655.053711	-83.070541
7660.437012	-83.231819
7665.820312	-82.743347
7671.203613	-83.396179
7676.586914	-83.375458
7681.970215	-82.300285
7687.353516	-82.504684
7692.736816	-83.292099
7698.120117	-83.180725
7703.503418	-82.740936
7708.886719	-82.860931
7714.270020	-83.598610
7719.653320	-83.329109
7725.036621	-82.840919
7730.419922	-83.529808
7735.803223	-83.443939
7741.186523	-83.039337
7746.569824	-83.020226
7751.953125	-83.404907
7757.336426	-83.131599
7762.719727	-82.783432
7768.103027	-82.330711
7773.486328	-82.707031
7778.869629	-83.354019
7784.252930	-83.053619
7789.636230	-83.038986
7795.019531	-82.234711
7800.402832	-82.614365
7805.786133	-82.763016
7811.169434	-83.059402
7816.552734	-83.675468
7821.936035	-83.601524
7827.319336	-84.151917
7832.702637	-84.214851
7838.085938	-84.782097
7843.469238	-85.704201
7848.852539	-85.877609
7854.235840	-85.806824
7859.619141	-85.547844
7865.002441	-85.801414
7870.385742	-85.760063
7875.769043	-85.411316
7881.152344	-85.180252
7886.535645	-84.982376
7891.918945	-85.052261
7897.302246	-85.124603
7902.685547	-84.528595
7908.068848	-85.102188
7913.452148	-85.326202
7918.835449	-85.138344
7924.218750	-84.926765
7929.602051	-84.967133
7934.985352	-85.371490
7940.368652	-85.267403
7945.751953	-84.974373
7951.135254	-84.742302
7956.518555	-83.555992
7961.901855	-83.182816
7967.285156	-83.110214
7972.668457	-83.609306
7978.051758	-83.225693
7983.435059	-84.289383
7988.818359	-85.259010
7994.201660	-86.407135
7999.584961	-86.638985
8004.968262	-86.604218
8010.351562	-86.293198
8015.734863	-86.301346
8021.118164	-86.047264
8026.501465	-86.282356
8031.884766	-86.526123
8037.268066	-86.949448
8042.651367	-86.595680
8048.034668	-86.649780
8053.417969	-86.797699
8058.801270	-87.027191
8064.184570	-86.499901
8069.567871	-85.954865
8074.951172	-86.094154
8080.334473	-86.021004
8085.717773	-85.953583
8091.101074	-85.592422
8096.484375	-86.081276
8101.867676	-85.702080
8107.250977	-85.323967
8112.634277	-85.091827
8118.017578	-85.164017
8123.400879	-85.313980
8128.784180	-85.209518
8134.167480	-84.803703
8139.550781	-84.638924
8144.934082	-84.946709
8150.317383	-85.022530
8155.700684	-85.003708
8161.083984	-85.138290
8166.467285	-84.985970
8171.850586	-85.183853
8177.233887	-85.539734
8182.617188	-85.890663
8188.000488	-86.200142
8193.383789	-86.335022
8198.767090	-86.943481
8204.150391	-86.905319
8209.533691	-86.590446
8214.916992	-86.344734
8220.300293	-85.898293
8225.683594	-86.214615
8231.066895	-86.698639
8236.450195	-86.679230
8241.833496	-86.984161
8247.216797	-87.097298
8252.600098	-86.885933
8257.983398	-86.989349
8263.366699	-86.861183
8268.750000	-87.455765
8274.133301	-86.908440
8279.516602	-86.858368
8284.899902	-87.228043
8290.283203	-87.832321
8295.666504	-86.989311
8301.049805	-87.393776
8306.433105	-87.921432
8311.816406	-87.889175
8317.199707	-87.142487
8322.583008	-87.017647
8327.966309	-86.982086
8333.349609	-86.591576
8338.732910	-87.079010
8344.116211	-86.970131
8349.499512	-87.212250
8354.882812	-87.408005
8360.266113	-86.874779
8365.649414	-86.533073
8371.032715	-86.382690
8376.416016	-86.169228
8381.799316	-85.802986
8387.182617	-85.818657
8392.565918	-85.601448
8397.949219	-85.841415
8403.332520	-86.388336
8408.715820	-87.114624
8414.099121	-87.318680
8419.482422	-87.388878
8424.865723	-87.405342
8430.249023	-87.329140
8435.632324	-86.757141
8441.015625	-86.282242
8446.398926	-85.372620
8451.782227	-85.726128
8457.165527	-86.077591
8462.548828	-86.284851
8467.932129	-85.987572
8473.315430	-85.893356
8478.698730	-86.225433
8484.082031	-86.470726
8489.465332	-86.171997
8494.848633	-86.223526
8500.231934	-85.613197
8505.615234	-85.444496
8510.998535	-85.457367
8516.381836	-85.468925
8521.765137	-85.383499
8527.148438	-85.610260
8532.531738	-85.461388
8537.915039	-85.263336
8543.298340	-85.165535
8548.681641	-85.086105
8554.064941	-85.773369
8559.448242	-86.084625
8564.831543	-86.320053
8570.214844	-86.636497
8575.598145	-86.765533
8580.981445	-86.522720
8586.364746	-86.617874
8591.748047	-86.661697
8597.131348	-86.524841
8602.514648	-86.668808
8607.897949	-86.216194
8613.281250	-85.609222
8618.664551	-85.496689
8624.047852	-86.124092
8629.431152	-85.987511
8634.814453	-86.072922
8640.197754	-86.635948
8645.581055	-86.945992
8650.964355	-86.929543
8656.347656	-87.374405
8661.730957	-87.187431
8667.114258	-87.346191
8672.497559	-87.589798
8677.880859	-87.603958
8683.264160	-87.889809
8688.647461	-87.729279
8694.030762	-87.660980
8699.414062	-87.406609
8704.797363	-86.611092
8710.180664	-87.354782
8715.563965	-87.443336
8720.947266	-87.496574
8726.330566	-86.988205
8731.713867	-87.084610
8737.097168	-87.148872
8742.480469	-86.743927
8747.863770	-86.969482
8753.247070	-86.724442
8758.630371	-87.299179
8764.013672	-87.863655
8769.396973	-87.946342
8774.780273	-88.056084
8780.163574	-87.274147
8785.546875	-87.134605
8790.930176	-87.054825
8796.313477	-87.349838
8801.696777	-87.342216
8807.080078	-86.611656
8812.463379	-86.112434
8817.846680	-86.030167
8823.229980	-86.376854
8828.613281	-86.273994
8833.996582	-85.897064
8839.379883	-85.703140
8844.763184	-86.293701
8850.146484	-86.564720
8855.529785	-86.722595
8860.913086	-87.043045
8866.296387	-87.507454
8871.679688	-87.504898
8877.062988	-87.983849
8882.446289	-87.917023
8887.829590	-87.488358
8893.212891	-87.502365
8898.596191	-87.873611
8903.979492	-87.914978
8909.362793	-87.442375
8914.746094	-87.824158
8920.129395	-87.433052
8925.512695	-87.498848
8930.895996	-87.665337
8936.279297	-87.629303
8941.662598	-88.009789
8947.045898	-88.222939
8952.429199	-88.478851
8957.812500	-88.188293
8963.195801	-88.351585
8968.579102	-88.572708
8973.962402	-88.490875
8979.345703	-88.084793
8984.729004	-88.309784
8990.112305	-87.579079
8995.495605	-88.145370
9000.878906	-88.168922
9006.262207	-88.091850
9011.645508	-88.384300
9017.028809	-88.001404
9022.412109	-87.302673
9027.795410	-87.186241
9033.178711	-87.130188
9038.562012	-87.313026
9043.945312	-87.193253
9049.328613	-87.601662
9054.711914	-87.294205
9060.095215	-86.620079
9065.478516	-87.487953
9070.861816	-87.685272
9076.245117	-87.741577
9081.628418	-87.651291
9087.011719	-87.755615
9092.395020	-87.504890
9097.778320	-86.964325
9103.161621	-86.392731
9108.544922	-86.591026
9113.928223	-86.101372
9119.311523	-85.711182
9124.694824	-86.126945
9130.078125	-86.420677
9135.461426	-86.232872
9140.844727	-86.063660
9146.228027	-86.371780
9151.611328	-86.079391
9156.994629	-85.447128
9162.377930	-85.590370
9167.761230	-85.364059
9173.144531	-85.182785
9178.527832	-85.700890
9183.911133	-86.399849
9189.294434	-86.377380
9194.677734	-86.351128
9200.061035	-85.760025
9205.444336	-86.267723
9210.827637	-86.699959
9216.210938	-87.217461
9221.594238	-87.309700
9226.977539	-86.577034
9232.360840	-86.075981
9237.744141	-86.717590
9243.127441	-86.662994
9248.510742	-86.972786
9253.894043	-86.950455
9259.277344	-86.578484
9264.660645	-87.055260
9270.043945	-87.753319
9275.427246	-87.813919
9280.810547	-88.211838
9286.193848	-87.860092
9291.577148	-87.337769
9296.960449	-87.619110
9302.343750	-87.948196
9307.727051	-88.139053
9313.110352	-87.786041
9318.493652	-87.671234
9323.876953	-87.419044
9329.260254	-87.471092
9334.643555	-87.326050
9340.026855	-87.819405
9345.410156	-87.500656
9350.793457	-87.628052
9356.176758	-88.152199
9361.560059	-88.071793
9366.943359	-88.112778
9372.326660	-88.240768
9377.709961	-88.215309
9383.093262	-88.904205
9388.476562	-88.148407
9393.859863	-87.925232
9399.243164	-88.236816
9404.626465	-88.490097
9410.009766	-88.403610
9415.393066	-87.520058
9420.776367	-87.920647
9426.159668	-88.123863
9431.542969	-88.356308
9436.926270	-88.067917
9442.309570	-87.984276
9447.692871	-87.560883
9453.076172	-86.879761
9458.459473	-87.346809
9463.842773	-87.358788
9469.226074	-87.463142
9474.609375	-87.901413
9479.992676	-88.241600
9485.375977	-88.431084
9490.759277	-88.350197
9496.142578	-87.651443
9501.525879	-87.937668
9506.909180	-87.831726
9512.292480	-86.790215
9517.675781	-86.144547
9523.059082	-85.864807
9528.442383	-85.675545
9533.825684	-85.841797
9539.208984	-86.752319
9544.592285	-87.084656
9549.975586	-87.468185
9555.358887	-88.285027
9560.742188	-88.516609
9566.125488	-88.341721
9571.508789	-88.223404
9576.892090	-87.981789
9582.275391	-88.458023
9587.658691	-88.220551
9593.041992	-87.969574
9598.425293	-88.026207
9603.808594	-88.351143
9609.191895	-88.176018
9614.575195	-88.315750
9619.958496	-87.504929
9625.341797	-87.837784
9630.725098	-87.652557
9636.108398	-87.285782
9641.491699	-87.383018
9646.875000	-87.552666
9652.258301	-88.125969
9657.641602	-87.679634
9663.024902	-87.517578
9668.408203	-87.300407
9673.791504	-87.452286
9679.174805	-87.303291
9684.558105	-87.331772
9689.941406	-86.552124
9695.324707	-85.847343
9700.708008	-85.278008
9706.091309	-85.621727
9711.474609	-85.977974
9716.857910	-86.364784
9722.241211	-87.346077
9727.624512	-87.385895
9733.007812	-87.648529
9738.391113	-87.156929
9743.774414	-87.228020
9749.157715	-88.229736
9754.541016	-88.011917
9759.924316	-87.931641
9765.307617	-87.818260
9770.690918	-88.147194
9776.074219	-88.559853
9781.457520	-88.186783
9786.840820	-88.168930
9792.224121	-88.605774
9797.607422	-88.821373
9802.990723	-89.258148
9808.374023	-88.949005
9813.757324	-88.864532
9819.140625	-88.128540
9824.523926	-88.357407
9829.907227	-88.325516
9835.290527	-88.139008
9840.673828	-87.812721
9846.057129	-87.476273
9851.440430	-87.257240
9856.823730	-88.060165
9862.207031	-88.355881
9867.590332	-88.351303
9872.973633	-88.071938
9878.356934	-88.238373
9883.740234	-88.101830
9889.123535	-88.604134
9894.506836	-88.906479
9899.890137	-88.573524
9905.273438	-87.992455
9910.656738	-88.082191
9916.040039	-88.032127
9921.423340	-88.265923
9926.806641	-87.983887
9932.189941	-88.053650
9937.573242	-88.795341
9942.956543	-89.209167
9948.339844	-89.100555
9953.723145	-89.321136
9959.106445	-89.369881
9964.489746	-88.982040
9969.873047	-88.646179
9975.256348	-88.980087
9980.639648	-88.382767
9986.022949	-88.398926
9991.406250	-88.208427
9996.789551	-88.669487
10002.172852	-88.964348
10007.556152	-89.238869
10012.939453	-88.372040
10018.322754	-88.386909
10023.706055	-88.104210
10029.089355	-87.666801
10034.472656	-87.605659
10039.855957	-87.938690
10045.239258	-87.806252
10050.622559	-88.759346
10056.005859	-89.691612
10061.389160	-89.923111
10066.772461	-89.257034
10072.155762	-89.372330
10077.539062	-90.062050
10082.922363	-89.710609
10088.305664	-89.196747
10093.688965	-89.207741
10099.072266	-89.848419
10104.455566	-89.203491
10109.838867	-89.015762
10115.222168	-89.263321
10120.605469	-89.406319
10125.988770	-88.689209
10131.372070	-88.884224
10136.755371	-89.043320
10142.138672	-88.437706
10147.521973	-88.624214
10152.905273	-89.357018
10158.288574	-89.142479
10163.671875	-89.073479
10169.055176	-89.364037
10174.438477	-89.091728
10179.821777	-89.375885
10185.205078	-89.439224
10190.588379	-88.755836
10195.971680	-89.480743
10201.354980	-89.939957
10206.738281	-90.215500
10212.121582	-89.919952
10217.504883	-89.767967
10222.888184	-89.660866
10228.271484	-89.185822
10233.654785	-88.816338
10239.038086	-88.274750
10244.421387	-88.166573
10249.804688	-87.759605
10255.187988	-87.775772
10260.571289	-88.013451
10265.954590	-88.052727
10271.337891	-87.964790
10276.721191	-87.870544
10282.104492	-88.538559
10287.487793	-88.245949
10292.871094	-88.403786
10298.254395	-89.177124
10303.637695	-89.367508
10309.020996	-89.363647
10314.404297	-89.007080
10319.787598	-89.385506
10325.170898	-89.315521
10330.554199	-89.872673
10335.937500	-89.677521
10341.320801	-89.299690
10346.704102	-89.533340
10352.087402	-89.941551
10357.470703	-89.453918
10362.854004	-89.531837
10368.237305	-89.747528
10373.620605	-89.422134
10379.003906	-89.261940
10384.387207	-88.961807
10389.770508	-89.151886
10395.153809	-89.119110
10400.537109	-88.809746
10405.920410	-88.482368
10411.303711	-89.097717
10416.687012	-88.580261
10422.070312	-88.693817
10427.453613	-88.778000
10432.836914	-88.915070
10438.220215	-88.863174
10443.603516	-89.184906
10448.986816	-88.992378
10454.370117	-88.684570
10459.753418	-88.997681
10465.136719	-88.686653
10470.520020	-88.299210
10475.903320	-87.992989
10481.286621	-88.117004
10486.669922	-88.197937
10492.053223	-88.182907
10497.436523	-87.525696
10502.819824	-87.553764
10508.203125	-88.015976
10513.586426	-87.598450
10518.969727	-87.356079
10524.353027	-87.925720
10529.736328	-87.351128
10535.119629	-87.009445
10540.502930	-87.413635
10545.886230	-87.115150
10551.269531	-86.858467
10556.652832	-86.324516
10562.036133	-86.101669
10567.419434	-87.040756
10572.802734	-86.809906
10578.186035	-86.954643
10583.569336	-87.280922
10588.952637	-87.843391
10594.335938	-87.655426
10599.719238	-88.032921
10605.102539	-88.296349
10610.485840	-87.683441
10615.869141	-87.661324
10621.252441	-88.034660
10626.635742	-88.055931
10632.019043	-87.851654
10637.402344	-88.484695
10642.785645	-88.334389
10648.168945	-88.077614
10653.552246	-87.880882
10658.935547	-88.411140
10664.318848	-88.586708
10669.702148	-87.990913
10675.085449	-87.547630
10680.468750	-87.965950
10685.852051	-88.334023
10691.235352	-87.664299
10696.618652	-87.325073
10702.001953	-87.613289
10707.385254	-87.438339
10712.768555	-87.854897
10718.151855	-87.989433
10723.535156	-87.692482
10728.918457	-87.304436
10734.301758	-87.923271
10739.685059	-87.821159
10745.068359	-87.852058
10750.451660	-88.215019
10755.834961	-88.483742
10761.218262	-87.883141
10766.601562	-88.191513
10771.984863	-88.534973
10777.368164	-88.491585
10782.751465	-88.182938
10788.134766	-87.883087
10793.518066	-88.189995
10798.901367	-88.161407
10804.284668	-87.850929
10809.667969	-88.266960
10815.051270	-88.167671
10820.434570	-87.685806
10825.817871	-87.795570
10831.201172	-88.027023
10836.584473	-87.501328
10841.967773	-87.299271
10847.351074	-87.864769
10852.734375	-87.920410
10858.117676	-87.677826
10863.500977	-87.913712
10868.884277	-87.546547
10874.267578	-86.590988
10879.650879	-85.554184
10885.034180	-85.849915
10890.417480	-86.687775
10895.800781	-86.470398
10901.184082	-86.738739
10906.567383	-86.727325
10911.950684	-87.291145
10917.333984	-87.905991
10922.717285	-88.502571
10928.100586	-88.770195
10933.483887	-88.333740
10938.867188	-88.238747
10944.250488	-87.804878
10949.633789	-87.830696
10955.017090	-88.095238
10960.400391	-88.036682
10965.783691	-87.858818
10971.166992	-87.354843
10976.550293	-87.540901
10981.933594	-87.430168
10987.316895	-87.702171
10992.700195	-88.487770
10998.083496	-88.439629
11003.466797	-88.561150
11008.850098	-88.782402
11014.233398	-88.393768
11019.616699	-88.931511
11025.000000	-88.550163
11030.383301	-87.993607
11035.766602	-88.287750
11041.149902	-88.822609
11046.533203	-88.802254
11051.916504	-89.168602
11057.299805	-89.053223
11062.683105	-88.898102
11068.066406	-88.710564
11073.449707	-88.568901
11078.833008	-88.353615
11084.216309	-87.682014
11089.599609	-87.922775
11094.982910	-88.260750
11100.366211	-88.031013
11105.749512	-87.907104
11111.132812	-88.374779
11116.516113	-87.770935
11121.899414	-87.260941
11127.282715	-87.312782
11132.666016	-87.900879
11138.049316	-87.694626
11143.432617	-87.997604
11148.815918	-87.652367
11154.199219	-87.221672
11159.582520	-87.424141
11164.965820	-87.525612
11170.349121	-87.522186
11175.732422	-87.209549
11181.115723	-87.765465
11186.499023	-87.927124
11191.882324	-87.930176
11197.265625	-88.488113
11202.648926	-88.293449
11208.032227	-87.525589
11213.415527	-87.663025
11218.798828	-88.189842
11224.182129	-88.577095
11229.565430	-88.396118
11234.948730	-88.495483
11240.332031	-88.751205
11245.715332	-88.809067
11251.098633	-88.618317
11256.481934	-88.115273
11261.865234	-87.208572
11267.248535	-87.591164
11272.631836	-88.119980
11278.015137	-88.345001
11283.398438	-88.710480
11288.781738	-88.993889
11294.165039	-88.630470
11299.548340	-88.795403
11304.931641	-88.864998
11310.314941	-88.047035
11315.698242	-88.468483
11321.081543	-89.159477
11326.464844	-88.914986
11331.848145	-89.366585
11337.231445	-89.419464
11342.614746	-89.745987
11347.998047	-89.936440
11353.381348	-89.893379
11358.764648	-90.172974
11364.147949	-90.272278
11369.531250	-89.608345
11374.914551	-89.164886
11380.297852	-89.233162
11385.681152	-88.123299
11391.064453	-88.680542
11396.447754	-88.393509
11401.831055	-87.395393
11407.214355	-88.079552
11412.597656	-88.202744
11417.980957	-87.982254
11423.364258	-88.262192
11428.747559	-88.574753
11434.130859	-88.883720
11439.514160	-88.816765
11444.897461	-88.171700
11450.280762	-88.126671
11455.664062	-88.328423
11461.047363	-88.465767
11466.430664	-88.392838
11471.813965	-88.466919
11477.197266	-88.980438
11482.580566	-89.318680
11487.963867	-89.669617
11493.347168	-90.044075
11498.730469	-89.926071
11504.113770	-90.298424
11509.497070	-90.589363
11514.880371	-89.992592
11520.263672	-89.997490
11525.646973	-89.628197
11531.030273	-90.049377
11536.413574	-89.640007
11541.796875	-90.216232
11547.180176	-90.615387
11552.563477	-90.106102
11557.946777	-89.650986
11563.330078	-89.976463
11568.713379	-89.359375
11574.096680	-89.277290
11579.479980	-88.764961
11584.863281	-88.810493
11590.246582	-88.322540
11595.629883	-88.821091
11601.013184	-88.458649
11606.396484	-87.029114
11611.779785	-87.652107
11617.163086	-88.691650
11622.546387	-88.986839
11627.929688	-87.892784
11633.312988	-88.361595
11638.696289	-87.465935
11644.079590	-87.467766
11649.462891	-87.175369
11654.846191	-87.391891
11660.229492	-87.514275
11665.612793	-87.484619
11670.996094	-87.813950
11676.379395	-88.066261
11681.762695	-88.413193
11687.145996	-88.861687
11692.529297	-89.677299
11697.912598	-90.213509
11703.295898	-89.846581
11708.679199	-89.779137
11714.062500	-90.131401
11719.445801	-90.022675
11724.829102	-89.896751
11730.212402	-89.495049
11735.595703	-89.541512
11740.979004	-89.483994
11746.362305	-89.606392
11751.745605	-89.788559
11757.128906	-90.197655
11762.512207	-90.475296
11767.895508	-90.717216
11773.278809	-91.130646
11778.662109	-90.778458
11784.045410	-90.369751
11789.428711	-90.638130
11794.812012	-90.422623
11800.195312	-89.981834
11805.578613	-89.780510
11810.961914	-89.303917
11816.345215	-89.558540
11821.728516	-89.555923
11827.111816	-89.516594
11832.495117	-89.667686
11837.878418	-89.692223
11843.261719	-89.399185
11848.645020	-89.324654
11854.028320	-89.587753
11859.411621	-89.909187
11864.794922	-90.336067
11870.178223	-90.124397
11875.561523	-89.623245
11880.944824	-89.776367
11886.328125	-89.847298
11891.711426	-89.826050
11897.094727	-90.275330
11902.478027	-89.613670
11907.861328	-89.347275
11913.244629	-89.227219
11918.627930	-89.483208
11924.011230	-89.477570
11929.394531	-89.631996
11934.777832	-89.458534
11940.161133	-89.467552
11945.544434	-89.596672
11950.927734	-89.575554
11956.311035	-89.860954
11961.694336	-90.113403
11967.077637	-89.827759
11972.460938	-89.774330
11977.844238	-90.099434
11983.227539	-90.883316
11988.610840	-91.076866
11993.994141	-90.977379
11999.377441	-90.512062
12004.760742	-90.491020
12010.144043	-91.124046
12015.527344	-91.304695
12020.910645	-90.751884
12026.293945	-90.932922
12031.677246	-91.383026
12037.060547	-91.456886
12042.443848	-91.735001
12047.827148	-92.175278
12053.210449	-91.782761
12058.593750	-91.200523
12063.977051	-91.453522
12069.360352	-91.660553
12074.743652	-91.716911
12080.126953	-91.461090
12085.510254	-91.529770
12090.893555	-91.747086
12096.276855	-91.564957
12101.660156	-91.752846
12107.043457	-91.632393
12112.426758	-91.812302
12117.810059	-92.273598
12123.193359	-92.289673
12128.576660	-91.704552
12133.959961	-92.319633
12139.343262	-92.770660
12144.726562	-92.716278
12150.109863	-92.385155
12155.493164	-92.259537
12160.876465	-92.342468
12166.259766	-92.157661
12171.643066	-92.346268
12177.026367	-92.488541
12182.409668	-92.102158
12187.792969	-92.000381
12193.176270	-91.965599
12198.559570	-91.983955
12203.942871	-91.789261
12209.326172	-91.534912
12214.709473	-91.751694
12220.092773	-91.800934
12225.476074	-91.697281
12230.859375	-91.828484
12236.242676	-91.881187
12241.625977	-91.909187
12247.009277	-92.168640
12252.392578	-92.533638
12257.775879	-92.443497
12263.159180	-92.087639
12268.542480	-92.619156
12273.925781	-92.049217
12279.309082	-92.032013
12284.692383	-91.667671
12290.075684	-91.925499
12295.458984	-92.144234
12300.842285	-91.868217
12306.225586	-91.927803
12311.608887	-91.429253
12316.992188	-91.148903
12322.375488	-91.170921
12327.758789	-90.955521
12333.142090	-91.146194
12338.525391	-91.665451
12343.908691	-91.699142
12349.291992	-91.976517
12354.675293	-91.861504
12360.058594	-91.827545
12365.441895	-92.123581
12370.825195	-92.080284
12376.208496	-91.798248
12381.591797	-91.788651
12386.975098	-92.250359
12392.358398	-92.748116
12397.741699	-92.684563
12403.125000	-91.581161
12408.508301	-92.194588
12413.891602	-92.377922
12419.274902	-91.606834
12424.658203	-90.803421
12430.041504	-91.166840
12435.424805	-91.328873
12440.808105	-90.957497
12446.191406	-90.882675
12451.574707	-91.015533
12456.958008	-90.539085
12462.341309	-91.290405
12467.724609	-91.610405
12473.107910	-91.040688
12478.491211	-91.784515
12483.874512	-91.573540
12489.257812	-91.962578
12494.641113	-91.452011
12500.024414	-91.687675
12505.407715	-91.526070
12510.791016	-91.745880
12516.174316	-92.279091
12521.557617	-91.725235
12526.940918	-91.562241
12532.324219	-91.884056
12537.707520	-92.243332
12543.090820	-92.267403
12548.474121	-92.636208
12553.857422	-92.665115
12559.240723	-92.532501
12564.624023	-92.424850
12570.007324	-92.568611
12575.390625	-92.495445
12580.773926	-92.472099
12586.157227	-93.120598
12591.540527	-92.959953
12596.923828	-92.424873
12602.307129	-92.326584
12607.690430	-92.327621
12613.073730	-92.628517
12618.457031	-92.899506
12623.840332	-92.535393
12629.223633	-91.997795
12634.606934	-92.121513
12639.990234	-91.773972
12645.373535	-91.584366
12650.756836	-91.753639
12656.140137	-91.781105
12661.523438	-92.302139
12666.906738	-91.859818
12672.290039	-92.052628
12677.673340	-91.806953
12683.056641	-91.734421
12688.439941	-92.278763
12693.823242	-92.557678
12699.206543	-92.830963
12704.589844	-93.032257
12709.973145	-93.105621
12715.356445	-92.813454
12720.739746	-93.313057
12726.123047	-92.865501
12731.506348	-92.414665
12736.889648	-92.811195
12742.272949	-93.268379
12747.656250	-93.132225
12753.039551	-92.790085
12758.422852	-92.447044
12763.806152	-92.465256
12769.189453	-92.586693
12774.572754	-92.771835
12779.956055	-92.747307
12785.339355	-93.222305
12790.722656	-92.810631
12796.105957	-92.700394
12801.489258	-92.715469
12806.872559	-92.593872
12812.255859	-92.431961
12817.639160	-92.269447
12823.022461	-93.157570
12828.405762	-92.985001
12833.789062	-92.835007
12839.172363	-93.122246
12844.555664	-93.038406
12849.938965	-93.836815
12855.322266	-93.371277
12860.705566	-92.374878
12866.088867	-92.883141
12871.472168	-92.683006
12876.855469	-92.031036
12882.238770	-92.005341
12887.622070	-92.096169
12893.005371	-92.313828
12898.388672	-91.893074
12903.771973	-92.032295
12909.155273	-92.454582
12914.538574	-92.309464
12919.921875	-92.464775
12925.305176	-92.963333
12930.688477	-92.948608
12936.071777	-92.130188
12941.455078	-92.332268
12946.838379	-92.136490
12952.221680	-92.323151
12957.604980	-93.270645
12962.988281	-92.722794
12968.371582	-91.691727
12973.754883	-92.182129
12979.138184	-91.998810
12984.521484	-91.721474
12989.904785	-91.989708
12995.288086	-91.540306
13000.671387	-91.807442
13006.054688	-91.649071
13011.437988	-91.322166
13016.821289	-91.228531
13022.204590	-91.887810
13027.587891	-91.513214
13032.971191	-91.384369
13038.354492	-91.737350
13043.737793	-92.209335
13049.121094	-92.737816
13054.504395	-92.452393
13059.887695	-92.615196
13065.270996	-92.858772
13070.654297	-92.923355
13076.037598	-92.871223
13081.420898	-92.894615
13086.804199	-92.914650
13092.187500	-93.315735
13097.570801	-92.661339
13102.954102	-93.069649
13108.337402	-93.665321
13113.720703	-93.630394
13119.104004	-93.494339
13124.487305	-93.435623
13129.870605	-93.502518
13135.253906	-93.499695
13140.637207	-94.061340
13146.020508	-93.389557
13151.403809	-92.898575
13156.787109	-93.288704
13162.170410	-93.168633
13167.553711	-92.898285
13172.937012	-92.352547
13178.320312	-92.095848
13183.703613	-92.941353
13189.086914	-93.311035
13194.470215	-92.847427
13199.853516	-93.084595
13205.236816	-93.459511
13210.620117	-93.801254
13216.003418	-93.767914
13221.386719	-93.258400
13226.770020	-93.750450
13232.153320	-93.686386
13237.536621	-93.181732
13242.919922	-93.208176
13248.303223	-93.864632
13253.686523	-93.905754
13259.069824	-93.196678
13264.453125	-93.154732
13269.836426	-93.072403
13275.219727	-93.092201
13280.603027	-92.593246
13285.986328	-93.599686
13291.369629	-94.028999
13296.752930	-93.326050
13302.136230	-93.468399
13307.519531	-93.310402
13312.902832	-93.269516
13318.286133	-93.233116
13323.669434	-93.304771
13329.052734	-93.711815
13334.436035	-93.652382
13339.819336	-93.371895
13345.202637	-93.255310
13350.585938	-93.494232
13355.969238	-93.949654
13361.352539	-94.106224
13366.735840	-93.572647
13372.119141	-93.237488
13377.502441	-93.204414
13382.885742	-93.645470
13388.269043	-93.675217
13393.652344	-93.096230
13399.035645	-92.714813
13404.418945	-92.472565
13409.802246	-92.717537
13415.185547	-92.615120
13420.568848	-92.986427
13425.952148	-93.543961
13431.335449	-93.267212
13436.718750	-92.955688
13442.102051	-93.136238
13447.485352	-93.312531
13452.868652	-93.018356
13458.251953	-93.138634
13463.635254	-93.217331
13469.018555	-93.385628
13474.401855	-93.554367
13479.785156	-92.957619
13485.168457	-93.496590
13490.551758	-93.865646
13495.935059	-93.405296
13501.318359	-93.344124
13506.701660	-93.113251
13512.084961	-93.464630
13517.468262	-93.040764
13522.851562	-92.762680
13528.234863	-92.339645
13533.618164	-92.296936
13539.001465	-92.221443
13544.384766	-92.056396
13549.768066	-92.538300
13555.151367	-92.515907
13560.534668	-92.339417
13565.917969	-92.028320
13571.301270	-91.905457
13576.684570	-91.449089
13582.067871	-91.548897
13587.451172	-92.163933
13592.834473	-92.394028
13598.217773	-92.581116
13603.601074	-92.232338
13608.984375	-92.017685
13614.367676	-91.792633
13619.750977	-91.989464
13625.134277	-91.776039
13630.517578	-92.078911
13635.900879	-91.601875
13641.284180	-91.431435
13646.667480	-91.649651
13652.050781	-91.915146
13657.434082	-92.513504
13662.817383	-92.065231
13668.200684	-91.634193
13673.583984	-91.469864
13678.967285	-92.004639
13684.350586	-91.528275
13689.733887	-91.675972
13695.117188	-92.085182
13700.500488	-92.042702
13705.883789	-92.413788
13711.267090	-92.449303
13716.650391	-92.218277
13722.033691	-91.527443
13727.416992	-91.751900
13732.800293	-91.611626
13738.183594	-91.196053
13743.566895	-91.222435
13748.950195	-90.874161
13754.333496	-90.765816
13759.716797	-91.317101
13765.100098	-90.694649
13770.483398	-91.245026
13775.866699	-91.813271
13781.250000	-91.178284
13786.633301	-92.017548
13792.016602	-92.599144
13797.399902	-92.671135
13802.783203	-92.669624
13808.166504	-91.465240
13813.549805	-91.671776
13818.933105	-91.254379
13824.316406	-91.191849
13829.699707	-91.148293
13835.083008	-90.938385
13840.466309	-91.169182
13845.849609	-90.859528
13851.232910	-90.589714
13856.616211	-90.436638
13861.999512	-89.955971
13867.382812	-89.463577
13872.766113	-90.165321
13878.149414	-90.572365
13883.532715	-90.329514
13888.916016	-90.662796
13894.299316	-91.029907
13899.682617	-91.788101
13905.065918	-92.044739
13910.449219	-91.651306
13915.832520	-90.944138
13921.215820	-91.346581
13926.599121	-91.778030
13931.982422	-92.330544
13937.365723	-92.330643
13942.749023	-91.904297
13948.132324	-91.995781
13953.515625	-91.512215
13958.898926	-91.201340
13964.282227	-91.496056
13969.665527	-92.424110
13975.048828	-92.966866
13980.432129	-92.746277
13985.815430	-92.804176
13991.198730	-93.528931
13996.582031	-93.516464
14001.965332	-92.884850
14007.348633	-92.571808
14012.731934	-92.288490
14018.115234	-92.304932
14023.498535	-91.577934
14028.881836	-90.805885
14034.265137	-90.971275
14039.648438	-91.211845
14045.031738	-91.882225
14050.415039	-91.723366
14055.798340	-91.468483
14061.181641	-92.489143
14066.564941	-92.531563
14071.948242	-92.943771
14077.331543	-93.723129
14082.714844	-93.366791
14088.098145	-93.059799
14093.481445	-92.886887
14098.864746	-92.641525
14104.248047	-92.599152
14109.631348	-92.368073
14115.014648	-92.897408
14120.397949	-92.691032
14125.781250	-92.796715
14131.164551	-93.381523
14136.547852	-92.806793
14141.931152	-93.047775
14147.314453	-93.087494
14152.697754	-93.187759
14158.081055	-92.935364
14163.464355	-92.451332
14168.847656	-92.175507
14174.230957	-92.392952
14179.614258	-92.191391
14184.997559	-92.725159
14190.380859	-92.172424
14195.764160	-91.818489
14201.147461	-92.019455
14206.530762	-91.977356
14211.914062	-92.716675
14217.297363	-93.577118
14222.680664	-93.398064
14228.063965	-93.375473
14233.447266	-93.299980
14238.830566	-93.512177
14244.213867	-92.968849
14249.597168	-91.940697
14254.980469	-91.914764
14260.363770	-92.656212
14265.747070	-92.190407
14271.130371	-92.144707
14276.513672	-92.193558
14281.896973	-91.946465
14287.280273	-92.216675
14292.663574	-91.919434
14298.046875	-91.690018
14303.430176	-91.698990
14308.813477	-91.652237
14314.196777	-91.420158
14319.580078	-91.321182
14324.963379	-91.345322
14330.346680	-92.345337
14335.729980	-92.607384
14341.113281	-91.655144
14346.496582	-92.295280
14351.879883	-92.769623
14357.263184	-92.355339
14362.646484	-92.901093
14368.029785	-93.454544
14373.413086	-93.412560
14378.796387	-93.125877
14384.179688	-93.648438
14389.562988	-93.403404
14394.946289	-92.871490
14400.329590	-92.661713
14405.712891	-92.625664
14411.096191	-92.915329
14416.479492	-93.017830
14421.862793	-92.859283
14427.246094	-92.376106
14432.629395	-92.026962
14438.012695	-91.515099
14443.395996	-91.899948
14448.779297	-92.542046
14454.162598	-92.315285
14459.545898	-92.359245
14464.929199	-92.433563
14470.312500	-91.711861
14475.695801	-91.310417
14481.079102	-92.329796
14486.462402	-91.822044
14491.845703	-90.973625
14497.229004	-90.527641
14502.612305	-90.166153
14507.995605	-90.357956
14513.378906	-89.736084
14518.762207	-88.445427
14524.145508	-88.292870
14529.528809	-88.736153
14534.912109	-88.775826
14540.295410	-89.774368
14545.678711	-89.405212
14551.062012	-89.375824
14556.445312	-89.688492
14561.828613	-90.045303
14567.211914	-90.012444
14572.595215	-89.117592
14577.978516	-88.892067
14583.361816	-88.564110
14588.745117	-88.731163
14594.128418	-87.629974
14599.511719	-85.846275
14604.895020	-85.340752
14610.278320	-85.119019
14615.661621	-84.913513
14621.044922	-85.165031
14626.428223	-86.025909
14631.811523	-86.905167
14637.194824	-87.235298
14642.578125	-86.204529
14647.961426	-85.977608
14653.344727	-86.694862
14658.728027	-86.784264
14664.111328	-86.788345
14669.494629	-86.495781
14674.877930	-85.981529
14680.261230	-85.479240
14685.644531	-85.177971
14691.027832	-84.851921
14696.411133	-84.780113
14701.794434	-84.352966
14707.177734	-84.294846
14712.561035	-84.452507
14717.944336	-84.955414
14723.327637	-86.524208
14728.710938	-86.688065
14734.094238	-86.361725
14739.477539	-86.980728
14744.860840	-87.745430
14750.244141	-88.343475
14755.627441	-88.797577
14761.010742	-88.294502
14766.394043	-88.242287
14771.777344	-89.004883
14777.160645	-89.405373
14782.543945	-90.438950
14787.927246	-90.898102
14793.310547	-91.807671
14798.693848	-92.207542
14804.077148	-92.578972
14809.460449	-91.834358
14814.843750	-92.018242
14820.227051	-92.644981
14825.610352	-92.671783
14830.993652	-92.318924
14836.376953	-91.960815
14841.760254	-91.795250
14847.143555	-92.134109
14852.526855	-92.228310
14857.910156	-92.617905
14863.293457	-92.554466
14868.676758	-92.812370
14874.060059	-93.127151
14879.443359	-92.929489
14884.826660	-92.410126
14890.209961	-91.943550
14895.593262	-91.308899
14900.976562	-91.142487
14906.359863	-91.404312
14911.743164	-90.482285
14917.126465	-90.084221
14922.509766	-91.071877
14927.893066	-90.530434
14933.276367	-90.163635
14938.659668	-90.850800
14944.042969	-91.699196
14949.426270	-92.043129
14954.809570	-92.735649
14960.192871	-92.275726
14965.576172	-92.002022
14970.959473	-92.135841
14976.342773	-92.024963
14981.726074	-91.814835
14987.109375	-91.598648
14992.492676	-92.047760
14997.875977	-91.059441
15003.259277	-90.618652
15008.642578	-91.462364
15014.025879	-91.495499
15019.409180	-91.246445
15024.792480	-91.354263
15030.175781	-91.087685
15035.559082	-91.509743
15040.942383	-91.407028
15046.325684	-91.528664
15051.708984	-91.843208
15057.092285	-92.624802
15062.475586	-92.688774
15067.858887	-93.186043
15073.242188	-93.343269
15078.625488	-93.326927
15084.008789	-93.234764
15089.392090	-93.464844
15094.775391	-93.800522
15100.158691	-93.772652
15105.541992	-94.321983
15110.925293	-95.045746
15116.308594	-94.532959
15121.691895	-93.621078
15127.075195	-93.787773
15132.458496	-94.467445
15137.841797	-93.805260
15143.225098	-93.316391
15148.608398	-93.410461
15153.991699	-93.553215
15159.375000	-92.688057
15164.758301	-92.459854
15170.141602	-92.546715
15175.524902	-92.307266
15180.908203	-91.564392
15186.291504	-91.038475
15191.674805	-90.131416
15197.058105	-89.444023
15202.441406	-89.742889
15207.824707	-90.189568
15213.208008	-89.966255
15218.591309	-89.714317
15223.974609	-89.878304
15229.357910	-90.367523
15234.741211	-91.001022
15240.124512	-91.012794
15245.507812	-91.529198
15250.891113	-92.265160
15256.274414	-92.467636
15261.657715	-92.869751
15267.041016	-92.075272
15272.424316	-91.758446
15277.807617	-91.629570
15283.190918	-92.130096
15288.574219	-92.556335
15293.957520	-91.797569
15299.340820	-92.420761
15304.724121	-92.277931
15310.107422	-92.198219
15315.490723	-92.381645
15320.874023	-92.182877
15326.257324	-92.592628
15331.640625	-92.738770
15337.023926	-92.568474
15342.407227	-92.688255
15347.790527	-92.342300
15353.173828	-92.181557
15358.557129	-92.094963
15363.940430	-92.506149
15369.323730	-92.123283
15374.707031	-92.472244
15380.090332	-92.213852
15385.473633	-91.861450
15390.856934	-92.107162
15396.240234	-91.709579
15401.623535	-91.297028
15407.006836	-90.749161
15412.390137	-90.602905
15417.773438	-91.000961
15423.156738	-92.245628
15428.540039	-92.797806
15433.923340	-92.456947
15439.306641	-92.845818
15444.689941	-93.862350
15450.073242	-94.383224
15455.456543	-93.607201
15460.839844	-93.050125
15466.223145	-93.183624
15471.606445	-93.248634
15476.989746	-92.606529
15482.373047	-92.637741
15487.756348	-92.216621
15493.139648	-92.540512
15498.522949	-93.023521
15503.906250	-92.886436
15509.289551	-93.079536
15514.672852	-93.528000
15520.056152	-93.525291
15525.439453	-92.766167
15530.822754	-93.494118
15536.206055	-92.704300
15541.589355	-91.699356
15546.972656	-91.692200
15552.355957	-91.915176
15557.739258	-92.134354
15563.122559	-92.289368
15568.505859	-92.571465
15573.889160	-92.782372
15579.272461	-93.228935
15584.655762	-93.691086
15590.039062	-93.554062
15595.422363	-93.613167
15600.805664	-93.707748
15606.188965	-93.437286
15611.572266	-93.442108
15616.955566	-93.636734
15622.338867	-93.572670
15627.722168	-93.468811
15633.105469	-93.488060
15638.488770	-93.804512
15643.872070	-94.294403
15649.255371	-94.286613
15654.638672	-94.022568
15660.021973	-93.422035
15665.405273	-93.756233
15670.788574	-93.751419
15676.171875	-94.397690
15681.555176	-94.118713
15686.938477	-93.589447
15692.321777	-94.033890
15697.705078	-93.917755
15703.088379	-93.134285
15708.471680	-92.587906
15713.854980	-93.463036
15719.238281	-93.456589
15724.621582	-93.470825
15730.004883	-93.921036
15735.388184	-94.041901
15740.771484	-93.701988
15746.154785	-93.316154
15751.538086	-93.507179
15756.921387	-92.995911
15762.304688	-93.316505
15767.687988	-94.051491
15773.071289	-92.956787
15778.454590	-92.962784
15783.837891	-92.335411
15789.221191	-92.013573
15794.604492	-92.066277
15799.987793	-92.689888
15805.371094	-92.562790
15810.754395	-92.148796
15816.137695	-92.169296
15821.520996	-92.226906
15826.904297	-92.354172
15832.287598	-92.468155
15837.670898	-92.206573
15843.054199	-91.772186
15848.437500	-91.696869
15853.820801	-92.436539
15859.204102	-91.993568
15864.587402	-91.888763
15869.970703	-91.639336
15875.354004	-91.018738
15880.737305	-91.066284
15886.120605	-91.813576
15891.503906	-91.987389
15896.887207	-91.603027
15902.270508	-92.041084
15907.653809	-92.098320
15913.037109	-92.242363
15918.420410	-92.970543
15923.803711	-92.037270
15929.187012	-92.096092
15934.570312	-92.258675
15939.953613	-91.533623
15945.336914	-91.038040
15950.720215	-91.227470
15956.103516	-90.936378
15961.486816	-90.361076
15966.870117	-90.253273
15972.253418	-89.805519
15977.636719	-90.497826
15983.020020	-91.002197
15988.403320	-89.732101
15993.786621	-90.267509
15999.169922	-90.976173
16004.553223	-90.706001
16009.936523	-91.670441
16015.319824	-91.844566
16020.703125	-91.540062
16026.086426	-92.051140
16031.469727	-92.386520
16036.853027	-92.292465
16042.236328	-92.546806
16047.619629	-92.219582
16053.002930	-92.028648
16058.386230	-91.827766
16063.769531	-91.995178
16069.152832	-92.375351
16074.536133	-92.790825
16079.919434	-93.206039
16085.302734	-92.929100
16090.686035	-92.484726
16096.069336	-93.536636
16101.452637	-93.336044
16106.835938	-93.137421
16112.219238	-93.654755
16117.602539	-93.152267
16122.985840	-93.262123
16128.369141	-93.406036
16133.752441	-93.175316
16139.135742	-93.165848
16144.519043	-93.097412
16149.902344	-93.502571
16155.285645	-93.537270
16160.668945	-93.213776
16166.052246	-93.140099
16171.435547	-93.442604
16176.818848	-93.864143
16182.202148	-93.612320
16187.585449	-93.944466
16192.968750	-94.435394
16198.352051	-94.331497
16203.735352	-94.268066
16209.118652	-93.821533
16214.501953	-93.501671
16219.885254	-93.782555
16225.268555	-93.739914
16230.651855	-93.419907
16236.035156	-93.941589
16241.418457	-93.774323
16246.801758	-93.435959
16252.185059	-93.453522
16257.568359	-92.801292
16262.951660	-92.918381
16268.334961	-93.354195
16273.718262	-93.304489
16279.101562	-93.303009
16284.484863	-93.736641
16289.868164	-93.650658
16295.251465	-93.203606
16300.634766	-92.669388
16306.018066	-93.266846
16311.401367	-93.490791
16316.784668	-93.876259
16322.167969	-93.496872
16327.551270	-93.707397
16332.934570	-93.992882
16338.317871	-94.284760
16343.701172	-94.333641
16349.084473	-94.380920
16354.467773	-94.493530
16359.851074	-94.823860
16365.234375	-95.537201
16370.617676	-96.105698
16376.000977	-96.044891
16381.384277	-95.322929
16386.767578	-94.661751
16392.150879	-95.262444
16397.534180	-95.134270
16402.917480	-95.144844
16408.300781	-94.906113
16413.684082	-94.804390
16419.067383	-95.306976
16424.450684	-94.695442
16429.833984	-94.695038
16435.217285	-95.058723
16440.600586	-95.342339
16445.983887	-95.228172
16451.367188	-95.531052
16456.750488	-95.959412
16462.133789	-96.156860
16467.517090	-95.527481
16472.900391	-95.482666
16478.283691	-95.719276
16483.666992	-95.204750
16489.050293	-94.669113
16494.433594	-94.640205
16499.816895	-94.868202
16505.200195	-94.766396
16510.583496	-94.490540
16515.966797	-93.852119
16521.350098	-94.236603
16526.733398	-94.239655
16532.116699	-94.348434
16537.500000	-94.588501
16542.883301	-94.581688
16548.266602	-94.878197
16553.649902	-94.777992
16559.033203	-95.139450
16564.416504	-94.841980
16569.799805	-94.889679
16575.183105	-95.041977
16580.566406	-94.650955
16585.949707	-94.610176
16591.333008	-94.982704
16596.716309	-94.564316
16602.099609	-94.803886
16607.482910	-94.275444
16612.866211	-94.100723
16618.249512	-94.510605
16623.632812	-94.398750
16629.016113	-94.516579
16634.399414	-95.072586
16639.782715	-95.044098
16645.166016	-94.880905
16650.549316	-94.648880
16655.932617	-94.801559
16661.315918	-95.097336
16666.699219	-95.147827
16672.082520	-94.990654
16677.465820	-94.382416
16682.849121	-94.668549
16688.232422	-94.508476
16693.615723	-94.488014
16698.999023	-94.318047
16704.382324	-93.721832
16709.765625	-94.332031
16715.148926	-94.784233
16720.532227	-95.624641
16725.915527	-95.643646
16731.298828	-95.176903
16736.682129	-95.712784
16742.065430	-94.846443
16747.448730	-94.877167
16752.832031	-95.032417
16758.215332	-95.256241
16763.598633	-95.383095
16768.981934	-94.855698
16774.365234	-94.753296
16779.748535	-95.369591
16785.131836	-95.447144
16790.515137	-95.147278
16795.898438	-94.714111
16801.281738	-95.181564
16806.665039	-95.092270
16812.048340	-94.594147
16817.431641	-95.003159
16822.814941	-94.242958
16828.198242	-94.631218
16833.581543	-95.402534
16838.964844	-95.075371
16844.348145	-94.776398
16849.731445	-95.279442
16855.114746	-95.277336
16860.498047	-95.424278
16865.881348	-95.113045
16871.264648	-95.075783
16876.647949	-94.746391
16882.031250	-94.729881
16887.414551	-94.844788
16892.797852	-94.951401
16898.181152	-94.564560
16903.564453	-94.514465
16908.947754	-94.968124
16914.331055	-94.624710
16919.714355	-94.887459
16925.097656	-94.670197
16930.480957	-94.763405
16935.864258	-95.073486
16941.247559	-95.116028
16946.630859	-95.234680
16952.014160	-95.250526
16957.397461	-94.814362
16962.780762	-94.153679
16968.164062	-94.653976
16973.547363	-94.994530
16978.930664	-94.116272
16984.313965	-94.711304
16989.697266	-94.876984
16995.080566	-94.691116
17000.463867	-94.850815
17005.847168	-94.798210
17011.230469	-94.303047
17016.613770	-95.063347
17021.997070	-94.697556
17027.380371	-94.375107
17032.763672	-94.226128
17038.146973	-93.452072
17043.530273	-93.069786
17048.913574	-93.196693
17054.296875	-92.975021
17059.680176	-92.807175
17065.063477	-92.959259
17070.446777	-93.407616
17075.830078	-93.564308
17081.213379	-93.468796
17086.596680	-93.803543
17091.979980	-94.653946
17097.363281	-94.870308
17102.746582	-95.173233
17108.129883	-94.847290
17113.513184	-94.971687
17118.896484	-95.196159
17124.279785	-95.210358
17129.663086	-94.658974
17135.046387	-94.850510
17140.429688	-95.267822
17145.812988	-95.724541
17151.196289	-95.867523
17156.579590	-95.783043
17161.962891	-95.452705
17167.346191	-95.456795
17172.729492	-96.021423
17178.112793	-95.948593
17183.496094	-95.890701
17188.879395	-95.821426
17194.262695	-95.690109
17199.645996	-95.901733
17205.029297	-95.749916
17210.412598	-96.539108
17215.795898	-95.656311
17221.179199	-95.615852
17226.562500	-96.312485
17231.945801	-95.877541
17237.329102	-96.155006
17242.712402	-96.362518
17248.095703	-96.106079
17253.479004	-95.972458
17258.862305	-96.373245
17264.245605	-96.586433
17269.628906	-96.578964
17275.012207	-96.365143
17280.395508	-95.699272
17285.778809	-95.762627
17291.162109	-95.862518
17296.545410	-95.324036
17301.928711	-95.699860
17307.312012	-96.175728
17312.695312	-95.327423
17318.078613	-95.745438
17323.461914	-95.689415
17328.845215	-95.709282
17334.228516	-96.135719
17339.611816	-96.049416
17344.995117	-96.209045
17350.378418	-95.973366
17355.761719	-95.647423
17361.145020	-95.946495
17366.528320	-96.065735
17371.911621	-96.211876
17377.294922	-96.647026
17382.678223	-96.244507
17388.061523	-95.854332
17393.444824	-96.260605
17398.828125	-96.614372
17404.211426	-96.554260
17409.594727	-96.017990
17414.978027	-96.535355
17420.361328	-96.690788
17425.744629	-96.486191
17431.127930	-96.777008
17436.511230	-96.562607
17441.894531	-96.640999
17447.277832	-96.886879
17452.661133	-96.415207
17458.044434	-96.908394
17463.427734	-97.120239
17468.811035	-97.402069
17474.194336	-97.412949
17479.577637	-96.972305
17484.960938	-96.980408
17490.344238	-96.818695
17495.727539	-97.032623
17501.110840	-96.992165
17506.494141	-96.835159
17511.877441	-97.232903
17517.260742	-97.353661
17522.644043	-97.255127
17528.027344	-96.732903
17533.410645	-97.210442
17538.793945	-97.133827
17544.177246	-97.358734
17549.560547	-97.089920
17554.943848	-97.209084
17560.327148	-97.049393
17565.710449	-96.815483
17571.093750	-97.177902
17576.477051	-96.954872
17581.860352	-97.218781
17587.243652	-96.970848
17592.626953	-96.858406
17598.010254	-97.112976
17603.393555	-96.489532
17608.776855	-96.796829
17614.160156	-96.546974
17619.543457	-96.853844
17624.926758	-97.184807
17630.310059	-96.932655
17635.693359	-97.165596
17641.076660	-96.986565
17646.459961	-96.685570
17651.843262	-96.996780
17657.226562	-97.452057
17662.609863	-97.293602
17667.993164	-97.105843
17673.376465	-96.786263
17678.759766	-96.963280
17684.143066	-97.334244
17689.526367	-97.365639
17694.909668	-97.537994
17700.292969	-97.636505
17705.676270	-97.590080
17711.059570	-97.660149
17716.442871	-97.595863
17721.826172	-97.334747
17727.209473	-97.224625
17732.592773	-97.623306
17737.976074	-98.311157
17743.359375	-98.292709
17748.742676	-97.796486
17754.125977	-97.359497
17759.509277	-97.342316
17764.892578	-97.655022
17770.275879	-97.152565
17775.659180	-97.318970
17781.042480	-97.498215
17786.425781	-97.524193
17791.809082	-97.565598
17797.192383	-97.794724
17802.575684	-97.667900
17807.958984	-96.983955
17813.342285	-97.118332
17818.725586	-97.130440
17824.108887	-97.434692
17829.492188	-97.787643
17834.875488	-97.646637
17840.258789	-97.532906
17845.642090	-97.694603
17851.025391	-97.336510
17856.408691	-96.788414
17861.791992	-97.057602
17867.175293	-97.358177
17872.558594	-97.303993
17877.941895	-96.982513
17883.325195	-96.944908
17888.708496	-96.824196
17894.091797	-96.638466
17899.475098	-96.656364
17904.858398	-96.415871
17910.241699	-97.366058
17915.625000	-97.476364
17921.008301	-97.503441
17926.391602	-97.772888
17931.774902	-97.608261
17937.158203	-97.612762
17942.541504	-97.534004
17947.924805	-97.385811
17953.308105	-97.468422
17958.691406	-97.091103
17964.074707	-97.294403
17969.458008	-97.917953
17974.841309	-97.611008
17980.224609	-98.193192
17985.607910	-97.868095
17990.991211	-97.519691
17996.374512	-97.503418
18001.757812	-97.947495
18007.141113	-98.048431
18012.524414	-97.596481
18017.907715	-97.592529
18023.291016	-97.746582
18028.674316	-97.967712
18034.057617	-97.228142
18039.440918	-97.657326
18044.824219	-98.056686
18050.207520	-98.106033
18055.590820	-97.568298
18060.974121	-97.807564
18066.357422	-97.669395
18071.740723	-97.704102
18077.124023	-98.010399
18082.507324	-97.768410
18087.890625	-97.494156
18093.273926	-97.047035
18098.657227	-97.095306
18104.040527	-97.691704
18109.423828	-98.062256
18114.807129	-97.422302
18120.190430	-97.693855
18125.573730	-97.599152
18130.957031	-97.811493
18136.340332	-97.519920
18141.723633	-97.364410
18147.106934	-97.156418
18152.490234	-97.436691
18157.873535	-97.003349
18163.256836	-97.455124
18168.640137	-97.007957
18174.023438	-97.375244
18179.406738	-97.445892
18184.790039	-97.359749
18190.173340	-97.550110
18195.556641	-97.494598
18200.939941	-97.638687
18206.323242	-97.017509
18211.706543	-96.992828
18217.089844	-97.259773
18222.473145	-97.439682
18227.856445	-97.222595
18233.239746	-97.252075
18238.623047	-97.402580
18244.006348	-97.579399
18249.389648	-97.133980
18254.772949	-97.188721
18260.156250	-96.644081
18265.539551	-97.029892
18270.922852	-96.800400
18276.306152	-96.666344
18281.689453	-97.534462
18287.072754	-97.412956
18292.456055	-97.244835
18297.839355	-97.499084
18303.222656	-96.971962
18308.605957	-97.336143
18313.989258	-97.377701
18319.372559	-97.131721
18324.755859	-97.631271
18330.139160	-97.814766
18335.522461	-97.921059
18340.905762	-97.260384
18346.289062	-96.989143
18351.672363	-97.270638
18357.055664	-97.437889
18362.438965	-96.759949
18367.822266	-97.022377
18373.205566	-97.449135
18378.588867	-97.339867
18383.972168	-97.608269
18389.355469	-97.629364
18394.738770	-97.250374
18400.122070	-97.144493
18405.505371	-97.822823
18410.888672	-97.312332
18416.271973	-97.232399
18421.655273	-97.088585
18427.038574	-96.969177
18432.421875	-97.403984
18437.805176	-97.522217
18443.188477	-97.134499
18448.571777	-97.378815
18453.955078	-97.580261
18459.338379	-97.450294
18464.721680	-97.557159
18470.104980	-97.707741
18475.488281	-97.436562
18480.871582	-97.041656
18486.254883	-97.578568
18491.638184	-97.452583
18497.021484	-96.762802
18502.404785	-96.591629
18507.788086	-97.035240
18513.171387	-97.280388
18518.554688	-96.998634
18523.937988	-97.436127
18529.321289	-96.844963
18534.704590	-97.260086
18540.087891	-97.273735
18545.471191	-97.596222
18550.854492	-97.342224
18556.237793	-97.326698
18561.621094	-97.207291
18567.004395	-96.860779
18572.387695	-97.284889
18577.770996	-97.194237
18583.154297	-96.857094
18588.537598	-97.153961
18593.920898	-97.721031
18599.304199	-98.595932
18604.687500	-97.402367
18610.070801	-96.616333
18615.454102	-96.680397
18620.837402	-96.550018
18626.220703	-96.485146
18631.604004	-96.273796
18636.987305	-96.715591
18642.370605	-96.764191
18647.753906	-96.963959
18653.137207	-96.446007
18658.520508	-95.797844
18663.903809	-95.998863
18669.287109	-95.954292
18674.670410	-96.120865
18680.053711	-96.850182
18685.437012	-96.654732
18690.820312	-96.802315
18696.203613	-96.956642
18701.586914	-96.787369
18706.970215	-97.162270
18712.353516	-97.346947
18717.736816	-97.295807
18723.120117	-97.284561
18728.503418	-97.120865
18733.886719	-96.574051
18739.270020	-96.734581
18744.653320	-97.117653
18750.036621	-96.787315
18755.419922	-96.432327
18760.803223	-96.483978
18766.186523	-96.531403
18771.569824	-97.241318
18776.953125	-97.091949
18782.336426	-96.531212
18787.719727	-96.741119
18793.103027	-97.220177
18798.486328	-96.866928
18803.869629	-97.260445
18809.252930	-97.119171
18814.636230	-97.233017
18820.019531	-96.946175
18825.402832	-97.109108
18830.786133	-97.747566
18836.169434	-97.448143
18841.552734	-97.100220
18846.936035	-96.804588
18852.319336	-97.026337
18857.702637	-97.300415
18863.085938	-96.926323
18868.469238	-96.994781
18873.852539	-96.819145
18879.235840	-96.831017
18884.619141	-97.142906
18890.002441	-97.654449
18895.385742	-97.002335
18900.769043	-97.102524
18906.152344	-96.857956
18911.535645	-96.542580
18916.918945	-96.566086
18922.302246	-96.827019
18927.685547	-97.286018
18933.068848	-97.078293
18938.452148	-96.683556
18943.835449	-97.024132
18949.218750	-97.093048
18954.602051	-97.310097
18959.985352	-97.135231
18965.368652	-97.006126
18970.751953	-96.701828
18976.135254	-96.937141
18981.518555	-97.336861
18986.901855	-96.904198
18992.285156	-97.064087
18997.668457	-97.111015
19003.051758	-97.013870
19008.435059	-97.125587
19013.818359	-96.986710
19019.201660	-96.812088
19024.584961	-96.759453
19029.968262	-96.815926
19035.351562	-97.139511
19040.734863	-96.914925
19046.118164	-96.921455
19051.501465	-96.824310
19056.884766	-96.985146
19062.268066	-96.446190
19067.651367	-96.163307
19073.034668	-96.614182
19078.417969	-96.506889
19083.801270	-96.521889
19089.184570	-96.851776
19094.567871	-96.865273
19099.951172	-97.034950
19105.334473	-96.472160
19110.717773	-96.986748
19116.101074	-96.635078
19121.484375	-96.682198
19126.867676	-97.026634
19132.250977	-96.698387
19137.634277	-97.350113
19143.017578	-97.165779
19148.400879	-96.922913
19153.784180	-96.802803
19159.167480	-96.763542
19164.550781	-96.655876
19169.934082	-96.432297
19175.317383	-96.575157
19180.700684	-96.471779
19186.083984	-96.798866
19191.467285	-96.616356
19196.850586	-95.986458
19202.233887	-95.273254
19207.617188	-95.394508
19213.000488	-95.423409
19218.383789	-94.310387
19223.767090	-94.326187
19229.150391	-94.902771
19234.533691	-95.335381
19239.916992	-95.069565
19245.300293	-94.464729
19250.683594	-94.938850
19256.066895	-95.362129
19261.450195	-94.041992
19266.833496	-93.802994
19272.216797	-94.065880
19277.600098	-93.999489
19282.983398	-94.073318
19288.366699	-93.830528
19293.750000	-94.600876
19299.133301	-94.504799
19304.516602	-94.879128
19309.899902	-95.201729
19315.283203	-95.602684
19320.666504	-96.312706
19326.049805	-96.428741
19331.433105	-96.281357
19336.816406	-95.925255
19342.199707	-95.798607
19347.583008	-95.163643
19352.966309	-95.195045
19358.349609	-94.805161
19363.732910	-94.688927
19369.116211	-94.965599
19374.499512	-95.658401
19379.882812	-95.582077
19385.266113	-96.189453
19390.649414	-96.562508
19396.032715	-96.659676
19401.416016	-96.684303
19406.799316	-96.785713
19412.182617	-96.112823
19417.565918	-96.396255
19422.949219	-96.292198
19428.332520	-95.942360
19433.715820	-96.246155
19439.099121	-97.088539
19444.482422	-97.155167
19449.865723	-96.555351
19455.249023	-96.599365
19460.632324	-97.012802
19466.015625	-96.405952
19471.398926	-96.755592
19476.782227	-96.944595
19482.165527	-96.950897
19487.548828	-97.154739
19492.932129	-97.280014
19498.315430	-97.350555
19503.698730	-97.278717
19509.082031	-96.636124
19514.465332	-96.317719
19519.848633	-96.528023
19525.231934	-96.787590
19530.615234	-97.036308
19535.998535	-96.836571
19541.381836	-96.961105
19546.765137	-96.453529
19552.148438	-95.930054
19557.531738	-96.987045
19562.915039	-97.222672
19568.298340	-96.803619
19573.681641	-96.129959
19579.064941	-96.371544
19584.448242	-96.480392
19589.831543	-96.955750
19595.214844	-97.215332
19600.598145	-97.383965
19605.981445	-96.921333
19611.364746	-96.284897
19616.748047	-96.543198
19622.131348	-97.126511
19627.514648	-96.920372
19632.897949	-96.977242
19638.281250	-97.433121
19643.664551	-97.018394
19649.047852	-97.149521
19654.431152	-97.783592
19659.814453	-97.203453
19665.197754	-96.689156
19670.581055	-97.037720
19675.964355	-97.313286
19681.347656	-97.155586
19686.730957	-97.453072
19692.114258	-98.045540
19697.497559	-98.257240
19702.880859	-97.474800
19708.264160	-97.275833
19713.647461	-97.429367
19719.030762	-97.149124
19724.414062	-97.253960
19729.797363	-97.250511
19735.180664	-97.018845
19740.563965	-97.618484
19745.947266	-97.894272
19751.330566	-97.317474
19756.713867	-97.411102
19762.097168	-96.923584
19767.480469	-97.177895
19772.863770	-97.695023
19778.247070	-97.841461
19783.630371	-97.507011
19789.013672	-96.661736
19794.396973	-97.137955
19799.780273	-97.073257
19805.163574	-97.347633
19810.546875	-97.278831
19815.930176	-97.637383
19821.313477	-97.824783
19826.696777	-98.350151
19832.080078	-97.785759
19837.463379	-97.686844
19842.846680	-98.043724
19848.229980	-98.101524
19853.613281	-98.113472
19858.996582	-98.311058
19864.379883	-98.255562
19869.763184	-97.821396
19875.146484	-98.161667
19880.529785	-98.212372
19885.913086	-98.342842
19891.296387	-98.018089
19896.679688	-97.711174
19902.062988	-97.460632
19907.446289	-97.571503
19912.829590	-97.619942
19918.212891	-98.043915
19923.596191	-97.554924
19928.979492	-97.367691
19934.362793	-97.611252
19939.746094	-97.873779
19945.129395	-98.368195
19950.512695	-97.782791
19955.895996	-97.378647
19961.279297	-97.095581
19966.662598	-97.017731
19972.045898	-97.200211
19977.429199	-97.585083
19982.812500	-98.118721
19988.195801	-97.632454
19993.579102	-97.726631
19998.962402	-97.975716
20004.345703	-98.113121
20009.729004	-98.145805
20015.112305	-97.767204
20020.495605	-97.914543
20025.878906	-98.319923
20031.262207	-98.101776
20036.645508	-97.680870
20042.028809	-98.067619
20047.412109	-97.860832
20052.795410	-98.223351
20058.178711	-97.940170
20063.562012	-97.690567
20068.945312	-97.583839
20074.328613	-97.955643
20079.711914	-97.886253
20085.095215	-98.402611
20090.478516	-97.954315
20095.861816	-97.894577
20101.245117	-98.044861
20106.628418	-97.767288
20112.011719	-97.869888
20117.395020	-97.486824
20122.778320	-97.890312
20128.161621	-97.909576
20133.544922	-97.644066
20138.928223	-97.818497
20144.311523	-97.907066
20149.694824	-97.895676
20155.078125	-97.726936
20160.461426	-98.267159
20165.844727	-97.933609
20171.228027	-98.205208
20176.611328	-98.083710
20181.994629	-97.846130
20187.377930	-98.002205
20192.761230	-97.835144
20198.144531	-98.227547
20203.527832	-98.410614
20208.911133	-98.380104
20214.294434	-98.067169
20219.677734	-98.216316
20225.061035	-98.640671
20230.444336	-98.609383
20235.827637	-98.180061
20241.210938	-97.803741
20246.594238	-97.599319
20251.977539	-97.918694
20257.360840	-98.830437
20262.744141	-98.484459
20268.127441	-98.169594
20273.510742	-98.193283
20278.894043	-98.109276
20284.277344	-98.551979
20289.660645	-98.287849
20295.043945	-97.944771
20300.427246	-98.495644
20305.810547	-98.825340
20311.193848	-98.357536
20316.577148	-98.339127
20321.960449	-98.371834
20327.343750	-98.641312
20332.727051	-98.927704
20338.110352	-98.722206
20343.493652	-98.506180
20348.876953	-98.582062
20354.260254	-98.385025
20359.643555	-98.670349
20365.026855	-99.044380
20370.410156	-98.704552
20375.793457	-98.365089
20381.176758	-98.833511
20386.560059	-99.155243
20391.943359	-99.622810
20397.326660	-99.766609
20402.709961	-99.634720
20408.093262	-99.073036
20413.476562	-99.364403
20418.859863	-99.430000
20424.243164	-98.743790
20429.626465	-98.853264
20435.009766	-99.541115
20440.393066	-99.733955
20445.776367	-99.503807
20451.159668	-99.441673
20456.542969	-100.208427
20461.926270	-99.976974
20467.309570	-99.625214
20472.692871	-99.695839
20478.076172	-99.927361
20483.459473	-99.297874
20488.842773	-99.672745
20494.226074	-100.105766
20499.609375	-100.046783
20504.992676	-100.478661
20510.375977	-101.291840
20515.759277	-100.679314
20521.142578	-100.593575
20526.525879	-100.597626
20531.909180	-101.155502
20537.292480	-101.013298
20542.675781	-100.964600
20548.059082	-101.648346
20553.442383	-101.518654
20558.825684	-101.429001
20564.208984	-101.514206
20569.592285	-101.413406
20574.975586	-101.065987
20580.358887	-101.132835
20585.742188	-101.463631
20591.125488	-101.526733
20596.508789	-101.413887
20601.892090	-101.685387
20607.275391	-102.066078
20612.658691	-101.730476
20618.041992	-102.243233
20623.425293	-102.393295
20628.808594	-101.842377
20634.191895	-102.092461
20639.575195	-102.173798
20644.958496	-102.346916
20650.341797	-102.692558
20655.725098	-102.439240
20661.108398	-102.499268
20666.491699	-103.084618
20671.875000	-102.702522
20677.258301	-102.975647
20682.641602	-103.167000
20688.024902	-103.382301
20693.408203	-103.362389
20698.791504	-103.275520
20704.174805	-103.826065
20709.558105	-103.844681
20714.941406	-103.929161
20720.324707	-103.639069
20725.708008	-103.763184
20731.091309	-104.134956
20736.474609	-104.296494
20741.857910	-104.544044
20747.241211	-104.405159
20752.624512	-105.014511
20758.007812	-104.956871
20763.391113	-104.843842
20768.774414	-105.562752
20774.157715	-105.274109
20779.541016	-105.089668
20784.924316	-105.544876
20790.307617	-105.562439
20795.690918	-105.461685
20801.074219	-105.573929
20806.457520	-105.913437
20811.840820	-105.850098
20817.224121	-105.686394
20822.607422	-105.846718
20827.990723	-106.090401
20833.374023	-106.209358
20838.757324	-107.024719
20844.140625	-107.547897
20849.523926	-107.390717
20854.907227	-107.258560
20860.290527	-107.539124
20865.673828	-107.951263
20871.057129	-108.240295
20876.440430	-107.818085
20881.823730	-108.285538
20887.207031	-108.176163
20892.590332	-107.908745
20897.973633	-108.417824
20903.356934	-108.986374
20908.740234	-108.477043
20914.123535	-108.835464
20919.506836	-109.123413
20924.890137	-109.537529
20930.273438	-109.370308
20935.656738	-109.641533
20941.040039	-109.744545
20946.423340	-109.983627
20951.806641	-109.671730
20957.189941	-110.154610
20962.573242	-111.003754
20967.956543	-110.864883
20973.339844	-111.577873
20978.723145	-111.295715
20984.106445	-111.399208
20989.489746	-111.420441
20994.873047	-112.224762
21000.256348	-112.736504
21005.639648	-111.834023
21011.022949	-112.811508
21016.406250	-112.775047
21021.789551	-113.353401
21027.172852	-113.241692
21032.556152	-113.322899
21037.939453	-113.852455
21043.322754	-113.524223
21048.706055	-113.642860
21054.089355	-113.798904
21059.472656	-114.611916
21064.855957	-114.094444
21070.239258	-114.663307
21075.622559	-114.754547
21081.005859	-115.307030
21086.389160	-115.325073
21091.772461	-115.494164
21097.155762	-116.041664
21102.539062	-116.134789
21107.922363	-115.790062
21113.305664	-115.954308
21118.688965	-116.126732
21124.072266	-116.533203
21129.455566	-116.612106
21134.838867	-116.665108
21140.222168	-116.875954
21145.605469	-116.670929
21150.988770	-117.036598
21156.372070	-117.052315
21161.755371	-111.885437
21167.138672	-113.824387
21172.521973	-117.448181
21177.905273	-118.022934
21183.288574	-117.839836
21188.671875	-118.308685
21194.055176	-117.918762
21199.438477	-118.418114
21204.821777	-118.500237
21210.205078	-118.083084
21215.588379	-118.741035
21220.971680	-118.909210
21226.354980	-118.878387
21231.738281	-119.206520
21237.121582	-119.175125
21242.504883	-119.064362
21247.888184	-119.245430
21253.271484	-119.455742
21258.654785	-119.463844
21264.038086	-119.245995
21269.421387	-119.569313
21274.804688	-119.637756
21280.187988	-119.391541
21285.571289	-119.655914
21290.954590	-119.518906
21296.337891	-119.770477
21301.721191	-119.793678
21307.104492	-119.837860
21312.487793	-119.642967
21317.871094	-119.842087
21323.254395	-119.985168
21328.637695	-119.909698
21334.020996	-119.779854
21339.404297	-119.998657
21344.787598	-119.973007
21350.170898	-119.863525
21355.554199	-119.997620
21360.937500	-119.951630
21366.320801	-119.928642
21371.704102	-120.038651
21377.087402	-120.066666
21382.470703	-119.968719
21387.854004	-120.067726
21393.237305	-120.023918
21398.620605	-120.103111
21404.003906	-120.034767
21409.387207	-120.026909
21414.770508	-120.068031
21420.153809	-120.029648
21425.537109	-120.081291
21430.920410	-120.108727
21436.303711	-120.082253
21441.687012	-120.064491
21447.070312	-120.063095
21452.453613	-120.110962
21457.836914	-120.078156
21463.220215	-120.100029
21468.603516	-120.081284
21473.986816	-120.106453
21479.370117	-120.073807
21484.753418	-120.105507
21490.136719	-120.068939
21495.520020	-120.113518
21500.903320	-120.094803
21506.286621	-120.111504
21511.669922	-120.080666
21517.053223	-120.107117
21522.436523	-120.103119
21527.819824	-120.093124
21533.203125	-120.102486
21538.586426	-120.098717
21543.969727	-120.102737
21549.353027	-120.103142
21554.736328	-120.095139
21560.119629	-120.109230
21565.502930	-120.095322
21570.886230	-120.108261
21576.269531	-120.101410
21581.652832	-120.104416
21587.036133	-120.104675
21592.419434	-120.102165
21597.802734	-120.104576
21603.186035	-120.104362
21608.569336	-120.101974
21613.952637	-120.104797
21619.335938	-120.103844
21624.719238	-120.103996
21630.102539	-120.104225
21635.485840	-120.104843
21640.869141	-120.104721
21646.252441	-120.105301
21651.635742	-120.104500
21657.019043	-120.104767
21662.402344	-120.104630
21667.785645	-120.106148
21673.168945	-120.104729
21678.552246	-120.105286
21683.935547	-120.105476
21689.318848	-120.105453
21694.702148	-120.106186
21700.085449	-120.105820
21705.468750	-120.105438
21710.852051	-120.106674
21716.235352	-120.105789
21721.618652	-120.106140
21727.001953	-120.106468
21732.385254	-120.106216
21737.768555	-120.106339
21743.151855	-120.106827
21748.535156	-120.106613
21753.918457	-120.106369
21759.301758	-120.107147
21764.685059	-120.106514
21770.068359	-120.106888
21775.451660	-120.107063
21780.834961	-120.107162
21786.218262	-120.107124
21791.601562	-120.107246
21796.984863	-120.107086
21802.368164	-120.107338
21807.751465	-120.107155
21813.134766	-120.107117
21818.518066	-120.107788
21823.901367	-120.107483
21829.284668	-120.107468
21834.667969	-120.107620
21840.051270	-120.107590
21845.434570	-120.107880
21850.817871	-120.107841
21856.201172	-120.107704
21861.584473	-120.107903
21866.967773	-120.107674
21872.351074	-120.107956
21877.734375	-120.107895
21883.117676	-120.108078
21888.500977	-120.108696
21893.884277	-120.108261
21899.267578	-120.108208
21904.650879	-120.108330
21910.034180	-120.108253
21915.417480	-120.108231
21920.800781	-120.108368
21926.184082	-120.108505
21931.567383	-120.108429
21936.950684	-120.108589
21942.333984	-120.109512
21947.717285	-120.107986
21953.100586	-120.108643
21958.483887	-120.108269
21963.867188	-120.108261
21969.250488	-120.108177
21974.633789	-120.108955
21980.017090	-120.108795
21985.400391	-120.108696
21990.783691	-120.108398
21996.166992	-120.108635
22001.550293	-120.108719
22006.933594	-120.108994
22012.316895	-120.108864
22017.700195	-120.108604
22023.083496	-120.108711
22028.466797	-120.108727
22033.850098	-120.108673
22039.233398	-120.108810
22044.616699	-120.108704
