Frequency (Hz)	Level (dB)
5.383301	-78.403702
10.766602	-77.494606
16.149902	-64.768799
21.533203	-51.706039
26.916504	-53.437603
32.299805	-58.658916
37.683105	-54.983597
43.066406	-52.461502
48.449707	-51.446880
53.833008	-52.782703
59.216309	-52.401184
64.599609	-52.040329
69.982910	-52.064713
75.366211	-53.017811
80.749512	-53.777431
86.132812	-54.977524
91.516113	-54.964092
96.899414	-54.810894
102.282715	-54.185387
107.666016	-54.309902
113.049316	-53.716610
118.432617	-54.131210
123.815918	-57.752163
129.199219	-59.186573
134.582520	-59.234394
139.965820	-59.013977
145.349121	-58.568855
150.732422	-56.734055
156.115723	-58.231617
161.499023	-58.504967
166.882324	-59.067841
172.265625	-60.655838
177.648926	-61.764969
183.032227	-60.703598
188.415527	-58.452305
193.798828	-60.802723
199.182129	-62.348156
204.565430	-63.651176
209.948730	-63.598400
215.332031	-62.558167
220.715332	-61.687656
226.098633	-60.489948
231.481934	-58.931705
236.865234	-57.477551
242.248535	-57.085812
247.631836	-56.644981
253.015137	-56.607578
258.398438	-56.506462
263.781738	-56.566677
269.165039	-56.954235
274.548340	-56.262680
279.931641	-56.481464
285.314941	-57.384426
290.698242	-57.102684
296.081543	-57.390160
301.464844	-57.208561
306.848145	-57.854599
312.231445	-59.197281
317.614746	-60.121151
322.998047	-60.281208
328.381348	-60.392601
333.764648	-59.717213
339.147949	-59.050621
344.531250	-58.484001
349.914551	-58.453060
355.297852	-59.124741
360.681152	-59.378960
366.064453	-59.782108
371.447754	-60.239258
376.831055	-61.045238
382.214355	-61.491928
387.597656	-62.413277
392.980957	-63.519588
398.364258	-64.558739
403.747559	-64.441711
409.130859	-63.688423
414.514160	-63.295753
419.897461	-63.244114
425.280762	-63.961994
430.664062	-64.391541
436.047363	-65.005814
441.430664	-65.049591
446.813965	-64.840073
452.197266	-64.935654
457.580566	-65.032234
462.963867	-64.005005
468.347168	-63.501122
473.730469	-63.758808
479.113770	-64.483139
484.497070	-64.429352
489.880371	-65.128731
495.263672	-64.385345
500.646973	-64.199829
506.030273	-63.718071
511.413574	-62.356281
516.796875	-61.554951
522.180176	-61.543091
527.563477	-60.994091
532.946777	-61.181053
538.330078	-61.380764
543.713379	-61.821808
549.096680	-62.106274
554.479980	-63.476608
559.863281	-65.045601
565.246582	-65.891579
570.629883	-65.486229
576.013184	-64.424980
581.396484	-64.075729
586.779785	-63.228821
592.163086	-63.369102
597.546387	-63.988613
602.929688	-64.521233
608.312988	-64.611961
613.696289	-64.524902
619.079590	-64.543465
624.462891	-64.263039
629.846191	-64.123184
635.229492	-64.020752
640.612793	-64.177811
645.996094	-64.801559
651.379395	-65.675499
656.762695	-66.469261
662.145996	-67.148117
667.529297	-66.934311
672.912598	-66.883896
678.295898	-67.627159
683.679199	-67.764252
689.062500	-67.663239
694.445801	-68.302040
699.829102	-68.027359
705.212402	-67.798622
710.595703	-67.989662
715.979004	-67.803970
721.362305	-67.520401
726.745605	-67.720215
732.128906	-67.640274
737.512207	-67.884827
742.895508	-68.501503
748.278809	-69.365067
753.662109	-69.628738
759.045410	-70.290237
764.428711	-70.987923
769.812012	-71.390495
775.195312	-70.711723
780.578613	-69.181107
785.961914	-68.454437
791.345215	-67.766808
796.728516	-66.946625
802.111816	-65.314598
807.495117	-64.095619
812.878418	-63.545021
818.261719	-63.449718
823.645020	-63.007565
829.028320	-63.195747
834.411621	-63.088375
839.794922	-63.700871
845.178223	-64.643143
850.561523	-65.749817
855.944824	-67.573029
861.328125	-69.566254
866.711426	-71.595978
872.094727	-73.298256
877.478027	-72.742577
882.861328	-71.632576
888.244629	-70.618576
893.627930	-70.074165
899.011230	-70.057877
904.394531	-69.574890
909.777832	-69.002190
915.161133	-68.731079
920.544434	-68.119576
925.927734	-68.254272
931.311035	-68.385811
936.694336	-68.289055
942.077637	-68.358780
947.460938	-67.964668
952.844238	-66.715637
958.227539	-66.331894
963.610840	-66.426956
968.994141	-66.217010
974.377441	-65.768501
979.760742	-65.250397
985.144043	-65.886024
990.527344	-66.374352
995.910645	-66.384102
1001.293945	-67.192627
1006.677246	-68.373383
1012.060547	-69.127472
1017.443848	-69.860062
1022.827148	-70.823120
1028.210449	-70.978790
1033.593750	-71.643753
1038.977051	-71.561386
1044.360352	-72.082825
1049.743652	-72.106651
1055.126953	-72.033974
1060.510254	-72.815804
1065.893555	-73.590355
1071.276855	-73.098572
1076.660156	-73.437279
1082.043457	-73.202591
1087.426758	-72.554230
1092.810059	-71.086426
1098.193359	-70.726334
1103.576660	-70.389809
1108.959961	-70.370537
1114.343262	-70.452843
1119.726562	-70.392029
1125.109863	-67.976273
1130.493164	-70.165878
1135.876465	-71.750687
1141.259766	-71.466438
1146.643066	-71.689423
1152.026367	-71.720062
1157.409668	-71.814781
1162.792969	-71.944862
1168.176270	-72.708344
1173.559570	-73.479950
1178.942871	-73.734489
1184.326172	-73.674347
1189.709473	-73.456062
1195.092773	-74.110893
1200.476074	-75.545097
1205.859375	-75.952736
1211.242676	-77.102676
1216.625977	-78.018005
1222.009277	-78.198471
1227.392578	-78.446609
1232.775879	-78.219986
1238.159180	-78.743484
1243.542480	-79.063416
1248.925781	-79.722809
1254.309082	-78.284866
1259.692383	-76.935287
1265.075684	-76.180878
1270.458984	-75.253700
1275.842285	-74.668449
1281.225586	-74.771477
1286.608887	-74.946114
1291.992188	-74.439659
1297.375488	-74.109932
1302.758789	-74.531479
1308.142090	-74.001823
1313.525391	-73.340340
1318.908691	-72.905975
1324.291992	-73.060791
1329.675293	-72.901428
1335.058594	-73.189522
1340.441895	-73.518311
1345.825195	-73.522560
1351.208496	-73.922722
1356.591797	-74.839027
1361.975098	-74.665298
1367.358398	-74.763741
1372.741699	-74.994934
1378.125000	-75.021049
1383.508301	-75.257652
1388.891602	-75.906601
1394.274902	-76.672028
1399.658203	-76.434540
1405.041504	-76.034828
1410.424805	-75.824905
1415.808105	-75.366508
1421.191406	-75.218979
1426.574707	-74.308342
1431.958008	-74.353386
1437.341309	-76.027603
1442.724609	-76.863083
1448.107910	-77.182800
1453.491211	-76.051872
1458.874512	-75.092781
1464.257812	-73.910751
1469.641113	-73.712715
1475.024414	-74.113396
1480.407715	-74.285896
1485.791016	-74.657944
1491.174316	-74.751572
1496.557617	-75.333923
1501.940918	-75.043343
1507.324219	-74.650543
1512.707520	-74.422607
1518.090820	-74.591507
1523.474121	-75.282974
1528.857422	-75.952637
1534.240723	-77.202599
1539.624023	-77.674889
1545.007324	-77.278664
1550.390625	-76.245247
1555.773926	-76.038452
1561.157227	-75.976692
1566.540527	-75.616112
1571.923828	-76.221848
1577.307129	-77.171158
1582.690430	-76.991875
1588.073730	-76.656754
1593.457031	-75.908493
1598.840332	-75.147842
1604.223633	-76.141190
1609.606934	-76.977928
1614.990234	-78.915794
1620.373535	-79.799469
1625.756836	-79.515999
1631.140137	-79.562889
1636.523438	-79.826675
1641.906738	-79.491959
1647.290039	-78.756569
1652.673340	-79.583588
1658.056641	-79.797119
1663.439941	-79.589653
1668.823242	-79.239098
1674.206543	-79.022339
1679.589844	-78.643356
1684.973145	-78.150749
1690.356445	-77.634575
1695.739746	-77.891800
1701.123047	-77.684364
1706.506348	-77.544609
1711.889648	-77.013885
1717.272949	-76.906181
1722.656250	-77.077438
1728.039551	-77.175392
1733.422852	-77.973625
1738.806152	-78.950272
1744.189453	-79.826698
1749.572754	-80.595650
1754.956055	-81.283867
1760.339355	-81.616249
1765.722656	-81.434044
1771.105957	-81.776802
1776.489258	-82.086861
1781.872559	-82.561890
1787.255859	-82.831131
1792.639160	-83.226120
1798.022461	-82.163506
1803.405762	-81.683670
1808.789062	-81.581833
1814.172363	-80.642151
1819.555664	-80.944176
1824.938965	-80.689606
1830.322266	-80.665985
1835.705566	-80.951706
1841.088867	-80.697319
1846.472168	-80.220940
1851.855469	-80.145668
1857.238770	-79.745659
1862.622070	-79.753975
1868.005371	-80.402184
1873.388672	-80.668381
1878.771973	-79.740211
1884.155273	-79.333122
1889.538574	-79.421150
1894.921875	-78.838058
1900.305176	-79.245445
1905.688477	-79.026169
1911.071777	-78.733017
1916.455078	-79.693520
1921.838379	-80.150040
1927.221680	-80.331619
1932.604980	-80.943352
1937.988281	-80.778267
1943.371582	-81.061035
1948.754883	-81.938141
1954.138184	-82.346550
1959.521484	-82.343491
1964.904785	-81.794868
1970.288086	-81.771393
1975.671387	-81.114471
1981.054688	-80.658630
1986.437988	-80.710487
1991.821289	-80.202179
1997.204590	-80.087807
2002.587891	-80.962471
2007.971191	-81.849487
2013.354492	-82.605904
2018.737793	-83.252098
2024.121094	-82.215279
2029.504395	-81.855110
2034.887695	-80.586128
2040.270996	-79.807793
2045.654297	-79.315544
2051.037598	-79.407562
2056.420898	-79.675789
2061.804199	-80.339088
2067.187500	-81.463974
2072.570801	-81.957237
2077.954102	-82.386116
2083.337402	-82.206314
2088.720703	-82.494301
2094.104004	-83.280846
2099.487305	-84.180649
2104.870605	-84.505287
2110.253906	-84.897720
2115.637207	-85.195297
2121.020508	-85.643890
2126.403809	-86.166466
2131.787109	-86.527023
2137.170410	-86.505577
2142.553711	-86.574722
2147.937012	-85.977692
2153.320312	-85.995422
2158.703613	-86.271736
2164.086914	-86.273499
2169.470215	-86.350212
2174.853516	-86.910538
2180.236816	-86.708435
2185.620117	-86.800720
2191.003418	-87.231094
2196.386719	-87.066040
2201.770020	-86.589317
2207.153320	-86.464439
2212.536621	-86.800629
2217.919922	-86.896530
2223.303223	-87.111374
2228.686523	-87.332069
2234.069824	-87.025002
2239.453125	-87.139343
2244.836426	-86.651367
2250.219727	-85.347961
2255.603027	-84.700714
2260.986328	-84.443222
2266.369629	-84.485817
2271.752930	-84.642899
2277.136230	-84.017998
2282.519531	-82.937851
2287.902832	-82.653412
2293.286133	-82.741478
2298.669434	-83.108307
2304.052734	-82.866493
2309.436035	-83.446892
2314.819336	-83.328842
2320.202637	-83.741142
2325.585938	-85.205750
2330.969238	-85.798737
2336.352539	-86.435059
2341.735840	-87.250481
2347.119141	-88.181168
2352.502441	-87.992790
2357.885742	-87.092705
2363.269043	-86.770081
2368.652344	-86.960091
2374.035645	-85.973396
2379.418945	-85.170441
2384.802246	-84.593208
2390.185547	-84.165985
2395.568848	-84.089691
2400.952148	-84.022621
2406.335449	-84.014946
2411.718750	-84.196373
2417.102051	-83.934814
2422.485352	-83.671814
2427.868652	-85.287048
2433.251953	-86.341309
2438.635254	-86.335724
2444.018555	-86.315681
2449.401855	-85.708328
2454.785156	-84.725410
2460.168457	-83.776825
2465.551758	-83.633667
2470.935059	-83.959389
2476.318359	-84.767761
2481.701660	-85.362473
2487.084961	-85.709167
2492.468262	-86.148079
2497.851562	-85.762390
2503.234863	-85.343666
2508.618164	-84.963417
2514.001465	-84.956161
2519.384766	-85.335625
2524.768066	-85.995644
2530.151367	-85.727905
2535.534668	-85.609749
2540.917969	-85.262352
2546.301270	-85.305695
2551.684570	-84.860588
2557.067871	-84.242035
2562.451172	-83.575676
2567.834473	-83.742561
2573.217773	-83.834221
2578.601074	-83.810699
2583.984375	-83.641388
2589.367676	-82.663773
2594.750977	-82.646790
2600.134277	-82.945595
2605.517578	-83.546265
2610.900879	-83.752968
2616.284180	-84.215530
2621.667480	-85.290916
2627.050781	-85.916122
2632.434082	-85.863190
2637.817383	-85.374550
2643.200684	-85.121956
2648.583984	-85.028831
2653.967285	-85.897469
2659.350586	-86.399773
2664.733887	-87.493935
2670.117188	-87.620712
2675.500488	-87.516594
2680.883789	-87.603615
2686.267090	-87.653496
2691.650391	-88.104042
2697.033691	-88.381493
2702.416992	-88.712242
2707.800293	-88.152588
2713.183594	-88.341148
2718.566895	-88.237999
2723.950195	-87.833939
2729.333496	-87.665108
2734.716797	-87.319633
2740.100098	-87.291885
2745.483398	-86.883072
2750.866699	-86.492569
2756.250000	-86.556900
2761.633301	-87.122467
2767.016602	-87.904991
2772.399902	-87.624771
2777.783203	-87.698174
2783.166504	-87.076225
2788.549805	-85.858780
2793.933105	-85.455208
2799.316406	-85.060272
2804.699707	-84.673492
2810.083008	-85.180275
2815.466309	-85.762184
2820.849609	-86.102882
2826.232910	-86.538338
2831.616211	-87.094849
2836.999512	-86.984421
2842.382812	-87.036690
2847.766113	-87.426086
2853.149414	-87.350708
2858.532715	-87.118851
2863.916016	-87.293983
2869.299316	-87.565430
2874.682617	-87.765144
2880.065918	-88.375267
2885.449219	-88.115433
2890.832520	-88.504021
2896.215820	-88.724564
2901.599121	-88.594284
2906.982422	-88.254967
2912.365723	-88.685211
2917.749023	-89.529129
2923.132324	-89.416656
2928.515625	-89.609840
2933.898926	-89.489563
2939.282227	-89.536987
2944.665527	-89.368652
2950.048828	-88.617088
2955.432129	-88.570061
2960.815430	-88.810974
2966.198730	-88.870872
2971.582031	-88.793617
2976.965332	-88.721207
2982.348633	-87.670219
2987.731934	-87.381432
2993.115234	-87.949776
2998.498535	-88.795906
3003.881836	-88.756104
3009.265137	-88.501015
3014.648438	-88.315125
3020.031738	-87.173721
3025.415039	-86.678886
3030.798340	-85.889618
3036.181641	-86.006805
3041.564941	-86.496567
3046.948242	-87.130806
3052.331543	-87.346283
3057.714844	-87.847076
3063.098145	-87.297340
3068.481445	-87.375175
3073.864746	-87.330391
3079.248047	-86.944763
3084.631348	-86.894104
3090.014648	-86.665695
3095.397949	-87.193878
3100.781250	-86.499268
3106.164551	-86.955574
3111.547852	-87.553635
3116.931152	-88.052048
3122.314453	-89.058662
3127.697754	-88.135910
3133.081055	-87.363548
3138.464355	-87.822426
3143.847656	-88.145317
3149.230957	-88.525475
3154.614258	-88.875183
3159.997559	-88.825714
3165.380859	-88.519569
3170.764160	-88.567093
3176.147461	-88.986053
3181.530762	-89.071167
3186.914062	-89.234100
3192.297363	-88.820404
3197.680664	-89.016739
3203.063965	-89.853737
3208.447266	-90.531517
3213.830566	-90.355919
3219.213867	-90.288658
3224.597168	-90.261673
3229.980469	-90.108910
3235.363770	-90.223701
3240.747070	-90.359131
3246.130371	-90.711655
3251.513672	-90.518776
3256.896973	-90.823479
3262.280273	-90.685524
3267.663574	-90.593452
3273.046875	-90.287361
3278.430176	-90.042664
3283.813477	-89.125900
3289.196777	-88.753548
3294.580078	-88.650314
3299.963379	-88.902008
3305.346680	-88.623398
3310.729980	-88.612816
3316.113281	-89.013054
3321.496582	-89.295647
3326.879883	-89.691986
3332.263184	-90.191399
3337.646484	-90.106491
3343.029785	-89.939301
3348.413086	-88.798065
3353.796387	-88.229561
3359.179688	-87.846031
3364.562988	-87.800110
3369.946289	-87.356300
3375.329590	-87.612053
3380.712891	-88.416870
3386.096191	-88.512405
3391.479492	-88.598793
3396.862793	-89.283318
3402.246094	-89.111664
3407.629395	-88.494926
3413.012695	-89.118111
3418.395996	-89.705917
3423.779297	-89.810326
3429.162598	-90.117615
3434.545898	-89.857819
3439.929199	-89.735374
3445.312500	-90.152168
3450.695801	-90.465118
3456.079102	-90.610100
3461.462402	-91.367172
3466.845703	-91.638725
3472.229004	-91.609055
3477.612305	-91.723076
3482.995605	-91.899376
3488.378906	-91.343376
3493.762207	-90.759605
3499.145508	-91.068390
3504.528809	-91.400085
3509.912109	-91.332458
3515.295410	-90.982140
3520.678711	-91.013931
3526.062012	-91.067627
3531.445312	-90.673988
3536.828613	-90.678596
3542.211914	-90.729309
3547.595215	-89.811752
3552.978516	-90.141037
3558.361816	-90.851158
3563.745117	-91.300812
3569.128418	-91.044464
3574.511719	-90.993668
3579.895020	-91.267540
3585.278320	-90.734894
3590.661621	-90.559959
3596.044922	-89.973412
3601.428223	-90.182808
3606.811523	-90.160294
3612.194824	-90.564796
3617.578125	-90.442825
3622.961426	-89.831696
3628.344727	-89.903511
3633.728027	-89.875206
3639.111328	-89.628639
3644.494629	-89.274147
3649.877930	-89.158737
3655.261230	-89.454140
3660.644531	-89.675858
3666.027832	-89.852806
3671.411133	-90.682686
3676.794434	-91.763847
3682.177734	-91.512749
3687.561035	-91.002510
3692.944336	-90.951157
3698.327637	-90.573105
3703.710938	-91.223801
3709.094238	-91.297638
3714.477539	-90.477837
3719.860840	-90.907600
3725.244141	-91.333595
3730.627441	-90.859039
3736.010742	-91.551056
3741.394043	-91.702156
3746.777344	-91.933197
3752.160645	-92.423103
3757.543945	-92.898575
3762.927246	-92.411018
3768.310547	-92.466530
3773.693848	-92.425789
3779.077148	-91.928139
3784.460449	-91.440025
3789.843750	-91.125763
3795.227051	-91.285210
3800.610352	-91.701920
3805.993652	-92.170876
3811.376953	-91.477005
3816.760254	-91.107117
3822.143555	-91.477478
3827.526855	-91.115082
3832.910156	-92.121979
3838.293457	-91.661705
3843.676758	-91.078186
3849.060059	-92.071533
3854.443359	-92.788635
3859.826660	-92.244461
3865.209961	-91.958244
3870.593262	-92.004753
3875.976562	-91.426155
3881.359863	-91.359291
3886.743164	-91.449753
3892.126465	-92.464973
3897.509766	-92.991966
3902.893066	-93.177673
3908.276367	-93.037186
3913.659668	-92.646347
3919.042969	-92.647118
3924.426270	-92.450058
3929.809570	-92.160355
3935.192871	-92.562538
3940.576172	-92.444687
3945.959473	-92.218399
3951.342773	-92.392250
3956.726074	-93.282486
3962.109375	-93.382309
3967.492676	-93.587456
3972.875977	-92.826050
3978.259277	-92.758400
3983.642578	-93.207832
3989.025879	-93.575722
3994.409180	-94.169075
3999.792480	-93.794678
4005.175781	-93.949585
4010.559082	-93.870995
4015.942383	-92.868744
4021.325684	-93.175476
4026.708984	-93.011703
4032.092285	-92.751770
4037.475586	-92.542732
4042.858887	-93.050377
4048.242188	-93.286591
4053.625488	-93.069275
4059.008789	-92.917389
4064.392090	-93.131737
4069.775391	-93.484947
4075.158691	-93.691505
4080.541992	-93.350845
4085.925293	-93.552208
4091.308594	-93.041840
4096.691895	-92.260300
4102.075195	-92.254097
4107.458496	-92.436707
4112.841797	-92.648430
4118.225098	-92.824417
4123.608398	-92.548988
4128.991699	-92.922653
4134.375000	-92.480141
4139.758301	-92.415718
4145.141602	-92.680603
4150.524902	-92.412239
4155.908203	-93.174904
4161.291504	-93.566505
4166.674805	-93.641327
4172.058105	-92.825790
4177.441406	-92.309082
4182.824707	-91.989021
4188.208008	-92.184937
4193.591309	-92.591286
4198.974609	-93.680618
4204.357910	-94.191963
4209.741211	-94.507065
4215.124512	-94.644569
4220.507812	-93.943718
4225.891113	-94.204811
4231.274414	-93.768936
4236.657715	-93.246048
4242.041016	-92.836510
4247.424316	-92.608246
4252.807617	-92.396713
4258.190918	-92.426949
4263.574219	-92.690544
4268.957520	-92.566399
4274.340820	-93.204430
4279.724121	-92.978348
4285.107422	-93.267929
4290.490723	-93.708000
4295.874023	-94.346451
4301.257324	-94.146706
4306.640625	-94.300697
4312.023926	-94.358437
4317.407227	-94.884888
4322.790527	-95.307144
4328.173828	-94.877083
4333.557129	-94.207764
4338.940430	-93.546661
4344.323730	-93.183853
4349.707031	-92.742943
4355.090332	-92.276642
4360.473633	-92.397339
4365.856934	-92.890587
4371.240234	-92.526291
4376.623535	-92.597366
4382.006836	-92.937843
4387.390137	-93.133362
4392.773438	-93.605835
4398.156738	-94.745316
4403.540039	-94.510818
4408.923340	-94.387115
4414.306641	-94.402779
4419.689941	-93.995461
4425.073242	-93.893227
4430.456543	-93.912971
4435.839844	-94.050552
4441.223145	-94.908875
4446.606445	-94.788071
4451.989746	-94.654144
4457.373047	-94.448532
4462.756348	-94.833862
4468.139648	-94.556244
4473.522949	-94.308807
4478.906250	-94.998306
4484.289551	-95.305679
4489.672852	-94.984634
4495.056152	-94.182747
4500.439453	-93.924866
4505.822754	-94.883827
4511.206055	-94.426521
4516.589355	-94.031693
4521.972656	-94.167503
4527.355957	-93.741867
4532.739258	-93.853851
4538.122559	-93.215675
4543.505859	-93.292992
4548.889160	-93.005753
4554.272461	-93.035606
4559.655762	-93.041161
4565.039062	-93.104118
4570.422363	-92.906685
4575.805664	-93.510612
4581.188965	-93.694359
4586.572266	-94.194122
4591.955566	-94.367569
4597.338867	-94.415062
4602.722168	-94.502541
4608.105469	-94.086311
4613.488770	-95.291084
4618.872070	-95.850021
4624.255371	-95.229561
4629.638672	-94.212860
4635.021973	-93.757362
4640.405273	-94.067581
4645.788574	-94.173775
4651.171875	-93.548500
4656.555176	-93.550911
4661.938477	-93.328705
4667.321777	-94.047997
4672.705078	-94.884575
4678.088379	-95.477356
4683.471680	-95.817207
4688.854980	-95.610764
4694.238281	-95.144341
4699.621582	-94.408226
4705.004883	-94.122681
4710.388184	-94.130615
4715.771484	-93.947784
4721.154785	-94.448311
4726.538086	-95.333237
4731.921387	-95.504677
4737.304688	-94.727715
4742.687988	-95.053749
4748.071289	-94.963120
4753.454590	-94.011322
4758.837891	-93.882607
4764.221191	-93.474869
4769.604492	-93.974640
4774.987793	-94.042282
4780.371094	-93.916847
4785.754395	-94.201874
4791.137695	-93.681602
4796.520996	-93.951157
4801.904297	-93.775032
4807.287598	-93.841301
4812.670898	-94.536888
4818.054199	-93.907654
4823.437500	-94.457115
4828.820801	-95.462776
4834.204102	-95.771568
4839.587402	-96.126991
4844.970703	-96.207817
4850.354004	-96.253952
4855.737305	-96.605118
4861.120605	-96.302124
4866.503906	-95.883659
4871.887207	-96.424873
4877.270508	-96.495361
4882.653809	-96.658211
4888.037109	-96.937302
4893.420410	-96.969475
4898.803711	-97.223068
4904.187012	-96.682571
4909.570312	-96.239548
4914.953613	-96.394005
4920.336914	-96.615219
4925.720215	-96.823639
4931.103516	-96.215538
4936.486816	-94.981979
4941.870117	-95.029572
4947.253418	-94.453896
4952.636719	-95.181290
4958.020020	-95.749229
4963.403320	-95.733345
4968.786621	-96.023499
4974.169922	-95.949402
4979.553223	-95.782654
4984.936523	-95.922867
4990.319824	-96.072922
4995.703125	-96.361786
5001.086426	-96.450348
5006.469727	-96.633842
5011.853027	-96.834213
5017.236328	-97.266945
5022.619629	-96.628578
5028.002930	-96.877213
5033.386230	-97.185310
5038.769531	-96.811584
5044.152832	-96.364746
5049.536133	-96.016289
5054.919434	-96.303673
5060.302734	-96.992065
5065.686035	-97.469322
5071.069336	-97.666428
5076.452637	-97.287300
5081.835938	-96.726257
5087.219238	-96.684181
5092.602539	-97.084961
5097.985840	-97.647591
5103.369141	-98.060356
5108.752441	-98.107262
5114.135742	-97.982819
5119.519043	-98.487122
5124.902344	-98.329269
5130.285645	-97.587685
5135.668945	-97.981071
5141.052246	-98.059349
5146.435547	-97.709908
5151.818848	-97.803131
5157.202148	-97.330894
5162.585449	-97.917076
5167.968750	-98.908752
5173.352051	-98.547569
5178.735352	-97.607742
5184.118652	-97.713219
5189.501953	-96.501625
5194.885254	-93.972130
5200.268555	-96.872345
5205.651855	-97.858604
5211.035156	-97.681007
5216.418457	-98.037003
5221.801758	-97.058647
5227.185059	-97.160278
5232.568359	-97.104500
5237.951660	-96.969452
5243.334961	-97.218704
5248.718262	-97.520813
5254.101562	-97.791962
5259.484863	-98.345222
5264.868164	-98.891335
5270.251465	-98.534592
5275.634766	-98.445129
5281.018066	-98.021706
5286.401367	-97.435280
5291.784668	-97.476067
5297.167969	-97.062546
5302.551270	-96.827660
5307.934570	-96.467850
5313.317871	-96.247910
5318.701172	-96.530983
5324.084473	-96.342773
5329.467773	-96.609535
5334.851074	-97.040962
5340.234375	-97.624847
5345.617676	-97.974075
5351.000977	-97.417839
5356.384277	-97.099182
5361.767578	-96.998268
5367.150879	-97.292076
5372.534180	-98.068649
5377.917480	-97.757423
5383.300781	-97.881317
5388.684082	-97.574272
5394.067383	-96.865623
5399.450684	-97.172737
5404.833984	-97.291306
5410.217285	-97.133881
5415.600586	-96.527008
5420.983887	-96.804893
5426.367188	-96.882278
5431.750488	-96.027000
5437.133789	-95.968719
5442.517090	-96.494171
5447.900391	-97.127090
5453.283691	-96.861313
5458.666992	-96.706749
5464.050293	-97.416939
5469.433594	-97.862923
5474.816895	-97.902031
5480.200195	-97.834869
5485.583496	-98.157341
5490.966797	-98.657722
5496.350098	-98.658920
5501.733398	-98.128784
5507.116699	-97.523872
5512.500000	-97.591187
5517.883301	-97.448006
5523.266602	-97.636116
5528.649902	-97.609009
5534.033203	-97.490974
5539.416504	-97.647057
5544.799805	-96.978943
5550.183105	-97.068893
5555.566406	-97.563774
5560.949707	-97.329979
5566.333008	-97.768448
5571.716309	-98.543449
5577.099609	-98.373314
5582.482910	-97.204948
5587.866211	-97.082436
5593.249512	-97.674301
5598.632812	-98.405273
5604.016113	-98.961052
5609.399414	-98.487541
5614.782715	-98.556801
5620.166016	-98.363358
5625.549316	-98.564140
5630.932617	-97.188690
5636.315918	-96.639618
5641.699219	-96.497108
5647.082520	-97.170769
5652.465820	-97.832397
5657.849121	-97.716194
5663.232422	-98.383324
5668.615723	-97.571388
5673.999023	-97.673256
5679.382324	-97.695374
5684.765625	-97.663818
5690.148926	-98.174805
5695.532227	-98.241219
5700.915527	-98.437737
5706.298828	-98.770454
5711.682129	-99.353722
5717.065430	-99.833870
5722.448730	-99.509209
5727.832031	-99.196342
5733.215332	-100.420410
5738.598633	-100.355896
5743.981934	-99.943886
5749.365234	-99.921623
5754.748535	-100.009071
5760.131836	-99.623947
5765.515137	-99.598717
5770.898438	-100.415428
5776.281738	-100.230743
5781.665039	-100.213043
5787.048340	-100.236855
5792.431641	-99.853722
5797.814941	-98.873306
5803.198242	-99.171692
5808.581543	-99.133698
5813.964844	-99.520485
5819.348145	-99.831841
5824.731445	-99.729179
5830.114746	-99.389076
5835.498047	-99.340233
5840.881348	-99.333908
5846.264648	-99.306602
5851.647949	-99.068489
5857.031250	-98.939491
5862.414551	-99.052757
5867.797852	-99.954636
5873.181152	-100.638443
5878.564453	-99.870911
5883.947754	-99.560448
5889.331055	-99.900520
5894.714355	-99.564217
5900.097656	-98.932404
5905.480957	-98.501068
5910.864258	-98.650963
5916.247559	-100.836693
5921.630859	-100.279701
5927.014160	-99.960808
5932.397461	-100.021156
5937.780762	-100.320358
5943.164062	-100.918777
5948.547363	-100.640587
5953.930664	-99.613853
5959.313965	-100.218948
5964.697266	-100.422661
5970.080566	-100.375031
5975.463867	-100.627487
5980.847168	-100.869186
5986.230469	-100.798759
5991.613770	-100.796356
5996.997070	-100.680405
6002.380371	-100.558983
6007.763672	-99.656006
6013.146973	-99.562035
6018.530273	-100.728477
6023.913574	-100.414322
6029.296875	-99.929123
6034.680176	-99.749802
6040.063477	-100.183640
6045.446777	-99.644478
6050.830078	-99.866264
6056.213379	-99.819016
6061.596680	-99.862572
6066.979980	-99.619568
6072.363281	-99.762383
6077.746582	-100.360443
6083.129883	-100.629494
6088.513184	-100.900093
6093.896484	-100.331818
6099.279785	-100.168976
6104.663086	-99.691475
6110.046387	-99.099464
6115.429688	-99.807999
6120.812988	-100.803970
6126.196289	-100.723480
6131.579590	-100.571884
6136.962891	-100.471024
6142.346191	-100.306442
6147.729492	-100.812447
6153.112793	-100.778526
6158.496094	-100.175690
6163.879395	-100.361755
6169.262695	-100.725044
6174.645996	-100.587463
6180.029297	-100.134262
6185.412598	-100.483627
6190.795898	-100.946465
6196.179199	-100.686951
6201.562500	-100.803055
6206.945801	-100.685722
6212.329102	-100.392654
6217.712402	-101.005692
6223.095703	-100.444397
6228.479004	-100.262947
6233.862305	-100.683411
6239.245605	-100.393318
6244.628906	-100.715851
6250.012207	-100.160545
6255.395508	-101.213417
6260.778809	-101.129471
6266.162109	-100.613480
6271.545410	-100.454338
6276.928711	-100.420235
6282.312012	-101.145569
6287.695312	-101.577141
6293.078613	-101.058289
6298.461914	-100.818077
6303.845215	-100.277306
6309.228516	-98.982544
6314.611816	-100.205635
6319.995117	-100.987244
6325.378418	-100.381683
6330.761719	-100.348259
6336.145020	-100.121719
6341.528320	-100.421066
6346.911621	-100.398636
6352.294922	-100.600647
6357.678223	-100.734085
6363.061523	-100.807388
6368.444824	-100.978577
6373.828125	-101.188347
6379.211426	-101.449722
6384.594727	-101.554039
6389.978027	-100.756912
6395.361328	-101.480743
6400.744629	-101.206337
6406.127930	-101.269241
6411.511230	-100.589355
6416.894531	-100.381821
6422.277832	-100.879257
6427.661133	-100.934189
6433.044434	-100.668564
6438.427734	-100.378433
6443.811035	-101.227905
6449.194336	-101.173103
6454.577637	-101.135506
6459.960938	-101.165245
6465.344238	-100.852539
6470.727539	-100.725510
6476.110840	-100.082253
6481.494141	-101.112099
6486.877441	-101.065689
6492.260742	-99.794189
6497.644043	-100.218529
6503.027344	-100.699432
6508.410645	-99.962875
6513.793945	-100.903229
6519.177246	-101.585266
6524.560547	-101.609772
6529.943848	-100.926819
6535.327148	-100.809059
6540.710449	-101.718849
6546.093750	-101.435326
6551.477051	-100.920601
6556.860352	-100.308800
6562.243652	-100.262665
6567.626953	-100.954567
6573.010254	-101.171875
6578.393555	-100.426895
6583.776855	-99.822403
6589.160156	-100.603081
6594.543457	-101.292221
6599.926758	-101.225098
6605.310059	-100.886398
6610.693359	-100.545326
6616.076660	-100.271156
6621.459961	-100.616325
6626.843262	-100.260002
6632.226562	-99.722412
6637.609863	-99.616577
6642.993164	-100.643501
6648.376465	-100.482193
6653.759766	-100.105400
6659.143066	-100.280960
6664.526367	-101.129539
6669.909668	-99.943916
6675.292969	-99.975662
6680.676270	-100.559845
6686.059570	-101.253639
6691.442871	-101.220100
6696.826172	-101.269592
6702.209473	-100.573647
6707.592773	-100.359436
6712.976074	-101.100288
6718.359375	-100.432549
6723.742676	-100.695007
6729.125977	-101.127792
6734.509277	-100.151886
6739.892578	-99.987427
6745.275879	-100.204269
6750.659180	-101.274269
6756.042480	-100.897789
6761.425781	-100.349876
6766.809082	-100.142403
6772.192383	-100.267555
6777.575684	-100.879593
6782.958984	-100.737045
6788.342285	-101.253250
6793.725586	-101.892929
6799.108887	-101.452003
6804.492188	-101.253754
6809.875488	-100.291519
6815.258789	-99.793175
6820.642090	-100.234962
6826.025391	-100.513718
6831.408691	-101.251610
6836.791992	-101.566162
6842.175293	-101.406609
6847.558594	-102.011314
6852.941895	-101.987144
6858.325195	-101.907730
6863.708496	-101.401619
6869.091797	-101.810539
6874.475098	-101.642845
6879.858398	-101.966995
6885.241699	-101.793549
6890.625000	-101.210365
6896.008301	-100.206802
6901.391602	-100.998070
6906.774902	-100.667000
6912.158203	-100.122093
6917.541504	-100.716270
6922.924805	-101.134605
6928.308105	-100.984840
6933.691406	-100.971252
6939.074707	-100.627213
6944.458008	-100.552055
6949.841309	-101.066437
6955.224609	-101.633865
6960.607910	-101.229340
6965.991211	-100.996605
6971.374512	-100.956757
6976.757812	-100.813347
6982.141113	-101.078850
6987.524414	-100.623894
6992.907715	-100.823570
6998.291016	-100.181580
7003.674316	-100.334488
7009.057617	-100.733284
7014.440918	-101.393028
7019.824219	-101.834778
7025.207520	-102.008842
7030.590820	-101.675819
7035.974121	-101.744347
7041.357422	-101.660866
7046.740723	-101.487328
7052.124023	-101.440552
7057.507324	-101.001198
7062.890625	-100.654877
7068.273926	-100.984421
7073.657227	-101.179482
7079.040527	-101.323952
7084.423828	-102.350388
7089.807129	-102.303596
7095.190430	-101.978279
7100.573730	-101.915375
7105.957031	-101.305969
7111.340332	-101.394768
7116.723633	-100.806137
7122.106934	-101.145912
7127.490234	-101.496788
7132.873535	-101.321045
7138.256836	-100.979858
7143.640137	-100.531281
7149.023438	-100.743782
7154.406738	-101.061646
7159.790039	-100.918152
7165.173340	-101.143959
7170.556641	-101.188309
7175.939941	-101.389130
7181.323242	-101.415474
7186.706543	-102.477600
7192.089844	-102.413025
7197.473145	-102.065781
7202.856445	-102.129677
7208.239746	-102.041618
7213.623047	-102.473061
7219.006348	-101.959213
7224.389648	-102.144882
7229.772949	-102.341599
7235.156250	-101.665070
7240.539551	-102.349167
7245.922852	-102.623314
7251.306152	-101.714516
7256.689453	-101.269150
7262.072754	-101.665474
7267.456055	-102.058357
7272.839355	-102.638222
7278.222656	-103.035400
7283.605957	-102.247765
7288.989258	-101.801521
7294.372559	-101.608826
7299.755859	-101.148247
7305.139160	-101.356430
7310.522461	-100.885040
7315.905762	-100.351051
7321.289062	-101.269890
7326.672363	-101.633133
7332.055664	-101.869667
7337.438965	-101.595886
7342.822266	-101.859283
7348.205566	-102.008926
7353.588867	-101.544434
7358.972168	-101.149406
7364.355469	-101.830856
7369.738770	-102.419167
7375.122070	-102.070236
7380.505371	-101.842278
7385.888672	-102.666534
7391.271973	-102.846832
7396.655273	-101.622940
7402.038574	-102.114243
7407.421875	-102.635574
7412.805176	-101.957100
7418.188477	-101.785332
7423.571777	-102.116302
7428.955078	-101.350403
7434.338379	-101.881599
7439.721680	-102.154434
7445.104980	-101.715675
7450.488281	-101.670204
7455.871582	-102.583900
7461.254883	-102.105827
7466.638184	-102.556122
7472.021484	-102.762405
7477.404785	-102.972725
7482.788086	-101.894203
7488.171387	-102.467644
7493.554688	-102.451302
7498.937988	-102.534996
7504.321289	-103.256302
7509.704590	-103.051048
7515.087891	-102.107361
7520.471191	-102.555214
7525.854492	-102.458260
7531.237793	-102.058350
7536.621094	-101.600281
7542.004395	-102.995163
7547.387695	-102.985008
7552.770996	-102.556023
7558.154297	-103.224373
7563.537598	-103.740356
7568.920898	-103.697639
7574.304199	-102.597633
7579.687500	-102.131744
7585.070801	-102.944763
7590.454102	-102.271629
7595.837402	-101.967796
7601.220703	-102.340370
7606.604004	-102.053429
7611.987305	-101.632812
7617.370605	-101.597000
7622.753906	-101.877098
7628.137207	-101.762009
7633.520508	-102.021088
7638.903809	-102.255066
7644.287109	-102.615761
7649.670410	-101.865959
7655.053711	-102.106026
7660.437012	-102.015106
7665.820312	-102.124474
7671.203613	-103.062050
7676.586914	-102.583839
7681.970215	-102.334076
7687.353516	-102.788620
7692.736816	-102.419594
7698.120117	-102.204567
7703.503418	-101.954353
7708.886719	-102.660370
7714.270020	-103.902252
7719.653320	-103.607658
7725.036621	-102.837753
7730.419922	-102.514351
7735.803223	-103.391617
7741.186523	-103.240494
7746.569824	-103.583717
7751.953125	-103.140793
7757.336426	-103.045082
7762.719727	-103.225868
7768.103027	-102.774696
7773.486328	-102.960297
7778.869629	-103.291595
7784.252930	-102.863480
7789.636230	-102.899139
7795.019531	-102.956154
7800.402832	-102.733253
7805.786133	-102.259254
7811.169434	-102.411491
7816.552734	-102.791451
7821.936035	-103.121811
7827.319336	-102.869392
7832.702637	-102.853851
7838.085938	-102.608215
7843.469238	-102.620232
7848.852539	-102.709648
7854.235840	-102.750427
7859.619141	-102.452110
7865.002441	-102.327499
7870.385742	-102.981880
7875.769043	-102.219727
7881.152344	-102.653152
7886.535645	-103.218842
7891.918945	-102.396339
7897.302246	-102.173210
7902.685547	-102.521324
7908.068848	-101.943291
7913.452148	-101.827919
7918.835449	-101.826424
7924.218750	-101.458214
7929.602051	-102.200363
7934.985352	-102.166542
7940.368652	-102.193405
7945.751953	-102.976982
7951.135254	-103.103630
7956.518555	-102.989029
7961.901855	-103.254272
7967.285156	-104.071815
7972.668457	-104.689285
7978.051758	-103.922997
7983.435059	-102.931870
7988.818359	-103.273163
7994.201660	-102.685318
7999.584961	-102.397560
8004.968262	-101.774773
8010.351562	-102.803497
8015.734863	-104.630775
8021.118164	-104.901321
8026.501465	-104.282364
8031.884766	-103.499504
8037.268066	-103.340454
8042.651367	-103.195038
8048.034668	-103.442482
8053.417969	-103.395721
8058.801270	-103.926468
8064.184570	-103.511497
8069.567871	-103.554161
8074.951172	-104.205231
8080.334473	-104.969742
8085.717773	-104.358818
8091.101074	-103.790710
8096.484375	-103.206245
8101.867676	-103.507019
8107.250977	-104.236359
8112.634277	-103.489975
8118.017578	-103.932777
8123.400879	-104.467125
8128.784180	-103.989120
8134.167480	-104.458427
8139.550781	-104.930504
8144.934082	-104.453346
8150.317383	-104.445992
8155.700684	-104.425247
8161.083984	-104.135605
8166.467285	-102.934410
8171.850586	-102.436974
8177.233887	-103.697418
8182.617188	-103.340004
8188.000488	-103.192238
8193.383789	-102.487831
8198.767090	-102.485413
8204.150391	-103.183029
8209.533691	-103.409180
8214.916992	-103.515541
8220.300293	-103.970078
8225.683594	-104.452003
8231.066895	-104.454811
8236.450195	-104.481346
8241.833496	-104.431892
8247.216797	-104.485779
8252.600098	-105.019638
8257.983398	-105.573586
8263.366699	-105.147957
8268.750000	-104.836784
8274.133301	-103.574394
8279.516602	-103.523697
8284.899902	-104.485634
8290.283203	-104.399246
8295.666504	-104.526543
8301.049805	-104.564644
8306.433105	-105.093643
8311.816406	-105.035507
8317.199707	-104.506065
8322.583008	-104.840248
8327.966309	-105.826729
8333.349609	-105.922745
8338.732910	-105.418869
8344.116211	-105.214058
8349.499512	-105.258537
8354.882812	-104.951920
8360.266113	-104.998779
8365.649414	-104.824539
8371.032715	-105.166496
8376.416016	-105.228165
8381.799316	-104.154892
8387.182617	-103.785011
8392.565918	-104.256783
8397.949219	-103.961136
8403.332520	-103.859665
8408.715820	-103.945717
8414.099121	-103.767212
8419.482422	-104.010132
8424.865723	-104.475212
8430.249023	-104.765251
8435.632324	-105.329208
8441.015625	-105.106224
8446.398926	-104.949898
8451.782227	-104.352478
8457.165527	-103.832321
8462.548828	-104.094803
8467.932129	-103.816849
8473.315430	-104.224373
8478.698730	-105.117203
8484.082031	-104.555862
8489.465332	-104.949867
8494.848633	-105.230583
8500.231934	-105.023041
8505.615234	-105.104988
8510.998535	-104.890976
8516.381836	-105.198120
8521.765137	-105.964645
8527.148438	-105.424309
8532.531738	-105.155281
8537.915039	-104.960228
8543.298340	-104.984528
8548.681641	-104.959587
8554.064941	-105.632561
8559.448242	-105.526970
8564.831543	-105.004089
8570.214844	-104.663048
8575.598145	-104.695534
8580.981445	-105.022865
8586.364746	-105.046478
8591.748047	-105.351669
8597.131348	-104.879280
8602.514648	-104.515572
8607.897949	-103.921486
8613.281250	-103.955925
8618.664551	-104.664986
8624.047852	-104.111389
8629.431152	-103.585709
8634.814453	-103.714622
8640.197754	-104.947868
8645.581055	-105.011452
8650.964355	-105.658821
8656.347656	-105.199791
8661.730957	-104.616219
8667.114258	-104.318527
8672.497559	-104.009735
8677.880859	-102.920090
8683.264160	-103.628052
8688.647461	-105.228226
8694.030762	-105.413246
8699.414062	-104.681450
8704.797363	-103.844864
8710.180664	-103.740456
8715.563965	-104.515152
8720.947266	-105.127319
8726.330566	-105.306259
8731.713867	-104.826172
8737.097168	-104.736366
8742.480469	-105.240456
8747.863770	-105.215691
8753.247070	-105.071228
8758.630371	-104.471230
8764.013672	-104.408409
8769.396973	-104.854713
8774.780273	-104.679649
8780.163574	-105.263992
8785.546875	-105.371025
8790.930176	-104.937828
8796.313477	-103.998421
8801.696777	-103.828758
8807.080078	-105.101845
8812.463379	-104.464035
8817.846680	-104.474380
8823.229980	-105.334084
8828.613281	-105.152985
8833.996582	-105.302017
8839.379883	-105.078697
8844.763184	-105.316795
8850.146484	-105.007011
8855.529785	-104.732681
8860.913086	-105.614983
8866.296387	-105.947334
8871.679688	-105.047462
8877.062988	-105.586731
8882.446289	-105.782127
8887.829590	-104.976189
8893.212891	-105.342850
8898.596191	-106.229286
8903.979492	-105.528404
8909.362793	-104.784416
8914.746094	-104.964958
8920.129395	-106.274696
8925.512695	-106.417259
8930.895996	-106.289513
8936.279297	-106.561340
8941.662598	-106.797607
8947.045898	-105.877800
8952.429199	-105.033752
8957.812500	-105.530220
8963.195801	-106.028305
8968.579102	-105.998993
8973.962402	-105.892296
8979.345703	-105.599388
8984.729004	-105.185448
8990.112305	-105.856308
8995.495605	-106.336792
9000.878906	-106.337624
9006.262207	-106.481682
9011.645508	-105.589470
9017.028809	-105.598633
9022.412109	-105.486877
9027.795410	-105.001358
9033.178711	-105.732101
9038.562012	-105.919098
9043.945312	-106.031494
9049.328613	-106.626091
9054.711914	-106.265030
9060.095215	-105.760727
9065.478516	-105.527008
9070.861816	-105.740921
9076.245117	-105.204048
9081.628418	-104.276436
9087.011719	-105.281090
9092.395020	-105.001274
9097.778320	-105.742256
9103.161621	-105.871559
9108.544922	-106.011650
9113.928223	-106.458740
9119.311523	-106.429253
9124.694824	-106.129799
9130.078125	-106.255623
9135.461426	-105.763954
9140.844727	-105.773788
9146.228027	-104.976929
9151.611328	-105.774109
9156.994629	-106.309479
9162.377930	-105.800301
9167.761230	-105.348343
9173.144531	-105.183296
9178.527832	-104.523300
9183.911133	-104.257195
9189.294434	-104.589828
9194.677734	-104.361198
9200.061035	-103.808418
9205.444336	-104.456406
9210.827637	-106.080162
9216.210938	-106.149521
9221.594238	-105.786240
9226.977539	-105.597816
9232.360840	-106.796646
9237.744141	-106.766678
9243.127441	-105.467247
9248.510742	-106.305618
9253.894043	-105.725586
9259.277344	-104.930099
9264.660645	-104.706779
9270.043945	-105.924110
9275.427246	-106.186241
9280.810547	-107.190742
9286.193848	-106.279167
9291.577148	-105.245132
9296.960449	-105.226906
9302.343750	-105.442963
9307.727051	-105.680176
9313.110352	-105.895271
9318.493652	-105.774437
9323.876953	-106.141563
9329.260254	-105.809258
9334.643555	-105.829430
9340.026855	-106.042305
9345.410156	-106.523445
9350.793457	-107.078667
9356.176758	-107.092018
9361.560059	-106.725296
9366.943359	-105.540680
9372.326660	-106.427887
9377.709961	-106.995171
9383.093262	-106.326828
9388.476562	-105.206139
9393.859863	-105.187202
9399.243164	-106.184433
9404.626465	-105.569824
9410.009766	-105.623764
9415.393066	-105.492737
9420.776367	-104.947037
9426.159668	-105.070061
9431.542969	-105.198738
9436.926270	-105.404495
9442.309570	-106.955551
9447.692871	-105.710709
9453.076172	-105.729782
9458.459473	-106.042389
9463.842773	-106.667526
9469.226074	-105.579102
9474.609375	-104.738960
9479.992676	-104.895264
9485.375977	-105.240211
9490.759277	-105.889458
9496.142578	-105.363724
9501.525879	-105.309647
9506.909180	-103.203682
9512.292480	-104.246498
9517.675781	-106.230362
9523.059082	-106.592796
9528.442383	-106.549896
9533.825684	-105.857399
9539.208984	-106.673584
9544.592285	-106.491341
9549.975586	-106.451973
9555.358887	-107.018723
9560.742188	-106.885948
9566.125488	-107.015106
9571.508789	-105.375954
9576.892090	-106.222443
9582.275391	-106.516060
9587.658691	-106.405670
9593.041992	-106.957207
9598.425293	-107.786095
9603.808594	-107.598030
9609.191895	-107.153152
9614.575195	-107.309944
9619.958496	-107.678085
9625.341797	-107.177216
9630.725098	-105.784004
9636.108398	-105.370773
9641.491699	-105.190498
9646.875000	-106.030838
9652.258301	-107.261406
9657.641602	-106.905899
9663.024902	-107.514244
9668.408203	-107.757904
9673.791504	-106.984352
9679.174805	-105.473297
9684.558105	-105.326241
9689.941406	-106.865227
9695.324707	-105.842255
9700.708008	-105.683823
9706.091309	-105.864594
9711.474609	-106.642670
9716.857910	-107.147926
9722.241211	-107.558289
9727.624512	-106.463211
9733.007812	-104.880806
9738.391113	-104.408836
9743.774414	-105.130241
9749.157715	-105.038750
9754.541016	-105.974022
9759.924316	-106.683990
9765.307617	-107.047554
9770.690918	-106.640167
9776.074219	-106.526108
9781.457520	-107.010429
9786.840820	-106.774620
9792.224121	-106.477119
9797.607422	-105.738205
9802.990723	-107.036850
9808.374023	-106.275917
9813.757324	-105.659294
9819.140625	-105.999985
9824.523926	-106.217789
9829.907227	-106.231079
9835.290527	-105.749802
9840.673828	-106.175163
9846.057129	-106.616058
9851.440430	-105.995689
9856.823730	-105.763184
9862.207031	-105.853043
9867.590332	-104.736404
9872.973633	-104.926384
9878.356934	-106.418434
9883.740234	-106.297798
9889.123535	-106.480553
9894.506836	-106.230125
9899.890137	-107.041351
9905.273438	-106.279617
9910.656738	-105.793816
9916.040039	-107.133583
9921.423340	-106.215485
9926.806641	-105.957230
9932.189941	-106.316139
9937.573242	-105.664047
9942.956543	-106.010895
9948.339844	-105.896255
9953.723145	-105.677490
9959.106445	-105.033829
9964.489746	-104.922081
9969.873047	-106.179550
9975.256348	-106.520889
9980.639648	-105.444084
9986.022949	-105.266014
9991.406250	-105.629143
9996.789551	-105.928154
10002.172852	-105.984299
10007.556152	-106.691895
10012.939453	-106.207878
10018.322754	-106.158401
10023.706055	-107.331451
10029.089355	-107.677414
10034.472656	-107.064774
10039.855957	-106.823158
10045.239258	-107.457146
10050.622559	-106.950409
10056.005859	-106.158325
10061.389160	-105.119911
10066.772461	-104.311920
10072.155762	-104.201859
10077.539062	-105.895691
10082.922363	-104.473122
10088.305664	-104.110390
10093.688965	-105.212791
10099.072266	-106.963150
10104.455566	-106.908714
10109.838867	-106.294785
10115.222168	-105.813217
10120.605469	-106.525787
10125.988770	-106.562126
10131.372070	-105.426201
10136.755371	-104.835983
10142.138672	-105.919548
10147.521973	-105.755569
10152.905273	-106.231972
10158.288574	-106.975655
10163.671875	-107.451111
10169.055176	-107.063484
10174.438477	-107.004189
10179.821777	-106.919136
10185.205078	-106.405243
10190.588379	-106.136414
10195.971680	-105.619774
10201.354980	-105.792061
10206.738281	-106.860428
10212.121582	-106.551338
10217.504883	-106.134651
10222.888184	-106.303482
10228.271484	-105.639664
10233.654785	-105.274040
10239.038086	-104.915390
10244.421387	-104.369629
10249.804688	-104.482323
10255.187988	-104.225906
10260.571289	-104.944710
10265.954590	-105.076584
10271.337891	-105.555252
10276.721191	-106.175385
10282.104492	-106.833565
10287.487793	-107.857529
10292.871094	-107.345421
10298.254395	-106.214882
10303.637695	-105.651901
10309.020996	-105.630157
10314.404297	-105.963829
10319.787598	-105.944603
10325.170898	-105.968613
10330.554199	-106.258919
10335.937500	-106.649483
10341.320801	-105.999161
10346.704102	-105.867287
10352.087402	-106.973633
10357.470703	-106.807327
10362.854004	-106.245064
10368.237305	-106.428520
10373.620605	-107.164124
10379.003906	-106.842896
10384.387207	-100.686890
10389.770508	-94.495399
10395.153809	-100.585114
10400.537109	-107.775986
10405.920410	-107.566185
10411.303711	-106.494965
10416.687012	-105.736748
10422.070312	-105.625053
10427.453613	-106.499146
10432.836914	-106.770065
10438.220215	-107.250999
10443.603516	-107.139175
10448.986816	-106.426819
10454.370117	-106.549004
10459.753418	-107.344414
10465.136719	-107.123672
10470.520020	-106.935493
10475.903320	-107.189247
10481.286621	-106.951492
10486.669922	-107.002403
10492.053223	-107.140701
10497.436523	-106.834984
10502.819824	-106.718323
10508.203125	-106.206131
10513.586426	-106.491150
10518.969727	-106.671455
10524.353027	-107.614151
10529.736328	-107.181236
10535.119629	-107.479088
10540.502930	-106.831345
10545.886230	-106.202950
10551.269531	-106.832436
10556.652832	-107.291397
10562.036133	-107.717224
10567.419434	-108.310997
10572.802734	-107.962372
10578.186035	-107.862778
10583.569336	-107.482376
10588.952637	-107.549347
10594.335938	-107.693039
10599.719238	-107.375008
10605.102539	-106.953857
10610.485840	-107.651787
10615.869141	-108.042068
10621.252441	-107.504539
10626.635742	-107.095573
10632.019043	-106.639137
10637.402344	-107.347687
10642.785645	-107.511574
10648.168945	-107.017525
10653.552246	-107.380508
10658.935547	-107.383743
10664.318848	-106.562782
10669.702148	-107.149338
10675.085449	-108.136971
10680.468750	-108.252136
10685.852051	-108.020378
10691.235352	-107.178085
10696.618652	-107.043472
10702.001953	-106.694435
10707.385254	-107.133987
10712.768555	-107.157486
10718.151855	-106.772697
10723.535156	-106.220390
10728.918457	-106.728134
10734.301758	-108.152481
10739.685059	-108.826172
10745.068359	-108.172745
10750.451660	-108.372841
10755.834961	-107.670609
10761.218262	-106.852341
10766.601562	-107.144112
10771.984863	-107.746025
10777.368164	-107.316559
10782.751465	-106.367744
10788.134766	-106.774254
10793.518066	-106.344933
10798.901367	-106.465591
10804.284668	-107.157982
10809.667969	-107.866615
10815.051270	-107.484505
10820.434570	-107.483330
10825.817871	-106.459419
10831.201172	-106.930725
10836.584473	-107.364616
10841.967773	-106.668900
10847.351074	-106.944191
10852.734375	-107.710144
10858.117676	-107.651146
10863.500977	-107.734406
10868.884277	-108.814522
10874.267578	-109.147224
10879.650879	-109.378197
10885.034180	-108.778099
10890.417480	-108.255295
10895.800781	-108.543732
10901.184082	-108.963470
10906.567383	-109.049583
10911.950684	-109.071991
10917.333984	-109.867691
10922.717285	-108.987869
10928.100586	-107.379204
10933.483887	-108.536125
10938.867188	-109.727745
10944.250488	-109.332428
10949.633789	-109.143028
10955.017090	-108.359886
10960.400391	-108.306602
10965.783691	-109.748207
10971.166992	-110.375763
10976.550293	-109.843552
10981.933594	-109.800682
10987.316895	-110.168747
10992.700195	-110.506264
10998.083496	-110.682014
11003.466797	-110.559288
11008.850098	-109.932312
11014.233398	-109.577682
11019.616699	-110.120354
11025.000000	-109.600250
11030.383301	-109.067268
11035.766602	-108.721321
11041.149902	-109.679474
11046.533203	-109.777878
11051.916504	-109.009911
11057.299805	-108.927414
11062.683105	-108.311249
11068.066406	-107.860039
11073.449707	-108.039520
11078.833008	-108.272163
11084.216309	-107.696289
11089.599609	-106.567528
11094.982910	-106.618797
11100.366211	-107.256042
11105.749512	-107.527496
11111.132812	-107.187080
11116.516113	-107.752144
11121.899414	-108.153679
11127.282715	-107.823959
11132.666016	-108.074028
11138.049316	-108.813919
11143.432617	-108.692085
11148.815918	-108.540466
11154.199219	-108.499733
11159.582520	-107.495674
11164.965820	-108.100159
11170.349121	-108.688095
11175.732422	-108.375549
11181.115723	-107.975983
11186.499023	-108.209908
11191.882324	-108.696396
11197.265625	-109.047653
11202.648926	-108.800652
11208.032227	-108.173767
11213.415527	-108.702003
11218.798828	-108.141098
11224.182129	-108.722626
11229.565430	-107.726326
11234.948730	-107.752487
11240.332031	-108.057510
11245.715332	-107.880920
11251.098633	-107.807709
11256.481934	-107.711502
11261.865234	-107.313423
11267.248535	-107.638573
11272.631836	-106.900589
11278.015137	-107.991898
11283.398438	-108.264282
11288.781738	-108.441833
11294.165039	-108.400589
11299.548340	-109.252846
11304.931641	-108.737724
11310.314941	-108.488098
11315.698242	-108.689255
11321.081543	-108.063583
11326.464844	-108.453697
11331.848145	-109.012657
11337.231445	-108.719955
11342.614746	-107.873444
11347.998047	-108.366455
11353.381348	-108.379143
11358.764648	-108.217903
11364.147949	-108.947906
11369.531250	-109.099388
11374.914551	-109.132416
11380.297852	-109.415344
11385.681152	-109.596504
11391.064453	-108.817757
11396.447754	-108.672974
11401.831055	-108.343964
11407.214355	-109.173782
11412.597656	-109.300835
11417.980957	-109.462120
11423.364258	-110.007843
11428.747559	-109.739883
11434.130859	-108.990929
11439.514160	-109.008881
11444.897461	-108.373833
11450.280762	-108.128105
11455.664062	-108.083519
11461.047363	-109.034386
11466.430664	-108.529335
11471.813965	-108.097679
11477.197266	-108.874260
11482.580566	-108.428467
11487.963867	-108.324036
11493.347168	-108.098534
11498.730469	-108.453728
11504.113770	-108.704552
11509.497070	-108.031013
11514.880371	-108.301216
11520.263672	-108.418968
11525.646973	-108.939148
11531.030273	-108.892471
11536.413574	-109.080017
11541.796875	-109.150124
11547.180176	-110.012215
11552.563477	-110.125824
11557.946777	-109.659706
11563.330078	-110.260887
11568.713379	-109.968369
11574.096680	-109.747841
11579.479980	-110.109924
11584.863281	-109.584496
11590.246582	-108.833717
11595.629883	-109.294464
11601.013184	-108.679565
11606.396484	-109.302071
11611.779785	-110.233994
11617.163086	-109.650536
11622.546387	-109.160110
11627.929688	-109.966263
11633.312988	-109.911751
11638.696289	-109.779289
11644.079590	-109.578606
11649.462891	-109.272690
11654.846191	-109.268089
11660.229492	-109.311996
11665.612793	-109.371674
11670.996094	-108.446251
11676.379395	-108.129120
11681.762695	-108.338326
11687.145996	-108.616280
11692.529297	-108.068687
11697.912598	-108.721367
11703.295898	-108.864784
11708.679199	-109.194870
11714.062500	-109.999428
11719.445801	-110.068283
11724.829102	-109.231850
11730.212402	-108.243492
11735.595703	-109.024956
11740.979004	-108.785561
11746.362305	-108.811249
11751.745605	-109.424683
11757.128906	-109.827309
11762.512207	-109.746529
11767.895508	-109.632782
11773.278809	-108.886383
11778.662109	-109.148003
11784.045410	-108.352142
11789.428711	-108.090500
11794.812012	-109.093674
11800.195312	-109.131821
11805.578613	-109.554298
11810.961914	-109.250237
11816.345215	-109.900948
11821.728516	-109.191910
11827.111816	-109.177650
11832.495117	-109.128899
11837.878418	-109.559319
11843.261719	-109.110809
11848.645020	-108.037132
11854.028320	-107.780876
11859.411621	-109.299606
11864.794922	-109.609932
11870.178223	-109.224716
11875.561523	-109.327904
11880.944824	-108.789238
11886.328125	-108.921036
11891.711426	-109.069595
11897.094727	-108.868858
11902.478027	-109.003662
11907.861328	-108.425430
11913.244629	-108.028679
11918.627930	-108.548645
11924.011230	-107.997963
11929.394531	-108.037270
11934.777832	-107.956978
11940.161133	-108.171692
11945.544434	-108.983284
11950.927734	-110.012291
11956.311035	-109.695541
11961.694336	-109.427261
11967.077637	-109.224213
11972.460938	-108.532700
11977.844238	-107.773605
11983.227539	-108.028824
11988.610840	-109.060196
11993.994141	-109.595634
11999.377441	-108.602974
12004.760742	-108.021057
12010.144043	-108.978249
12015.527344	-109.269241
12020.910645	-109.082138
12026.293945	-109.352509
12031.677246	-108.914780
12037.060547	-109.000931
12042.443848	-109.541542
12047.827148	-109.278702
12053.210449	-109.375847
12058.593750	-109.287193
12063.977051	-109.476006
12069.360352	-108.888603
12074.743652	-108.652084
12080.126953	-108.718674
12085.510254	-108.311356
12090.893555	-108.849930
12096.276855	-108.343124
12101.660156	-108.906654
12107.043457	-109.485649
12112.426758	-108.779404
12117.810059	-108.540314
12123.193359	-107.482635
12128.576660	-108.415970
12133.959961	-110.046387
12139.343262	-109.469208
12144.726562	-109.094940
12150.109863	-108.817230
12155.493164	-109.087914
12160.876465	-109.238686
12166.259766	-109.151161
12171.643066	-109.284035
12177.026367	-108.808212
12182.409668	-108.146271
12187.792969	-109.000008
12193.176270	-109.806595
12198.559570	-109.802147
12203.942871	-108.799614
12209.326172	-109.121719
12214.709473	-110.176712
12220.092773	-110.487190
12225.476074	-110.136070
12230.859375	-109.678993
12236.242676	-109.522713
12241.625977	-109.575340
12247.009277	-109.696678
12252.392578	-109.283150
12257.775879	-109.254959
12263.159180	-108.872894
12268.542480	-109.520622
12273.925781	-109.726120
12279.309082	-110.193459
12284.692383	-109.722412
12290.075684	-108.682777
12295.458984	-108.659302
12300.842285	-108.497253
12306.225586	-108.273064
12311.608887	-109.559509
12316.992188	-110.234581
12322.375488	-110.106956
12327.758789	-110.139000
12333.142090	-109.799782
12338.525391	-109.696022
12343.908691	-110.157845
12349.291992	-109.961700
12354.675293	-109.519844
12360.058594	-108.485001
12365.441895	-108.173782
12370.825195	-109.833954
12376.208496	-110.587990
12381.591797	-110.021255
12386.975098	-109.095024
12392.358398	-110.103073
12397.741699	-110.087082
12403.125000	-110.270584
12408.508301	-111.107994
12413.891602	-110.493759
12419.274902	-109.888672
12424.658203	-110.158447
12430.041504	-110.499062
12435.424805	-110.292397
12440.808105	-109.599655
12446.191406	-108.827209
12451.574707	-109.841484
12456.958008	-110.618233
12462.341309	-110.422386
12467.724609	-110.334183
12473.107910	-110.476051
12478.491211	-110.291809
12483.874512	-109.796898
12489.257812	-109.581841
12494.641113	-109.737617
12500.024414	-109.878975
12505.407715	-109.855476
12510.791016	-109.885452
12516.174316	-109.918633
12521.557617	-109.744965
12526.940918	-110.317474
12532.324219	-110.076530
12537.707520	-109.786255
12543.090820	-109.562027
12548.474121	-109.124466
12553.857422	-109.240990
12559.240723	-109.829529
12564.624023	-110.133972
12570.007324	-110.018555
12575.390625	-110.306343
12580.773926	-109.976471
12586.157227	-110.502739
12591.540527	-110.388702
12596.923828	-110.201675
12602.307129	-110.588310
12607.690430	-110.099586
12613.073730	-110.045525
12618.457031	-110.954910
12623.840332	-111.128380
12629.223633	-111.159782
12634.606934	-111.384705
12639.990234	-110.961639
12645.373535	-110.331169
12650.756836	-110.973160
12656.140137	-110.311401
12661.523438	-109.762062
12666.906738	-109.083626
12672.290039	-109.085930
12677.673340	-110.277809
12683.056641	-110.710503
12688.439941	-110.225052
12693.823242	-109.421799
12699.206543	-109.697853
12704.589844	-110.577026
12709.973145	-110.724632
12715.356445	-110.040634
12720.739746	-109.873627
12726.123047	-109.544830
12731.506348	-109.642990
12736.889648	-110.372849
12742.272949	-110.679039
12747.656250	-110.421532
12753.039551	-109.651016
12758.422852	-108.977547
12763.806152	-109.596664
12769.189453	-110.502708
12774.572754	-110.172348
12779.956055	-110.075668
12785.339355	-109.668480
12790.722656	-109.950592
12796.105957	-110.525826
12801.489258	-110.487267
12806.872559	-110.161537
12812.255859	-110.499168
12817.639160	-110.889557
12823.022461	-110.870132
12828.405762	-110.261528
12833.789062	-109.953659
12839.172363	-110.236351
12844.555664	-110.322243
12849.938965	-110.291237
12855.322266	-110.893623
12860.705566	-110.057114
12866.088867	-110.321449
12871.472168	-111.063683
12876.855469	-110.610992
12882.238770	-109.864357
12887.622070	-109.295815
12893.005371	-110.042458
12898.388672	-110.570602
12903.771973	-110.662308
12909.155273	-111.227318
12914.538574	-110.778870
12919.921875	-110.125572
12925.305176	-110.177658
12930.688477	-110.307770
12936.071777	-110.293602
12941.455078	-110.193825
12946.838379	-110.484482
12952.221680	-110.565811
12957.604980	-110.536430
12962.988281	-111.166840
12968.371582	-111.174278
12973.754883	-110.755814
12979.138184	-109.239883
12984.521484	-109.626106
12989.904785	-111.013771
12995.288086	-110.774185
13000.671387	-110.140694
13006.054688	-110.970016
13011.437988	-110.536201
13016.821289	-110.754845
13022.204590	-110.544228
13027.587891	-110.726067
13032.971191	-110.180153
13038.354492	-110.249908
13043.737793	-110.169472
13049.121094	-109.995140
13054.504395	-110.095154
13059.887695	-109.859497
13065.270996	-109.508858
13070.654297	-109.207108
13076.037598	-109.191689
13081.420898	-108.973129
13086.804199	-109.866409
13092.187500	-110.699585
13097.570801	-110.157761
13102.954102	-110.162292
13108.337402	-110.543732
13113.720703	-110.730301
13119.104004	-109.980270
13124.487305	-109.299896
13129.870605	-109.145218
13135.253906	-109.671150
13140.637207	-109.024811
13146.020508	-109.013855
13151.403809	-109.200119
13156.787109	-109.009575
13162.170410	-108.711311
13167.553711	-109.512665
13172.937012	-109.359482
13178.320312	-109.815941
13183.703613	-109.440216
13189.086914	-108.424759
13194.470215	-107.648018
13199.853516	-108.532097
13205.236816	-108.254128
13210.620117	-107.558815
13216.003418	-107.489075
13221.386719	-107.881378
13226.770020	-107.947990
13232.153320	-108.872391
13237.536621	-108.516190
13242.919922	-107.634964
13248.303223	-107.666161
13253.686523	-108.266098
13259.069824	-107.206924
13264.453125	-106.630020
13269.836426	-107.077515
13275.219727	-108.604301
13280.603027	-108.707390
13285.986328	-108.079720
13291.369629	-107.970703
13296.752930	-108.439552
13302.136230	-108.619759
13307.519531	-108.986778
13312.902832	-107.945038
13318.286133	-106.964081
13323.669434	-106.102203
13329.052734	-104.622108
13334.436035	-105.038887
13339.819336	-106.430122
13345.202637	-107.113289
13350.585938	-107.047348
13355.969238	-106.810226
13361.352539	-106.922050
13366.735840	-108.459343
13372.119141	-109.082443
13377.502441	-108.539581
13382.885742	-108.853622
13388.269043	-108.362411
13393.652344	-107.966621
13399.035645	-106.697540
13404.418945	-106.610664
13409.802246	-106.891281
13415.185547	-107.064857
13420.568848	-107.102364
13425.952148	-108.302223
13431.335449	-108.429848
13436.718750	-106.992371
13442.102051	-107.014748
13447.485352	-105.867874
13452.868652	-105.130066
13458.251953	-104.729698
13463.635254	-104.546440
13469.018555	-104.772987
13474.401855	-106.209877
13479.785156	-107.854614
13485.168457	-106.965530
13490.551758	-107.045448
13495.935059	-107.453217
13501.318359	-107.641350
13506.701660	-108.070663
13512.084961	-108.458359
13517.468262	-108.982414
13522.851562	-109.258247
13528.234863	-109.763618
13533.618164	-109.564751
13539.001465	-108.357101
13544.384766	-107.937553
13549.768066	-108.938133
13555.151367	-108.302803
13560.534668	-108.686958
13565.917969	-109.617821
13571.301270	-109.717285
13576.684570	-109.989769
13582.067871	-110.281464
13587.451172	-111.329842
13592.834473	-111.414429
13598.217773	-110.965714
13603.601074	-110.959770
13608.984375	-110.752617
13614.367676	-110.719795
13619.750977	-110.915291
13625.134277	-110.326439
13630.517578	-110.257019
13635.900879	-110.859108
13641.284180	-111.191452
13646.667480	-110.796997
13652.050781	-109.667152
13657.434082	-110.035545
13662.817383	-110.636414
13668.200684	-110.057114
13673.583984	-110.493950
13678.967285	-110.382454
13684.350586	-109.862488
13689.733887	-109.900551
13695.117188	-110.432121
13700.500488	-110.504410
13705.883789	-110.559151
13711.267090	-110.843842
13716.650391	-110.763458
13722.033691	-110.903282
13727.416992	-110.650192
13732.800293	-111.183792
13738.183594	-111.124245
13743.566895	-110.659897
13748.950195	-110.498367
13754.333496	-110.213539
13759.716797	-110.394035
13765.100098	-110.773949
13770.483398	-110.554298
13775.866699	-110.933487
13781.250000	-110.739594
13786.633301	-110.340698
13792.016602	-109.619690
13797.399902	-110.209091
13802.783203	-111.151512
13808.166504	-110.612610
13813.549805	-110.460327
13818.933105	-110.722511
13824.316406	-110.635742
13829.699707	-109.770088
13835.083008	-109.864128
13840.466309	-108.743111
13845.849609	-101.856300
13851.232910	-103.105125
13856.616211	-109.626930
13861.999512	-110.091621
13867.382812	-109.457375
13872.766113	-109.200638
13878.149414	-109.974144
13883.532715	-109.939835
13888.916016	-110.044983
13894.299316	-110.837753
13899.682617	-110.825508
13905.065918	-110.809944
13910.449219	-109.876633
13915.832520	-109.730553
13921.215820	-110.525223
13926.599121	-110.568062
13931.982422	-110.341942
13937.365723	-110.170151
13942.749023	-110.707993
13948.132324	-110.057869
13953.515625	-110.068825
13958.898926	-110.367256
13964.282227	-109.884850
13969.665527	-109.806389
13975.048828	-110.725380
13980.432129	-110.901627
13985.815430	-110.536797
13991.198730	-109.691513
13996.582031	-109.375710
14001.965332	-108.444511
14007.348633	-108.920868
14012.731934	-110.178139
14018.115234	-110.101074
14023.498535	-109.656891
14028.881836	-110.006172
14034.265137	-110.586975
14039.648438	-110.794830
14045.031738	-110.359337
14050.415039	-110.316803
14055.798340	-110.473831
14061.181641	-109.918045
14066.564941	-110.390312
14071.948242	-110.517891
14077.331543	-110.157089
14082.714844	-110.323112
14088.098145	-110.443268
14093.481445	-110.352631
14098.864746	-110.508324
14104.248047	-110.514946
14109.631348	-110.398529
14115.014648	-110.615005
14120.397949	-110.797371
14125.781250	-110.283432
14131.164551	-110.059853
14136.547852	-110.498985
14141.931152	-110.160454
14147.314453	-109.043762
14152.697754	-109.592560
14158.081055	-110.408951
14163.464355	-110.046486
14168.847656	-109.238449
14174.230957	-109.657143
14179.614258	-110.341599
14184.997559	-109.996346
14190.380859	-109.368492
14195.764160	-109.545570
14201.147461	-109.756538
14206.530762	-110.171150
14211.914062	-110.110573
14217.297363	-109.567802
14222.680664	-109.649567
14228.063965	-110.260323
14233.447266	-109.509506
14238.830566	-110.060074
14244.213867	-109.771156
14249.597168	-109.192589
14254.980469	-109.320244
14260.363770	-109.894203
14265.747070	-110.000427
14271.130371	-109.781059
14276.513672	-109.199478
14281.896973	-110.144173
14287.280273	-109.052139
14292.663574	-109.958229
14298.046875	-110.103348
14303.430176	-109.912621
14308.813477	-110.026520
14314.196777	-110.056862
14319.580078	-110.031693
14324.963379	-110.370316
14330.346680	-109.796623
14335.729980	-109.345146
14341.113281	-109.791832
14346.496582	-109.470032
14351.879883	-109.786224
14357.263184	-109.931122
14362.646484	-109.504593
14368.029785	-109.370468
14373.413086	-109.999756
14378.796387	-110.101562
14384.179688	-109.692184
14389.562988	-109.619896
14394.946289	-109.414703
14400.329590	-108.952248
14405.712891	-108.777855
14411.096191	-108.759415
14416.479492	-109.308990
14421.862793	-109.598015
14427.246094	-109.493523
14432.629395	-108.967651
14438.012695	-108.777962
14443.395996	-109.295395
14448.779297	-109.427246
14454.162598	-109.324776
14459.545898	-109.403061
14464.929199	-109.313965
14470.312500	-109.244400
14475.695801	-109.361504
14481.079102	-109.581535
14486.462402	-109.737854
14491.845703	-109.671188
14497.229004	-109.278984
14502.612305	-109.315491
14507.995605	-109.019264
14513.378906	-108.793083
14518.762207	-108.510155
14524.145508	-108.764297
14529.528809	-108.744339
14534.912109	-108.514320
14540.295410	-109.369156
14545.678711	-109.875809
14551.062012	-109.388039
14556.445312	-108.992882
14561.828613	-109.239685
14567.211914	-109.370308
14572.595215	-109.730766
14577.978516	-109.067810
14583.361816	-108.988464
14588.745117	-108.708336
14594.128418	-109.493881
14599.511719	-108.373535
14604.895020	-107.866104
14610.278320	-108.673820
14615.661621	-108.810799
14621.044922	-108.690308
14626.428223	-109.120041
14631.811523	-108.889114
14637.194824	-108.988998
14642.578125	-108.474312
14647.961426	-108.722794
14653.344727	-108.837540
14658.728027	-109.415192
14664.111328	-109.594284
14669.494629	-109.112831
14674.877930	-109.386169
14680.261230	-109.006828
14685.644531	-109.301201
14691.027832	-109.029007
14696.411133	-108.415291
14701.794434	-108.960556
14707.177734	-109.011353
14712.561035	-108.426376
14717.944336	-108.705208
14723.327637	-109.294464
14728.710938	-108.647224
14734.094238	-108.527878
14739.477539	-108.776031
14744.860840	-108.972397
14750.244141	-108.575607
14755.627441	-108.370346
14761.010742	-108.765572
14766.394043	-108.903969
14771.777344	-108.648834
14777.160645	-108.451302
14782.543945	-108.438744
14787.927246	-108.758339
14793.310547	-108.444901
14798.693848	-108.224396
14804.077148	-108.443909
14809.460449	-108.982460
14814.843750	-108.523529
14820.227051	-108.880554
14825.610352	-108.790520
14830.993652	-108.325211
14836.376953	-108.258049
14841.760254	-108.248772
14847.143555	-108.474213
14852.526855	-108.689568
14857.910156	-108.763580
14863.293457	-108.590530
14868.676758	-108.633255
14874.060059	-108.028618
14879.443359	-108.052902
14884.826660	-108.269913
14890.209961	-108.501114
14895.593262	-108.838074
14900.976562	-108.655731
14906.359863	-108.538353
14911.743164	-108.105652
14917.126465	-108.488968
14922.509766	-108.691208
14927.893066	-108.298607
14933.276367	-108.832520
14938.659668	-108.611481
14944.042969	-107.873749
14949.426270	-108.204636
14954.809570	-107.981987
14960.192871	-108.082207
14965.576172	-108.364670
14970.959473	-108.167740
14976.342773	-108.539757
14981.726074	-108.674461
14987.109375	-108.122429
14992.492676	-107.783806
14997.875977	-108.309509
15003.259277	-108.623039
15008.642578	-108.252182
15014.025879	-108.227142
15019.409180	-107.962013
15024.792480	-107.708229
15030.175781	-108.148705
15035.559082	-108.354218
15040.942383	-107.961823
15046.325684	-108.055916
15051.708984	-108.540039
15057.092285	-108.864380
15062.475586	-108.570137
15067.858887	-108.297935
15073.242188	-107.860291
15078.625488	-107.911346
15084.008789	-108.212494
15089.392090	-108.095528
15094.775391	-108.364677
15100.158691	-108.167709
15105.541992	-108.483582
15110.925293	-107.939545
15116.308594	-107.679810
15121.691895	-107.787109
15127.075195	-107.865021
15132.458496	-107.939072
15137.841797	-108.026672
15143.225098	-108.240364
15148.608398	-108.812767
15153.991699	-108.054817
15159.375000	-108.354256
15164.758301	-108.425339
15170.141602	-108.057449
15175.524902	-107.513794
15180.908203	-107.816292
15186.291504	-108.183578
15191.674805	-108.431122
15197.058105	-108.535408
15202.441406	-109.070770
15207.824707	-108.642914
15213.208008	-108.484795
15218.591309	-107.666756
15223.974609	-107.214180
15229.357910	-107.872894
15234.741211	-108.414261
15240.124512	-108.403915
15245.507812	-108.051926
15250.891113	-107.853874
15256.274414	-107.760704
15261.657715	-108.157448
15267.041016	-108.193108
15272.424316	-107.767876
15277.807617	-107.750038
15283.190918	-108.007416
15288.574219	-108.847115
15293.957520	-108.169708
15299.340820	-107.289185
15304.724121	-107.639893
15310.107422	-108.518356
15315.490723	-108.169983
15320.874023	-108.164078
15326.257324	-108.017189
15331.640625	-108.536217
15337.023926	-108.005409
15342.407227	-108.118965
15347.790527	-108.368370
15353.173828	-108.510460
15358.557129	-108.507767
15363.940430	-108.208542
15369.323730	-108.336685
15374.707031	-108.100853
15380.090332	-107.241783
15385.473633	-107.161697
15390.856934	-107.732513
15396.240234	-107.964928
15401.623535	-107.512283
15407.006836	-108.181213
15412.390137	-108.309410
15417.773438	-108.252831
15423.156738	-108.077362
15428.540039	-108.231384
15433.923340	-108.288765
15439.306641	-108.425224
15444.689941	-107.788223
15450.073242	-107.728371
15455.456543	-108.040161
15460.839844	-107.599777
15466.223145	-107.291092
15471.606445	-108.240593
15476.989746	-108.420074
15482.373047	-108.303955
15487.756348	-107.313568
15493.139648	-106.115692
15498.522949	-107.523193
15503.906250	-108.086205
15509.289551	-107.927315
15514.672852	-107.947296
15520.056152	-108.206093
15525.439453	-107.894157
15530.822754	-107.691467
15536.206055	-107.982689
15541.589355	-107.736214
15546.972656	-107.929718
15552.355957	-108.166138
15557.739258	-107.685539
15563.122559	-108.255775
15568.505859	-108.536118
15573.889160	-108.083626
15579.272461	-107.727814
15584.655762	-107.271935
15590.039062	-107.876343
15595.422363	-106.953209
15600.805664	-107.479645
15606.188965	-108.222229
15611.572266	-107.878731
15616.955566	-108.025841
15622.338867	-108.081863
15627.722168	-107.805878
15633.105469	-107.590309
15638.488770	-107.313194
15643.872070	-107.303963
15649.255371	-107.369446
15654.638672	-107.016197
15660.021973	-107.206108
15665.405273	-107.689133
15670.788574	-108.163040
15676.171875	-108.190125
15681.555176	-107.832329
15686.938477	-107.665665
15692.321777	-107.634109
15697.705078	-108.051903
15703.088379	-106.959305
15708.471680	-105.106140
15713.854980	-107.048874
15719.238281	-107.563370
15724.621582	-107.840187
15730.004883	-108.044456
15735.388184	-107.566261
15740.771484	-106.791077
15746.154785	-108.128036
15751.538086	-108.086479
15756.921387	-107.580917
15762.304688	-107.987015
15767.687988	-108.432838
15773.071289	-107.841843
15778.454590	-108.329559
15783.837891	-107.917305
15789.221191	-107.897766
15794.604492	-108.175484
15799.987793	-108.141190
15805.371094	-108.747070
15810.754395	-108.195168
15816.137695	-107.966560
15821.520996	-108.227074
15826.904297	-108.880638
15832.287598	-108.296822
15837.670898	-108.427773
15843.054199	-108.623474
15848.437500	-108.386826
15853.820801	-108.027031
15859.204102	-107.750107
15864.587402	-108.698318
15869.970703	-108.104950
15875.354004	-108.208389
15880.737305	-108.496513
15886.120605	-108.673126
15891.503906	-107.708130
15896.887207	-108.487663
15902.270508	-107.937057
15907.653809	-108.767166
15913.037109	-109.149429
15918.420410	-108.400375
15923.803711	-108.739136
15929.187012	-108.111481
15934.570312	-107.954628
15939.953613	-108.220970
15945.336914	-108.700577
15950.720215	-108.277489
15956.103516	-107.998589
15961.486816	-108.609573
15966.870117	-108.874489
15972.253418	-109.361786
15977.636719	-110.218880
15983.020020	-112.095673
15988.403320	-114.044052
15993.786621	-116.538986
15999.169922	-120.960884
16004.553223	-126.201042
16009.936523	-128.580048
16015.319824	-127.418503
16020.703125	-127.535278
16026.086426	-128.755508
16031.469727	-128.838654
16036.853027	-129.138596
16042.236328	-128.646515
16047.619629	-129.074081
16053.002930	-129.529633
16058.386230	-129.272461
16063.769531	-129.273697
16069.152832	-129.287262
16074.536133	-129.687561
16079.919434	-129.014297
16085.302734	-129.304855
16090.686035	-129.351944
16096.069336	-129.385406
16101.452637	-129.573380
16106.835938	-129.269531
16112.219238	-129.381927
16117.602539	-129.604279
16122.985840	-129.109772
16128.369141	-129.439697
16133.752441	-129.597565
16139.135742	-129.241547
16144.519043	-129.675858
16149.902344	-129.444458
16155.285645	-129.484253
16160.668945	-129.060654
16166.052246	-129.606461
16171.435547	-129.428177
16176.818848	-129.697159
16182.202148	-129.458908
16187.585449	-129.273270
16192.968750	-129.249283
16198.352051	-129.335007
16203.735352	-129.237366
16209.118652	-129.768204
16214.501953	-129.347763
16219.885254	-129.598862
16225.268555	-129.512787
16230.651855	-129.516495
16236.035156	-129.880066
16241.418457	-129.428574
16246.801758	-129.268524
16252.185059	-129.520111
16257.568359	-129.156937
16262.951660	-129.373672
16268.334961	-129.227905
16273.718262	-129.370972
16279.101562	-129.256668
16284.484863	-129.754105
16289.868164	-129.014389
16295.251465	-129.695007
16300.634766	-129.425446
16306.018066	-129.783310
16311.401367	-129.507904
16316.784668	-129.751602
16322.167969	-129.238937
16327.551270	-129.315857
16332.934570	-129.276459
16338.317871	-129.731934
16343.701172	-129.399643
16349.084473	-129.562698
16354.467773	-129.580063
16359.851074	-129.430679
16365.234375	-129.374557
16370.617676	-129.712189
16376.000977	-129.524857
16381.384277	-129.615585
16386.767578	-129.968384
16392.150879	-129.189850
16397.534180	-129.441772
16402.917480	-129.243515
16408.300781	-129.782104
16413.684082	-129.633942
16419.067383	-129.127548
16424.450684	-129.669250
16429.833984	-129.252533
16435.217285	-129.078018
16440.600586	-129.993607
16445.983887	-129.252731
16451.367188	-129.798141
16456.750488	-129.712860
16462.133789	-129.237000
16467.517090	-129.729889
16472.900391	-129.551117
16478.283691	-129.067856
16483.666992	-129.926193
16489.050293	-129.333527
16494.433594	-129.785278
16499.816895	-129.346893
16505.200195	-129.550140
16510.583496	-129.553970
16515.966797	-128.939301
16521.350098	-129.767776
16526.733398	-129.213470
16532.116699	-130.049942
16537.500000	-129.035339
16542.883301	-129.749329
16548.266602	-129.110519
16553.649902	-129.582657
16559.033203	-129.553665
16564.416504	-129.518799
16569.799805	-129.622452
16575.183105	-129.463181
16580.566406	-129.530045
16585.949707	-129.600311
16591.333008	-129.602249
16596.716309	-129.297012
16602.099609	-129.876541
16607.482910	-129.316223
16612.866211	-129.625443
16618.249512	-129.328293
16623.632812	-129.676163
16629.016113	-129.515945
16634.399414	-129.475204
16639.782715	-129.329636
16645.166016	-129.491623
16650.549316	-129.580521
16655.932617	-129.268982
16661.315918	-129.677658
16666.699219	-129.488022
16672.082520	-129.743530
16677.465820	-129.617950
16682.849121	-129.213608
16688.232422	-129.226913
16693.615723	-129.740707
16698.999023	-129.315567
16704.382324	-129.530060
16709.765625	-129.719727
16715.148926	-129.162201
16720.532227	-129.555481
16725.915527	-129.382996
16731.298828	-129.704819
16736.682129	-129.958176
16742.065430	-129.616043
16747.448730	-129.406525
16752.832031	-129.660660
16758.215332	-129.093689
16763.598633	-129.761780
16768.981934	-129.382263
16774.365234	-129.541336
16779.748535	-129.657928
16785.131836	-129.999405
16790.515137	-129.427780
16795.898438	-129.576141
16801.281738	-129.611237
16806.665039	-129.809875
16812.048340	-129.918213
16817.431641	-129.276321
16822.814941	-129.779022
16828.198242	-129.532974
16833.581543	-129.658508
16838.964844	-129.895920
16844.348145	-129.278488
16849.731445	-129.586105
16855.114746	-129.894852
16860.498047	-129.672958
16865.881348	-129.382843
16871.264648	-129.771896
16876.647949	-129.894165
16882.031250	-129.275146
16887.414551	-129.793304
16892.797852	-129.410126
16898.181152	-129.600555
16903.564453	-129.546341
16908.947754	-129.744385
16914.331055	-129.846619
16919.714355	-129.346863
16925.097656	-129.503082
16930.480957	-129.730408
16935.864258	-129.530472
16941.247559	-129.506271
16946.630859	-129.337692
16952.014160	-129.989517
16957.397461	-129.170609
16962.780762	-129.581009
16968.164062	-129.588516
16973.547363	-129.480698
16978.930664	-129.758698
16984.313965	-129.518036
16989.697266	-129.490189
16995.080566	-129.444885
17000.463867	-129.758133
17005.847168	-129.427139
17011.230469	-129.954483
17016.613770	-129.208282
17021.997070	-130.266678
17027.380371	-129.277802
17032.763672	-130.259750
17038.146973	-129.409088
17043.530273	-129.788544
17048.913574	-129.393951
17054.296875	-129.523605
17059.680176	-129.383545
17065.063477	-129.558823
17070.446777	-129.472198
17075.830078	-129.438889
17081.213379	-129.772568
17086.596680	-129.123215
17091.979980	-129.678146
17097.363281	-129.382034
17102.746582	-129.452728
17108.129883	-129.708038
17113.513184	-129.424164
17118.896484	-129.561050
17124.279785	-129.468369
17129.663086	-129.744019
17135.046387	-129.586548
17140.429688	-129.385864
17145.812988	-129.647812
17151.196289	-129.746216
17156.579590	-129.516251
17161.962891	-129.834335
17167.346191	-129.377701
17172.729492	-129.595505
17178.112793	-129.616821
17183.496094	-129.921432
17188.879395	-129.853195
17194.262695	-129.671494
17199.645996	-129.459854
17205.029297	-129.712494
17210.412598	-129.454544
17215.795898	-129.675476
17221.179199	-129.543365
17226.562500	-129.591217
17231.945801	-129.826584
17237.329102	-129.721710
17242.712402	-129.521271
17248.095703	-130.089188
17253.479004	-129.391190
17258.862305	-129.993622
17264.245605	-129.660522
17269.628906	-129.537689
17275.012207	-129.650131
17280.395508	-129.522583
17285.778809	-129.803955
17291.162109	-129.376434
17296.545410	-129.735077
17301.928711	-129.910858
17307.312012	-129.608337
17312.695312	-129.806961
17318.078613	-129.395782
17323.461914	-129.648590
17328.845215	-129.727676
17334.228516	-129.313309
17339.611816	-129.636810
17344.995117	-129.498703
17350.378418	-129.447525
17355.761719	-129.432449
17361.145020	-129.785355
17366.528320	-129.635529
17371.911621	-129.743301
17377.294922	-129.640747
17382.678223	-130.177612
17388.061523	-129.498901
17393.444824	-129.527496
17398.828125	-129.626190
17404.211426	-130.021805
17409.594727	-129.524582
17414.978027	-129.770157
17420.361328	-129.909332
17425.744629	-129.792404
17431.127930	-129.463928
17436.511230	-129.741043
17441.894531	-129.479218
17447.277832	-129.236145
17452.661133	-129.865891
17458.044434	-129.519714
17463.427734	-129.598785
17468.811035	-129.462402
17474.194336	-129.859024
17479.577637	-129.360840
17484.960938	-130.045517
17490.344238	-129.407211
17495.727539	-129.743286
17501.110840	-129.644485
17506.494141	-129.421982
17511.877441	-129.429428
17517.260742	-129.947678
17522.644043	-129.394516
17528.027344	-129.989838
17533.410645	-129.408386
17538.793945	-129.662750
17544.177246	-129.611389
17549.560547	-129.632217
17554.943848	-129.526154
17560.327148	-129.660004
17565.710449	-129.507431
17571.093750	-129.853165
17576.477051	-129.755692
17581.860352	-129.759644
17587.243652	-129.777908
17592.626953	-129.774994
17598.010254	-130.050751
17603.393555	-129.584015
17608.776855	-129.577255
17614.160156	-130.242050
17619.543457	-129.670013
17624.926758	-129.974365
17630.310059	-129.909851
17635.693359	-129.601547
17641.076660	-130.176590
17646.459961	-129.862320
17651.843262	-129.742783
17657.226562	-129.573639
17662.609863	-129.798431
17667.993164	-129.512085
17673.376465	-129.434601
17678.759766	-129.526108
17684.143066	-129.438919
17689.526367	-129.758041
17694.909668	-129.573761
17700.292969	-129.550644
17705.676270	-129.767303
17711.059570	-129.986618
17716.442871	-129.385483
17721.826172	-129.331314
17727.209473	-129.699051
17732.592773	-129.923157
17737.976074	-129.673767
17743.359375	-129.800079
17748.742676	-129.812454
17754.125977	-129.381836
17759.509277	-129.978485
17764.892578	-129.720795
17770.275879	-129.707932
17775.659180	-129.747574
17781.042480	-129.583984
17786.425781	-129.873016
17791.809082	-129.732040
17797.192383	-129.977722
17802.575684	-129.823318
17807.958984	-129.978271
17813.342285	-129.654495
17818.725586	-129.493927
17824.108887	-129.997101
17829.492188	-129.822388
17834.875488	-129.377686
17840.258789	-129.808350
17845.642090	-129.568634
17851.025391	-130.217285
17856.408691	-129.429871
17861.791992	-129.984482
17867.175293	-129.659637
17872.558594	-129.774780
17877.941895	-129.583313
17883.325195	-129.813049
17888.708496	-129.569839
17894.091797	-129.299393
17899.475098	-129.656387
17904.858398	-129.754013
17910.241699	-129.292694
17915.625000	-129.838623
17921.008301	-129.957077
17926.391602	-129.593124
17931.774902	-130.053375
17937.158203	-129.712753
17942.541504	-129.546494
17947.924805	-129.719910
17953.308105	-129.532593
17958.691406	-129.363220
17964.074707	-130.012253
17969.458008	-129.658997
17974.841309	-130.175934
17980.224609	-129.450027
17985.607910	-129.862167
17990.991211	-129.567947
17996.374512	-129.771057
18001.757812	-129.849884
18007.141113	-129.490433
18012.524414	-129.980042
18017.907715	-129.724350
18023.291016	-129.359894
18028.674316	-129.893433
18034.057617	-129.863129
18039.440918	-129.536423
18044.824219	-129.665146
18050.207520	-129.599380
18055.590820	-129.703918
18060.974121	-130.022949
18066.357422	-129.305801
18071.740723	-129.831711
18077.124023	-129.859650
18082.507324	-129.456818
18087.890625	-129.623779
18093.273926	-130.286224
18098.657227	-129.592880
18104.040527	-129.936310
18109.423828	-129.726166
18114.807129	-129.591614
18120.190430	-129.896851
18125.573730	-129.774231
18130.957031	-129.438782
18136.340332	-129.475418
18141.723633	-130.027405
18147.106934	-129.618927
18152.490234	-129.599884
18157.873535	-129.576691
18163.256836	-130.036743
18168.640137	-129.361237
18174.023438	-129.720490
18179.406738	-129.860413
18184.790039	-129.635544
18190.173340	-129.667694
18195.556641	-129.805695
18200.939941	-129.994110
18206.323242	-129.762512
18211.706543	-129.774292
18217.089844	-129.644562
18222.473145	-129.760422
18227.856445	-129.776917
18233.239746	-129.864304
18238.623047	-129.794754
18244.006348	-129.616638
18249.389648	-129.776566
18254.772949	-129.808487
18260.156250	-129.631363
18265.539551	-129.740204
18270.922852	-129.856613
18276.306152	-129.289322
18281.689453	-129.644791
18287.072754	-129.943039
18292.456055	-129.364288
18297.839355	-129.933945
18303.222656	-129.569992
18308.605957	-129.559082
18313.989258	-130.127594
18319.372559	-129.415024
18324.755859	-129.997375
18330.139160	-129.652878
18335.522461	-129.764816
18340.905762	-129.728058
18346.289062	-129.996429
18351.672363	-129.469772
18357.055664	-130.033691
18362.438965	-129.638489
18367.822266	-129.903549
18373.205566	-129.941330
18378.588867	-129.497025
18383.972168	-129.969971
18389.355469	-129.135666
18394.738770	-129.740509
18400.122070	-129.901688
18405.505371	-129.734360
18410.888672	-129.534409
18416.271973	-129.654297
18421.655273	-129.514297
18427.038574	-129.968231
18432.421875	-129.600388
18437.805176	-129.376801
18443.188477	-129.595657
18448.571777	-129.863739
18453.955078	-129.616653
18459.338379	-129.713745
18464.721680	-130.072998
18470.104980	-129.973221
18475.488281	-129.919769
18480.871582	-130.098785
18486.254883	-129.822891
18491.638184	-129.808945
18497.021484	-129.731796
18502.404785	-130.135590
18507.788086	-129.811981
18513.171387	-129.685608
18518.554688	-129.679153
18523.937988	-129.771042
18529.321289	-129.635330
18534.704590	-129.652008
18540.087891	-129.472244
18545.471191	-129.732254
18550.854492	-130.066177
18556.237793	-130.024338
18561.621094	-129.568283
18567.004395	-129.954636
18572.387695	-129.592102
18577.770996	-129.953186
18583.154297	-129.810333
18588.537598	-129.715286
18593.920898	-129.862717
18599.304199	-129.382172
18604.687500	-129.733154
18610.070801	-129.887390
18615.454102	-129.930435
18620.837402	-129.402588
18626.220703	-130.138779
18631.604004	-129.630890
18636.987305	-129.959457
18642.370605	-129.537781
18647.753906	-129.687943
18653.137207	-129.879639
18658.520508	-130.082840
18663.903809	-129.872803
18669.287109	-130.232391
18674.670410	-129.426712
18680.053711	-129.772278
18685.437012	-129.953354
18690.820312	-129.807571
18696.203613	-129.655228
18701.586914	-129.944443
18706.970215	-129.597260
18712.353516	-129.777817
18717.736816	-129.566177
18723.120117	-129.474289
18728.503418	-130.002502
18733.886719	-129.483261
18739.270020	-129.789688
18744.653320	-129.803650
18750.036621	-129.754166
18755.419922	-130.042725
18760.803223	-129.576172
18766.186523	-129.828476
18771.569824	-129.583633
18776.953125	-130.012787
18782.336426	-129.798172
18787.719727	-129.867157
18793.103027	-129.852814
18798.486328	-129.790237
18803.869629	-129.547363
18809.252930	-129.676865
18814.636230	-129.581696
18820.019531	-129.500824
18825.402832	-129.532593
18830.786133	-129.896118
18836.169434	-129.663864
18841.552734	-129.925964
18846.936035	-129.447723
18852.319336	-129.720642
18857.702637	-129.790619
18863.085938	-129.820770
18868.469238	-129.394867
18873.852539	-130.269150
18879.235840	-129.726517
18884.619141	-130.094513
18890.002441	-129.511307
18895.385742	-129.819885
18900.769043	-130.022278
18906.152344	-129.510620
18911.535645	-129.633026
18916.918945	-129.853043
18922.302246	-129.714355
18927.685547	-129.757812
18933.068848	-129.506454
18938.452148	-129.738190
18943.835449	-130.313644
18949.218750	-129.268890
18954.602051	-129.820450
18959.985352	-129.920319
18965.368652	-129.577988
18970.751953	-130.100601
18976.135254	-129.734375
18981.518555	-129.852341
18986.901855	-129.478790
18992.285156	-129.814270
18997.668457	-130.047028
19003.051758	-129.698761
19008.435059	-129.154846
19013.818359	-130.081253
19019.201660	-129.674896
19024.584961	-129.548676
19029.968262	-129.876892
19035.351562	-129.944855
19040.734863	-129.514648
19046.118164	-130.157257
19051.501465	-129.559494
19056.884766	-129.448303
19062.268066	-129.825302
19067.651367	-129.719772
19073.034668	-129.938644
19078.417969	-129.728592
19083.801270	-129.923050
19089.184570	-130.105804
19094.567871	-129.390854
19099.951172	-130.077408
19105.334473	-129.804260
19110.717773	-130.143463
19116.101074	-130.311050
19121.484375	-129.751923
19126.867676	-130.010040
19132.250977	-129.793930
19137.634277	-129.844086
19143.017578	-129.705566
19148.400879	-129.945038
19153.784180	-129.800446
19159.167480	-129.844238
19164.550781	-129.928696
19169.934082	-129.907654
19175.317383	-129.892181
19180.700684	-130.178192
19186.083984	-130.305252
19191.467285	-129.752762
19196.850586	-130.023178
19202.233887	-129.918213
19207.617188	-129.837067
19213.000488	-129.466858
19218.383789	-130.220306
19223.767090	-129.564377
19229.150391	-129.757660
19234.533691	-129.873886
19239.916992	-129.832550
19245.300293	-129.980896
19250.683594	-129.869888
19256.066895	-129.997925
19261.450195	-130.200272
19266.833496	-129.737534
19272.216797	-129.641861
19277.600098	-129.855560
19282.983398	-130.092972
19288.366699	-129.938309
19293.750000	-129.972733
19299.133301	-129.803894
19304.516602	-130.006622
19309.899902	-130.038345
19315.283203	-130.049271
19320.666504	-129.757858
19326.049805	-129.814545
19331.433105	-129.567627
19336.816406	-129.733688
19342.199707	-129.708664
19347.583008	-130.076630
19352.966309	-129.552490
19358.349609	-130.405472
19363.732910	-129.716034
19369.116211	-129.762054
19374.499512	-129.744125
19379.882812	-129.463867
19385.266113	-130.115891
19390.649414	-130.027222
19396.032715	-129.623489
19401.416016	-130.015717
19406.799316	-129.967773
19412.182617	-129.854279
19417.565918	-129.782013
19422.949219	-129.702942
19428.332520	-129.695572
19433.715820	-130.070877
19439.099121	-129.913757
19444.482422	-129.944031
19449.865723	-129.933578
19455.249023	-130.025208
19460.632324	-129.837906
19466.015625	-130.142792
19471.398926	-129.661987
19476.782227	-129.924255
19482.165527	-129.408875
19487.548828	-129.936661
19492.932129	-130.220337
19498.315430	-129.991394
19503.698730	-129.656693
19509.082031	-129.844650
19514.465332	-129.677826
19519.848633	-129.781113
19525.231934	-129.880798
19530.615234	-129.604004
19535.998535	-130.221451
19541.381836	-129.635727
19546.765137	-130.048828
19552.148438	-129.417831
19557.531738	-129.787216
19562.915039	-129.612564
19568.298340	-130.032349
19573.681641	-129.637695
19579.064941	-130.140945
19584.448242	-129.343536
19589.831543	-130.564468
19595.214844	-129.376999
19600.598145	-129.795578
19605.981445	-130.153625
19611.364746	-130.022339
19616.748047	-129.775208
19622.131348	-129.608444
19627.514648	-130.222412
19632.897949	-129.798431
19638.281250	-129.838684
19643.664551	-129.699661
19649.047852	-129.614685
19654.431152	-130.057297
19659.814453	-129.766602
19665.197754	-130.120804
19670.581055	-129.586182
19675.964355	-129.896255
19681.347656	-129.716476
19686.730957	-129.377579
19692.114258	-130.115616
19697.497559	-129.485840
19702.880859	-129.921677
19708.264160	-129.987946
19713.647461	-129.526917
19719.030762	-129.929153
19724.414062	-129.588089
19729.797363	-129.772949
19735.180664	-130.239960
19740.563965	-129.385849
19745.947266	-130.146530
19751.330566	-129.572754
19756.713867	-130.193375
19762.097168	-130.029999
19767.480469	-129.457230
19772.863770	-129.795105
19778.247070	-129.713089
19783.630371	-129.721954
19789.013672	-129.897430
19794.396973	-130.019623
19799.780273	-129.587952
19805.163574	-129.967270
19810.546875	-129.865463
19815.930176	-130.099365
19821.313477	-129.870926
19826.696777	-130.082581
19832.080078	-129.509827
19837.463379	-129.681885
19842.846680	-129.556839
19848.229980	-129.924774
19853.613281	-129.766190
19858.996582	-130.100952
19864.379883	-130.019257
19869.763184	-129.814529
19875.146484	-130.088455
19880.529785	-129.604858
19885.913086	-130.316818
19891.296387	-129.747391
19896.679688	-129.738541
19902.062988	-130.307098
19907.446289	-129.722412
19912.829590	-129.841370
19918.212891	-129.836090
19923.596191	-129.954254
19928.979492	-130.303604
19934.362793	-129.675720
19939.746094	-129.850189
19945.129395	-130.354584
19950.512695	-129.677933
19955.895996	-130.003128
19961.279297	-129.514801
19966.662598	-129.641602
19972.045898	-130.203552
19977.429199	-129.514755
19982.812500	-130.097229
19988.195801	-129.745331
19993.579102	-129.646194
19998.962402	-129.896667
20004.345703	-129.620697
20009.729004	-129.651505
20015.112305	-130.404160
20020.495605	-130.104370
20025.878906	-129.793976
20031.262207	-129.478043
20036.645508	-129.953888
20042.028809	-130.248398
20047.412109	-129.692001
20052.795410	-130.318390
20058.178711	-129.784836
20063.562012	-129.824570
20068.945312	-130.420532
20074.328613	-129.555466
20079.711914	-130.008942
20085.095215	-129.722763
20090.478516	-129.425980
20095.861816	-130.240143
20101.245117	-130.101044
20106.628418	-129.766144
20112.011719	-129.874496
20117.395020	-129.533478
20122.778320	-129.683350
20128.161621	-129.518158
20133.544922	-129.956223
20138.928223	-130.323959
20144.311523	-129.341599
20149.694824	-130.173676
20155.078125	-129.681717
20160.461426	-129.851669
20165.844727	-129.977463
20171.228027	-129.777527
20176.611328	-129.949234
20181.994629	-130.016693
20187.377930	-129.927567
20192.761230	-129.757034
20198.144531	-129.890274
20203.527832	-129.701584
20208.911133	-130.626068
20214.294434	-129.591309
20219.677734	-130.087387
20225.061035	-129.637772
20230.444336	-129.859451
20235.827637	-129.927643
20241.210938	-129.735062
20246.594238	-130.139908
20251.977539	-129.571777
20257.360840	-129.841171
20262.744141	-129.666992
20268.127441	-129.889511
20273.510742	-130.005295
20278.894043	-129.796692
20284.277344	-129.445679
20289.660645	-129.732452
20295.043945	-129.654968
20300.427246	-129.679794
20305.810547	-129.334793
20311.193848	-129.801773
20316.577148	-129.979858
20321.960449	-129.878510
20327.343750	-129.996506
20332.727051	-129.687866
20338.110352	-130.044464
20343.493652	-129.674225
20348.876953	-130.147690
20354.260254	-129.360474
20359.643555	-129.844162
20365.026855	-130.207901
20370.410156	-129.905106
20375.793457	-129.924393
20381.176758	-129.878891
20386.560059	-129.924210
20391.943359	-129.591599
20397.326660	-130.041458
20402.709961	-130.164062
20408.093262	-129.798279
20413.476562	-129.591705
20418.859863	-130.274017
20424.243164	-130.016983
20429.626465	-129.986511
20435.009766	-130.025009
20440.393066	-130.453293
20445.776367	-129.678223
20451.159668	-129.944977
20456.542969	-129.875015
20461.926270	-129.868607
20467.309570	-129.779541
20472.692871	-130.087189
20478.076172	-130.338318
20483.459473	-130.021362
20488.842773	-129.922012
20494.226074	-129.985382
20499.609375	-129.791214
20504.992676	-130.199188
20510.375977	-129.984085
20515.759277	-129.441696
20521.142578	-129.919861
20526.525879	-130.154205
20531.909180	-129.912964
20537.292480	-130.128860
20542.675781	-129.721725
20548.059082	-130.036041
20553.442383	-129.964706
20558.825684	-129.738358
20564.208984	-129.685623
20569.592285	-130.003784
20574.975586	-130.074921
20580.358887	-129.538956
20585.742188	-129.874634
20591.125488	-130.155563
20596.508789	-130.204605
20601.892090	-129.776062
20607.275391	-129.711121
20612.658691	-129.917618
20618.041992	-130.004578
20623.425293	-129.979919
20628.808594	-130.004395
20634.191895	-130.218643
20639.575195	-130.253860
20644.958496	-130.018967
20650.341797	-130.425873
20655.725098	-129.615585
20661.108398	-130.467010
20666.491699	-130.086243
20671.875000	-129.942947
20677.258301	-129.950409
20682.641602	-129.979263
20688.024902	-130.221863
20693.408203	-129.765854
20698.791504	-129.700897
20704.174805	-130.663651
20709.558105	-129.730789
20714.941406	-130.059052
20720.324707	-130.376358
20725.708008	-129.973724
20731.091309	-130.435898
20736.474609	-130.116089
20741.857910	-130.030762
20747.241211	-130.400803
20752.624512	-130.060333
20758.007812	-129.941330
20763.391113	-130.595871
20768.774414	-130.151825
20774.157715	-130.427872
20779.541016	-130.221893
20784.924316	-130.129425
20790.307617	-130.600510
20795.690918	-130.004990
20801.074219	-130.224426
20806.457520	-130.125259
20811.840820	-130.258484
20817.224121	-130.404572
20822.607422	-130.285507
20827.990723	-130.466919
20833.374023	-130.342224
20838.757324	-130.769211
20844.140625	-130.653519
20849.523926	-129.910706
20854.907227	-130.959839
20860.290527	-130.210022
20865.673828	-130.538666
20871.057129	-130.329178
20876.440430	-130.634857
20881.823730	-130.712082
20887.207031	-130.656952
20892.590332	-130.998856
20897.973633	-130.499237
20903.356934	-131.053986
20908.740234	-130.872620
20914.123535	-130.999298
20919.506836	-130.581223
20924.890137	-130.859207
20930.273438	-131.187088
20935.656738	-130.743790
20941.040039	-131.007736
20946.423340	-131.021408
20951.806641	-131.043701
20957.189941	-130.992569
20962.573242	-131.421616
20967.956543	-130.988983
20973.339844	-131.450348
20978.723145	-131.078232
20984.106445	-131.078308
20989.489746	-131.296509
20994.873047	-131.428726
21000.256348	-131.333633
21005.639648	-131.285583
21011.022949	-131.484161
21016.406250	-131.588715
21021.789551	-131.423172
21027.172852	-131.380890
21032.556152	-131.700928
21037.939453	-131.556763
21043.322754	-131.610535
21048.706055	-131.679886
21054.089355	-131.852173
21059.472656	-131.692459
21064.855957	-131.639175
21070.239258	-131.718536
21075.622559	-131.726791
21081.005859	-132.064453
21086.389160	-131.813049
21091.772461	-131.910889
21097.155762	-132.163696
21102.539062	-131.661499
21107.922363	-132.078690
21113.305664	-131.820511
21118.688965	-132.189316
21124.072266	-132.121460
21129.455566	-131.976059
21134.838867	-132.145447
21140.222168	-132.198456
21145.605469	-131.910828
21150.988770	-132.154007
21156.372070	-132.240982
21161.755371	-132.108780
21167.138672	-132.252472
21172.521973	-132.117310
21177.905273	-132.517670
21183.288574	-132.114960
21188.671875	-132.264755
21194.055176	-132.266129
21199.438477	-132.300522
21204.821777	-132.488251
21210.205078	-132.273682
21215.588379	-132.490021
21220.971680	-132.210236
21226.354980	-132.491425
21231.738281	-132.286652
21237.121582	-132.429413
21242.504883	-132.408096
21247.888184	-132.482666
21253.271484	-132.369080
21258.654785	-132.564880
21264.038086	-132.446823
21269.421387	-132.466476
21274.804688	-132.467331
21280.187988	-132.455475
21285.571289	-132.513123
21290.954590	-132.488541
21296.337891	-132.568771
21301.721191	-132.523132
21307.104492	-132.521698
21312.487793	-132.499619
21317.871094	-132.618668
21323.254395	-132.491608
21328.637695	-132.573181
21334.020996	-132.539093
21339.404297	-132.611984
21344.787598	-132.559128
21350.170898	-132.585800
21355.554199	-132.592468
21360.937500	-132.576859
21366.320801	-132.591537
21371.704102	-132.580582
21377.087402	-132.609482
21382.470703	-132.605606
21387.854004	-132.577850
21393.237305	-132.608139
21398.620605	-132.578476
21404.003906	-132.619675
21409.387207	-132.635239
21414.770508	-132.579834
21420.153809	-132.601898
21425.537109	-132.616684
21430.920410	-132.632370
21436.303711	-132.597626
21441.687012	-132.625061
21447.070312	-132.608994
21452.453613	-132.608459
21457.836914	-132.644073
21463.220215	-132.594788
21468.603516	-132.629654
21473.986816	-132.619415
21479.370117	-132.616898
21484.753418	-132.626984
21490.136719	-132.612656
21495.520020	-132.628189
21500.903320	-132.621094
21506.286621	-132.620163
21511.669922	-132.629257
21517.053223	-132.614700
21522.436523	-132.630859
21527.819824	-132.619461
21533.203125	-132.622406
21538.586426	-132.627975
21543.969727	-132.625931
21549.353027	-132.623322
21554.736328	-132.629715
21560.119629	-132.622437
21565.502930	-132.621719
21570.886230	-132.629425
21576.269531	-132.627167
21581.652832	-132.624542
21587.036133	-132.621811
21592.419434	-132.630798
21597.802734	-132.626129
21603.186035	-132.628693
21608.569336	-132.623367
21613.952637	-132.626923
21619.335938	-132.628815
21624.719238	-132.627701
21630.102539	-132.626862
21635.485840	-132.625259
21640.869141	-132.630356
21646.252441	-132.626266
21651.635742	-132.628540
21657.019043	-132.626984
21662.402344	-132.627930
21667.785645	-132.628815
21673.168945	-132.627167
21678.552246	-132.628296
21683.935547	-132.629364
21689.318848	-132.628387
21694.702148	-132.628159
21700.085449	-132.628891
21705.468750	-132.628830
21710.852051	-132.628693
21716.235352	-132.628845
21721.618652	-132.629517
21727.001953	-132.628815
21732.385254	-132.629654
21737.768555	-132.629120
21743.151855	-132.629364
21748.535156	-132.629471
21753.918457	-132.629532
21759.301758	-132.629272
21764.685059	-132.630035
21770.068359	-132.629486
21775.451660	-132.629425
21780.834961	-132.629776
21786.218262	-132.630127
21791.601562	-132.629868
21796.984863	-132.630081
21802.368164	-132.630066
21807.751465	-132.630341
21813.134766	-132.630371
21818.518066	-132.630203
21823.901367	-132.630463
21829.284668	-132.630569
21834.667969	-132.630447
21840.051270	-132.630569
21845.434570	-132.630417
21850.817871	-132.630615
21856.201172	-132.630814
21861.584473	-132.630554
21866.967773	-132.630829
21872.351074	-132.630768
21877.734375	-132.630875
21883.117676	-132.630875
21888.500977	-132.630920
21893.884277	-132.631119
21899.267578	-132.631104
21904.650879	-132.631149
21910.034180	-132.631134
21915.417480	-132.631287
21920.800781	-132.631180
21926.184082	-132.631271
21931.567383	-132.631454
21936.950684	-132.631165
21942.333984	-132.631546
21947.717285	-132.631241
21953.100586	-132.631348
21958.483887	-132.631500
21963.867188	-132.631424
21969.250488	-132.631226
21974.633789	-132.631561
21980.017090	-132.630753
21985.400391	-132.631058
21990.783691	-132.631531
21996.166992	-132.631195
22001.550293	-132.631638
22006.933594	-132.631271
22012.316895	-132.631577
22017.700195	-132.631500
22023.083496	-132.631638
22028.466797	-132.631622
22033.850098	-132.631485
22039.233398	-132.631607
22044.616699	-132.631622
