Frequency (Hz)	Level (dB)
5.383301	-81.819069
10.766602	-82.157066
16.149902	-65.064377
21.533203	-51.756470
26.916504	-53.538025
32.299805	-57.697624
37.683105	-56.835850
43.066406	-53.384144
48.449707	-51.756542
53.833008	-55.724270
59.216309	-60.408264
64.599609	-61.095070
69.982910	-55.829132
75.366211	-58.603748
80.749512	-60.749809
86.132812	-61.762791
91.516113	-61.288990
96.899414	-60.679939
102.282715	-60.957462
107.666016	-60.542103
113.049316	-57.976936
118.432617	-57.377197
123.815918	-63.413849
129.199219	-64.509453
134.582520	-63.294140
139.965820	-64.813118
145.349121	-64.068436
150.732422	-60.338890
156.115723	-66.637253
161.499023	-66.941322
166.882324	-67.443001
172.265625	-69.218849
177.648926	-69.006538
183.032227	-64.372643
188.415527	-60.520668
193.798828	-66.448853
199.182129	-70.196121
204.565430	-70.518295
209.948730	-68.034065
215.332031	-68.200623
220.715332	-66.553467
226.098633	-64.752319
231.481934	-65.539101
236.865234	-66.075584
242.248535	-66.481667
247.631836	-68.816658
253.015137	-69.501312
258.398438	-69.389732
263.781738	-67.594948
269.165039	-70.399040
274.548340	-68.553810
279.931641	-65.370171
285.314941	-67.202080
290.698242	-68.897224
296.081543	-69.831711
301.464844	-68.659203
306.848145	-69.072418
312.231445	-69.004417
317.614746	-68.047783
322.998047	-67.684433
328.381348	-69.388275
333.764648	-69.547523
339.147949	-69.018517
344.531250	-70.432861
349.914551	-70.758438
355.297852	-71.302101
360.681152	-68.896637
366.064453	-70.458534
371.447754	-67.478569
376.831055	-68.071373
382.214355	-68.590019
387.597656	-69.315697
392.980957	-71.025108
398.364258	-71.973923
403.747559	-74.839485
409.130859	-74.024918
414.514160	-73.210579
419.897461	-72.255852
425.280762	-71.050240
430.664062	-71.091103
436.047363	-72.651299
441.430664	-72.431473
446.813965	-73.085915
452.197266	-72.543022
457.580566	-72.848419
462.963867	-73.630501
468.347168	-73.962601
473.730469	-74.426476
479.113770	-72.577698
484.497070	-71.095863
489.880371	-71.094597
495.263672	-72.624481
500.646973	-73.173698
506.030273	-72.036606
511.413574	-69.497345
516.796875	-67.713173
522.180176	-68.023994
527.563477	-68.984932
532.946777	-69.051201
538.330078	-70.229721
543.713379	-72.703308
549.096680	-74.477531
554.479980	-74.519112
559.863281	-75.550919
565.246582	-75.810654
570.629883	-75.445374
576.013184	-74.781403
581.396484	-76.508011
586.779785	-77.183014
592.163086	-76.930275
597.546387	-77.468880
602.929688	-76.624931
608.312988	-76.429085
613.696289	-79.130356
619.079590	-80.252396
624.462891	-79.766495
629.846191	-80.764999
635.229492	-81.291962
640.612793	-80.050468
645.996094	-79.292442
651.379395	-78.834824
656.762695	-79.204643
662.145996	-79.592155
667.529297	-78.470764
672.912598	-78.015312
678.295898	-79.537247
683.679199	-80.805702
689.062500	-80.172119
694.445801	-79.787842
699.829102	-78.277466
705.212402	-76.734924
710.595703	-77.174721
715.979004	-77.892181
721.362305	-77.569305
726.745605	-78.170990
732.128906	-79.285698
737.512207	-80.896759
742.895508	-82.137009
748.278809	-81.895920
753.662109	-81.995872
759.045410	-82.538216
764.428711	-82.930183
769.812012	-82.377098
775.195312	-82.085426
780.578613	-81.557472
785.961914	-81.078339
791.345215	-81.206520
796.728516	-81.510536
802.111816	-81.574425
807.495117	-80.711815
812.878418	-79.739059
818.261719	-79.445091
823.645020	-79.851578
829.028320	-78.716187
834.411621	-76.682991
839.794922	-77.715958
845.178223	-80.543678
850.561523	-82.821922
855.944824	-83.437325
861.328125	-82.659416
866.711426	-82.793152
872.094727	-84.004578
877.478027	-84.428062
882.861328	-85.623672
888.244629	-85.617119
893.627930	-84.538345
899.011230	-83.196823
904.394531	-81.999451
909.777832	-80.585983
915.161133	-80.109772
920.544434	-79.645844
925.927734	-78.942268
931.311035	-78.835846
936.694336	-78.712105
942.077637	-78.539970
947.460938	-78.788162
952.844238	-79.706802
958.227539	-80.082489
963.610840	-80.540024
968.994141	-80.782486
974.377441	-81.313889
979.760742	-81.826691
985.144043	-83.020905
990.527344	-83.979546
995.910645	-84.247452
1001.293945	-84.723602
1006.677246	-84.774994
1012.060547	-85.539421
1017.443848	-85.992180
1022.827148	-86.891777
1028.210449	-87.673920
1033.593750	-85.444855
1038.977051	-84.044815
1044.360352	-83.749207
1049.743652	-81.499237
1055.126953	-80.596832
1060.510254	-82.579269
1065.893555	-85.081123
1071.276855	-84.994164
1076.660156	-84.162918
1082.043457	-83.606491
1087.426758	-83.609612
1092.810059	-83.585556
1098.193359	-84.788208
1103.576660	-85.589066
1108.959961	-87.010811
1114.343262	-86.763733
1119.726562	-86.360542
1125.109863	-86.756180
1130.493164	-85.180878
1135.876465	-85.658333
1141.259766	-85.194031
1146.643066	-84.164169
1152.026367	-83.457542
1157.409668	-83.869934
1162.792969	-83.964714
1168.176270	-85.839706
1173.559570	-87.530960
1178.942871	-87.568855
1184.326172	-89.268204
1189.709473	-87.850143
1195.092773	-89.113487
1200.476074	-89.969574
1205.859375	-90.219856
1211.242676	-90.152969
1216.625977	-90.981483
1222.009277	-90.719292
1227.392578	-89.783478
1232.775879	-89.634476
1238.159180	-90.834419
1243.542480	-90.847107
1248.925781	-90.914375
1254.309082	-91.563622
1259.692383	-89.882492
1265.075684	-90.736778
1270.458984	-90.205597
1275.842285	-91.359940
1281.225586	-90.883141
1286.608887	-90.415848
1291.992188	-89.792198
1297.375488	-90.115463
1302.758789	-90.225204
1308.142090	-91.371231
1313.525391	-91.200920
1318.908691	-91.484932
1324.291992	-91.513695
1329.675293	-91.542450
1335.058594	-91.534180
1340.441895	-91.445854
1345.825195	-91.400879
1351.208496	-91.546089
1356.591797	-91.583542
1361.975098	-91.524361
1367.358398	-91.442932
1372.741699	-92.623840
1378.125000	-92.838478
1383.508301	-92.494423
1388.891602	-92.049171
1394.274902	-92.195213
1399.658203	-91.396408
1405.041504	-92.422447
1410.424805	-91.727310
1415.808105	-90.929482
1421.191406	-91.232399
1426.574707	-91.377457
1431.958008	-91.133125
1437.341309	-90.093895
1442.724609	-90.041946
1448.107910	-90.178047
1453.491211	-90.061478
1458.874512	-89.951569
1464.257812	-89.073463
1469.641113	-88.834305
1475.024414	-88.786758
1480.407715	-87.728661
1485.791016	-88.174515
1491.174316	-90.164856
1496.557617	-91.665199
1501.940918	-92.234131
1507.324219	-92.567154
1512.707520	-92.126335
1518.090820	-92.790741
1523.474121	-92.527046
1528.857422	-92.344360
1534.240723	-92.169975
1539.624023	-91.757889
1545.007324	-91.271133
1550.390625	-91.371254
1555.773926	-91.744583
1561.157227	-92.929802
1566.540527	-93.572868
1571.923828	-93.416824
1577.307129	-93.689461
1582.690430	-95.066711
1588.073730	-95.364616
1593.457031	-94.585312
1598.840332	-93.950409
1604.223633	-93.016472
1609.606934	-92.495857
1614.990234	-92.901451
1620.373535	-93.494392
1625.756836	-94.345848
1631.140137	-93.909462
1636.523438	-92.644844
1641.906738	-91.695816
1647.290039	-91.467896
1652.673340	-91.462006
1658.056641	-91.976776
1663.439941	-92.391090
1668.823242	-92.638298
1674.206543	-93.526558
1679.589844	-94.070564
1684.973145	-94.549118
1690.356445	-94.271194
1695.739746	-93.524788
1701.123047	-93.312767
1706.506348	-94.087265
1711.889648	-93.618324
1717.272949	-93.465378
1722.656250	-93.651253
1728.039551	-92.846367
1733.422852	-92.952202
1738.806152	-93.158890
1744.189453	-94.054535
1749.572754	-94.164177
1754.956055	-93.908920
1760.339355	-93.669647
1765.722656	-94.012054
1771.105957	-94.649254
1776.489258	-94.358635
1781.872559	-93.953644
1787.255859	-93.428772
1792.639160	-92.126396
1798.022461	-91.892471
1803.405762	-93.209099
1808.789062	-94.175804
1814.172363	-94.722298
1819.555664	-94.554848
1824.938965	-93.993729
1830.322266	-92.947403
1835.705566	-93.146347
1841.088867	-94.223915
1846.472168	-94.175400
1851.855469	-94.149879
1857.238770	-94.715584
1862.622070	-95.007385
1868.005371	-95.385612
1873.388672	-95.144623
1878.771973	-95.114685
1884.155273	-95.563637
1889.538574	-96.156921
1894.921875	-96.184525
1900.305176	-96.610580
1905.688477	-96.666801
1911.071777	-95.984215
1916.455078	-95.527267
1921.838379	-95.567352
1927.221680	-95.292648
1932.604980	-95.437302
1937.988281	-96.008484
1943.371582	-96.074364
1948.754883	-95.804810
1954.138184	-96.570290
1959.521484	-97.242310
1964.904785	-96.870529
1970.288086	-96.585983
1975.671387	-96.483200
1981.054688	-95.765289
1986.437988	-94.363762
1991.821289	-94.578773
1997.204590	-95.608040
2002.587891	-95.128792
2007.971191	-96.613884
2013.354492	-96.758888
2018.737793	-96.621025
2024.121094	-96.457886
2029.504395	-95.808304
2034.887695	-96.043724
2040.270996	-95.988289
2045.654297	-97.016296
2051.037598	-97.246552
2056.420898	-96.689842
2061.804199	-96.445847
2067.187500	-96.687881
2072.570801	-96.275955
2077.954102	-96.051964
2083.337402	-96.403839
2088.720703	-96.894455
2094.104004	-97.371841
2099.487305	-96.578438
2104.870605	-96.345093
2110.253906	-96.474747
2115.637207	-95.779526
2121.020508	-94.710548
2126.403809	-94.211746
2131.787109	-94.787445
2137.170410	-94.691368
2142.553711	-95.200241
2147.937012	-95.507347
2153.320312	-95.715134
2158.703613	-95.473816
2164.086914	-96.290215
2169.470215	-96.476456
2174.853516	-95.992500
2180.236816	-96.113960
2185.620117	-95.970222
2191.003418	-96.445007
2196.386719	-96.477364
2201.770020	-96.951591
2207.153320	-96.814522
2212.536621	-96.816757
2217.919922	-96.003914
2223.303223	-96.416367
2228.686523	-96.452347
2234.069824	-96.471306
2239.453125	-96.561058
2244.836426	-96.669395
2250.219727	-97.008888
2255.603027	-97.074966
2260.986328	-96.541542
2266.369629	-96.804588
2271.752930	-96.207436
2277.136230	-96.505714
2282.519531	-96.287476
2287.902832	-96.298264
2293.286133	-96.455360
2298.669434	-96.623596
2304.052734	-96.212532
2309.436035	-96.199272
2314.819336	-96.485077
2320.202637	-96.864014
2325.585938	-97.275330
2330.969238	-97.763283
2336.352539	-98.047462
2341.735840	-97.823509
2347.119141	-97.118118
2352.502441	-96.602623
2357.885742	-96.294907
2363.269043	-96.417221
2368.652344	-96.847061
2374.035645	-96.825226
2379.418945	-97.289993
2384.802246	-97.655975
2390.185547	-97.542397
2395.568848	-97.965446
2400.952148	-97.749329
2406.335449	-97.696709
2411.718750	-97.926071
2417.102051	-97.696884
2422.485352	-97.685875
2427.868652	-97.564720
2433.251953	-96.890297
2438.635254	-96.117012
2444.018555	-97.122498
2449.401855	-97.986847
2454.785156	-98.013771
2460.168457	-97.306610
2465.551758	-96.636841
2470.935059	-96.710907
2476.318359	-97.132416
2481.701660	-97.457779
2487.084961	-97.637520
2492.468262	-97.795357
2497.851562	-98.167297
2503.234863	-98.115875
2508.618164	-97.626427
2514.001465	-98.085670
2519.384766	-98.248009
2524.768066	-97.991615
2530.151367	-98.134201
2535.534668	-98.023308
2540.917969	-98.426392
2546.301270	-98.793037
2551.684570	-98.500732
2557.067871	-98.154556
2562.451172	-98.494263
2567.834473	-98.505020
2573.217773	-98.378807
2578.601074	-98.339508
2583.984375	-97.753128
2589.367676	-97.334290
2594.750977	-97.646492
2600.134277	-98.119774
2605.517578	-97.546890
2610.900879	-97.699921
2616.284180	-98.044739
2621.667480	-97.905113
2627.050781	-98.396484
2632.434082	-98.632874
2637.817383	-98.440308
2643.200684	-98.381493
2648.583984	-98.045059
2653.967285	-97.751289
2659.350586	-97.570488
2664.733887	-97.115990
2670.117188	-97.909897
2675.500488	-97.388069
2680.883789	-97.408607
2686.267090	-97.685844
2691.650391	-97.497032
2697.033691	-97.733444
2702.416992	-97.781525
2707.800293	-97.576294
2713.183594	-97.709358
2718.566895	-98.330429
2723.950195	-98.317818
2729.333496	-98.288780
2734.716797	-98.294998
2740.100098	-98.991486
2745.483398	-98.871872
2750.866699	-98.431763
2756.250000	-98.561020
2761.633301	-98.267540
2767.016602	-98.267326
2772.399902	-98.805817
2777.783203	-98.314133
2783.166504	-98.365150
2788.549805	-98.158989
2793.933105	-97.967842
2799.316406	-98.031120
2804.699707	-97.292778
2810.083008	-97.672539
2815.466309	-98.218460
2820.849609	-98.327713
2826.232910	-98.091721
2831.616211	-97.794266
2836.999512	-97.828354
2842.382812	-98.291100
2847.766113	-98.291183
2853.149414	-98.266670
2858.532715	-98.662582
2863.916016	-98.867607
2869.299316	-98.363640
2874.682617	-98.657501
2880.065918	-99.010796
2885.449219	-98.876640
2890.832520	-98.700966
2896.215820	-98.998398
2901.599121	-99.321243
2906.982422	-99.196388
2912.365723	-98.888809
2917.749023	-98.682930
2923.132324	-99.027992
2928.515625	-99.243492
2933.898926	-98.899277
2939.282227	-98.080223
2944.665527	-98.650330
2950.048828	-98.656189
2955.432129	-98.076248
2960.815430	-97.996033
2966.198730	-98.558151
2971.582031	-97.977440
2976.965332	-98.672302
2982.348633	-98.870483
2987.731934	-99.051636
2993.115234	-98.825005
2998.498535	-98.791275
3003.881836	-98.990341
3009.265137	-99.276878
3014.648438	-99.158020
3020.031738	-98.495544
3025.415039	-98.844002
3030.798340	-99.115280
3036.181641	-98.785172
3041.564941	-98.887138
3046.948242	-99.342552
3052.331543	-98.970612
3057.714844	-98.168480
3063.098145	-98.715309
3068.481445	-98.481209
3073.864746	-98.872887
3079.248047	-99.071655
3084.631348	-98.806816
3090.014648	-99.051384
3095.397949	-98.722763
3100.781250	-99.004219
3106.164551	-99.018044
3111.547852	-98.665321
3116.931152	-98.483040
3122.314453	-98.360123
3127.697754	-98.888222
3133.081055	-98.695435
3138.464355	-98.022240
3143.847656	-97.949821
3149.230957	-97.913795
3154.614258	-99.266624
3159.997559	-99.223045
3165.380859	-98.116882
3170.764160	-98.617409
3176.147461	-98.801788
3181.530762	-98.315796
3186.914062	-98.889069
3192.297363	-99.161453
3197.680664	-98.906227
3203.063965	-98.918808
3208.447266	-99.412079
3213.830566	-99.333801
3219.213867	-99.006104
3224.597168	-99.076683
3229.980469	-99.746346
3235.363770	-99.650917
3240.747070	-99.719170
3246.130371	-99.504158
3251.513672	-99.354782
3256.896973	-99.382942
3262.280273	-98.484047
3267.663574	-98.220390
3273.046875	-98.197128
3278.430176	-98.028328
3283.813477	-98.575096
3289.196777	-98.832634
3294.580078	-98.364082
3299.963379	-97.994148
3305.346680	-98.566277
3310.729980	-99.083984
3316.113281	-99.203911
3321.496582	-98.825081
3326.879883	-98.640236
3332.263184	-98.772141
3337.646484	-99.288849
3343.029785	-99.956261
3348.413086	-99.636398
3353.796387	-99.227249
3359.179688	-99.124619
3364.562988	-99.058205
3369.946289	-98.766312
3375.329590	-99.715797
3380.712891	-99.737099
3386.096191	-99.121605
3391.479492	-99.256042
3396.862793	-99.322357
3402.246094	-99.244987
3407.629395	-98.814667
3413.012695	-98.189949
3418.395996	-97.937187
3423.779297	-98.903114
3429.162598	-99.795464
3434.545898	-99.277191
3439.929199	-100.021675
3445.312500	-99.594673
3450.695801	-98.234680
3456.079102	-97.617447
3461.462402	-97.961662
3466.845703	-97.952599
3472.229004	-98.177078
3477.612305	-99.435677
3482.995605	-99.427299
3488.378906	-99.225929
3493.762207	-99.347984
3499.145508	-99.892670
3504.528809	-99.623528
3509.912109	-100.226311
3515.295410	-99.466965
3520.678711	-99.779900
3526.062012	-99.912216
3531.445312	-99.845718
3536.828613	-99.902779
3542.211914	-98.759666
3547.595215	-98.737305
3552.978516	-99.249939
3558.361816	-99.513802
3563.745117	-99.060043
3569.128418	-99.220421
3574.511719	-99.431412
3579.895020	-98.860191
3585.278320	-99.155876
3590.661621	-99.592781
3596.044922	-99.275009
3601.428223	-99.177582
3606.811523	-99.327225
3612.194824	-100.071625
3617.578125	-99.520386
3622.961426	-99.693886
3628.344727	-100.009155
3633.728027	-99.898582
3639.111328	-100.642044
3644.494629	-100.143837
3649.877930	-99.711601
3655.261230	-99.654404
3660.644531	-99.458755
3666.027832	-100.332405
3671.411133	-100.052979
3676.794434	-100.368126
3682.177734	-100.972527
3687.561035	-100.554939
3692.944336	-100.097870
3698.327637	-99.877281
3703.710938	-98.603828
3709.094238	-98.390373
3714.477539	-100.085144
3719.860840	-100.673088
3725.244141	-100.784233
3730.627441	-100.444855
3736.010742	-99.322891
3741.394043	-99.122780
3746.777344	-99.845146
3752.160645	-100.208885
3757.543945	-100.014603
3762.927246	-100.313095
3768.310547	-100.975281
3773.693848	-101.125771
3779.077148	-100.557831
3784.460449	-99.324066
3789.843750	-99.065491
3795.227051	-100.353477
3800.610352	-99.210075
3805.993652	-99.009529
3811.376953	-100.117615
3816.760254	-99.618553
3822.143555	-99.285706
3827.526855	-99.385948
3832.910156	-100.012520
3838.293457	-100.146271
3843.676758	-100.708168
3849.060059	-100.301773
3854.443359	-100.022507
3859.826660	-100.124878
3865.209961	-99.259964
3870.593262	-99.852051
3875.976562	-100.049400
3881.359863	-99.524681
3886.743164	-99.704422
3892.126465	-99.599693
3897.509766	-99.941177
3902.893066	-100.201645
3908.276367	-99.752319
3913.659668	-99.282265
3919.042969	-99.769722
3924.426270	-100.119278
3929.809570	-100.666862
3935.192871	-100.846634
3940.576172	-100.579010
3945.959473	-100.073456
3951.342773	-99.398819
3956.726074	-99.305138
3962.109375	-99.891525
3967.492676	-99.899384
3972.875977	-99.546989
3978.259277	-99.722710
3983.642578	-100.383026
3989.025879	-100.295013
3994.409180	-100.112228
3999.792480	-99.010002
4005.175781	-99.266464
4010.559082	-99.681824
4015.942383	-98.211227
4021.325684	-98.529434
4026.708984	-99.425247
4032.092285	-100.361366
4037.475586	-99.741753
4042.858887	-98.942192
4048.242188	-100.096039
4053.625488	-99.647385
4059.008789	-99.227440
4064.392090	-100.697189
4069.775391	-100.832390
4075.158691	-100.728264
4080.541992	-100.930099
4085.925293	-100.651100
4091.308594	-99.511917
4096.691895	-99.729240
4102.075195	-99.561180
4107.458496	-99.970596
4112.841797	-100.098770
4118.225098	-100.367004
4123.608398	-99.970535
4128.991699	-100.757759
4134.375000	-100.559776
4139.758301	-99.399857
4145.141602	-98.797348
4150.524902	-98.652344
4155.908203	-99.776093
4161.291504	-100.877563
4166.674805	-100.983009
4172.058105	-100.613647
4177.441406	-100.659920
4182.824707	-100.439133
4188.208008	-101.183777
4193.591309	-101.539368
4198.974609	-100.758774
4204.357910	-99.924492
4209.741211	-99.067062
4215.124512	-99.863922
4220.507812	-100.206818
4225.891113	-100.286644
4231.274414	-100.945877
4236.657715	-101.070633
4242.041016	-101.127975
4247.424316	-100.895782
4252.807617	-100.827614
4258.190918	-101.116035
4263.574219	-99.448555
4268.957520	-98.316917
4274.340820	-97.816994
4279.724121	-99.655502
4285.107422	-101.774406
4290.490723	-100.681290
4295.874023	-100.660263
4301.257324	-100.849800
4306.640625	-100.765831
4312.023926	-100.442093
4317.407227	-100.829514
4322.790527	-100.422783
4328.173828	-100.392456
4333.557129	-100.610283
4338.940430	-100.703941
4344.323730	-100.655891
4349.707031	-101.108307
4355.090332	-101.610435
4360.473633	-101.590858
4365.856934	-101.433899
4371.240234	-100.956726
4376.623535	-100.836060
4382.006836	-100.604500
4387.390137	-100.838799
4392.773438	-100.597870
4398.156738	-101.107559
4403.540039	-101.824837
4408.923340	-101.518188
4414.306641	-100.680099
4419.689941	-101.022293
4425.073242	-100.323196
4430.456543	-100.624657
4435.839844	-101.854919
4441.223145	-101.401138
4446.606445	-101.767258
4451.989746	-101.360886
4457.373047	-101.369850
4462.756348	-100.810150
4468.139648	-100.984947
4473.522949	-101.604103
4478.906250	-101.490517
4484.289551	-99.857498
4489.672852	-99.871910
4495.056152	-101.384895
4500.439453	-101.157372
4505.822754	-100.999023
4511.206055	-100.825378
4516.589355	-100.668777
4521.972656	-101.765083
4527.355957	-101.584679
4532.739258	-101.005638
4538.122559	-101.006882
4543.505859	-99.701714
4548.889160	-101.122833
4554.272461	-101.301910
4559.655762	-101.359169
4565.039062	-100.905746
4570.422363	-99.405724
4575.805664	-98.486382
4581.188965	-99.801010
4586.572266	-100.222801
4591.955566	-100.406754
4597.338867	-100.995369
4602.722168	-101.149681
4608.105469	-101.308128
4613.488770	-101.866707
4618.872070	-101.987366
4624.255371	-102.190674
4629.638672	-100.486633
4635.021973	-99.362846
4640.405273	-99.035370
4645.788574	-100.341606
4651.171875	-101.505669
4656.555176	-101.967140
4661.938477	-101.824898
4667.321777	-102.079781
4672.705078	-102.124290
4678.088379	-101.386360
4683.471680	-99.728462
4688.854980	-100.328773
4694.238281	-101.804626
4699.621582	-101.908203
4705.004883	-102.380554
4710.388184	-102.479149
4715.771484	-102.086655
4721.154785	-102.347816
4726.538086	-101.186142
4731.921387	-100.625374
4737.304688	-99.504242
4742.687988	-100.776894
4748.071289	-101.522827
4753.454590	-101.336838
4758.837891	-101.577415
4764.221191	-102.445709
4769.604492	-102.047760
4774.987793	-101.878258
4780.371094	-102.825424
4785.754395	-102.681366
4791.137695	-102.322556
4796.520996	-101.614937
4801.904297	-101.015594
4807.287598	-101.809456
4812.670898	-102.148369
4818.054199	-102.353058
4823.437500	-101.840828
4828.820801	-101.682976
4834.204102	-100.723503
4839.587402	-100.739120
4844.970703	-102.284554
4850.354004	-101.654823
4855.737305	-101.566170
4861.120605	-101.597252
4866.503906	-101.815849
4871.887207	-102.193085
4877.270508	-102.648331
4882.653809	-101.905251
4888.037109	-99.355621
4893.420410	-99.326881
4898.803711	-99.780396
4904.187012	-100.364037
4909.570312	-102.226624
4914.953613	-102.130836
4920.336914	-102.239777
4925.720215	-100.878189
4931.103516	-100.467697
4936.486816	-102.314835
4941.870117	-101.061470
4947.253418	-99.856339
4952.636719	-100.725456
4958.020020	-102.017113
4963.403320	-102.123810
4968.786621	-102.304100
4974.169922	-101.564911
4979.553223	-102.048317
4984.936523	-101.124817
4990.319824	-100.971146
4995.703125	-102.825119
5001.086426	-102.245239
5006.469727	-102.001556
5011.853027	-101.656075
5017.236328	-102.578957
5022.619629	-102.325378
5028.002930	-100.775146
5033.386230	-100.840836
5038.769531	-101.277946
5044.152832	-102.284462
5049.536133	-102.936005
5054.919434	-102.493935
5060.302734	-102.386955
5065.686035	-102.015533
5071.069336	-101.962631
5076.452637	-101.095459
5081.835938	-100.606728
5087.219238	-99.023384
5092.602539	-100.421524
5097.985840	-101.404343
5103.369141	-100.998909
5108.752441	-101.402031
5114.135742	-101.913116
5119.519043	-100.053894
5124.902344	-102.242470
5130.285645	-102.185883
5135.668945	-101.415260
5141.052246	-103.305031
5146.435547	-102.590576
5151.818848	-102.716919
5157.202148	-102.969093
5162.585449	-103.161758
5167.968750	-102.502518
5173.352051	-102.726151
5178.735352	-102.589996
5184.118652	-101.156860
5189.501953	-98.281326
5194.885254	-93.790977
5200.268555	-99.994530
5205.651855	-101.679459
5211.035156	-101.052933
5216.418457	-102.061768
5221.801758	-101.742767
5227.185059	-100.986397
5232.568359	-102.442352
5237.951660	-103.062820
5243.334961	-102.986618
5248.718262	-102.806740
5254.101562	-102.337288
5259.484863	-102.561852
5264.868164	-102.404991
5270.251465	-101.591476
5275.634766	-102.027161
5281.018066	-102.232750
5286.401367	-102.527916
5291.784668	-102.135010
5297.167969	-101.093704
5302.551270	-101.829033
5307.934570	-101.720268
5313.317871	-101.602295
5318.701172	-101.401611
5324.084473	-102.370560
5329.467773	-102.594391
5334.851074	-103.526047
5340.234375	-103.269142
5345.617676	-102.872742
5351.000977	-102.768188
5356.384277	-102.840714
5361.767578	-102.555878
5367.150879	-102.452454
5372.534180	-102.330170
5377.917480	-101.914062
5383.300781	-102.344315
5388.684082	-103.245918
5394.067383	-102.140366
5399.450684	-101.563957
5404.833984	-101.786453
5410.217285	-102.676903
5415.600586	-102.997154
5420.983887	-102.734512
5426.367188	-102.460075
5431.750488	-103.196228
5437.133789	-101.744186
5442.517090	-101.886620
5447.900391	-102.366936
5453.283691	-102.213753
5458.666992	-101.166214
5464.050293	-102.075516
5469.433594	-103.179443
5474.816895	-103.442490
5480.200195	-102.769051
5485.583496	-102.631058
5490.966797	-103.394501
5496.350098	-103.289673
5501.733398	-102.586243
5507.116699	-103.040817
5512.500000	-102.771339
5517.883301	-102.723122
5523.266602	-102.210693
5528.649902	-101.275978
5534.033203	-101.223892
5539.416504	-100.938148
5544.799805	-102.295769
5550.183105	-104.125282
5555.566406	-103.618423
5560.949707	-102.725975
5566.333008	-102.870415
5571.716309	-103.387589
5577.099609	-103.579643
5582.482910	-102.097275
5587.866211	-102.134865
5593.249512	-102.893555
5598.632812	-102.598595
5604.016113	-101.825859
5609.399414	-100.793365
5614.782715	-102.743225
5620.166016	-103.687103
5625.549316	-103.622520
5630.932617	-103.291351
5636.315918	-103.233444
5641.699219	-102.632118
5647.082520	-102.503883
5652.465820	-102.657234
5657.849121	-102.661613
5663.232422	-103.393120
5668.615723	-102.806877
5673.999023	-101.916176
5679.382324	-103.297737
5684.765625	-102.882767
5690.148926	-102.452461
5695.532227	-103.537788
5700.915527	-101.931862
5706.298828	-100.424934
5711.682129	-101.107452
5717.065430	-103.054276
5722.448730	-103.266365
5727.832031	-103.296638
5733.215332	-103.869843
5738.598633	-102.064827
5743.981934	-101.120529
5749.365234	-101.723732
5754.748535	-102.480270
5760.131836	-102.694504
5765.515137	-101.401642
5770.898438	-101.049561
5776.281738	-102.303360
5781.665039	-103.100037
5787.048340	-101.320831
5792.431641	-101.124939
5797.814941	-102.293678
5803.198242	-103.135826
5808.581543	-100.987564
5813.964844	-101.538292
5819.348145	-101.828720
5824.731445	-102.547729
5830.114746	-103.480766
5835.498047	-103.667267
5840.881348	-103.138092
5846.264648	-103.577477
5851.647949	-103.672966
5857.031250	-103.624062
5862.414551	-103.756744
5867.797852	-103.520500
5873.181152	-103.079857
5878.564453	-102.479576
5883.947754	-104.357834
5889.331055	-104.025169
5894.714355	-103.104576
5900.097656	-103.196945
5905.480957	-103.001282
5910.864258	-101.875053
5916.247559	-103.462067
5921.630859	-104.361115
5927.014160	-103.814674
5932.397461	-103.593079
5937.780762	-102.354942
5943.164062	-101.959053
5948.547363	-103.907471
5953.930664	-102.746391
5959.313965	-102.177757
5964.697266	-101.345459
5970.080566	-101.862068
5975.463867	-102.653984
5980.847168	-103.543037
5986.230469	-103.297089
5991.613770	-102.396988
5996.997070	-101.926064
6002.380371	-101.919991
6007.763672	-102.133667
6013.146973	-103.085617
6018.530273	-103.925850
6023.913574	-103.271225
6029.296875	-103.071548
6034.680176	-104.164352
6040.063477	-104.408783
6045.446777	-103.845871
6050.830078	-103.365990
6056.213379	-102.421448
6061.596680	-102.398750
6066.979980	-102.573860
6072.363281	-102.216141
6077.746582	-102.704865
6083.129883	-102.342003
6088.513184	-103.123146
6093.896484	-104.128181
6099.279785	-103.687943
6104.663086	-101.595169
6110.046387	-101.088936
6115.429688	-103.001724
6120.812988	-103.558441
6126.196289	-101.937416
6131.579590	-102.162132
6136.962891	-102.884926
6142.346191	-103.670654
6147.729492	-104.768112
6153.112793	-104.613770
6158.496094	-104.480682
6163.879395	-104.160065
6169.262695	-103.221489
6174.645996	-102.817139
6180.029297	-103.250832
6185.412598	-104.463890
6190.795898	-104.847313
6196.179199	-104.360519
6201.562500	-104.474983
6206.945801	-102.398720
6212.329102	-102.010147
6217.712402	-104.854980
6223.095703	-104.764168
6228.479004	-104.169662
6233.862305	-104.114799
6239.245605	-103.432465
6244.628906	-103.491348
6250.012207	-102.544502
6255.395508	-103.151505
6260.778809	-104.311386
6266.162109	-104.850784
6271.545410	-104.773239
6276.928711	-104.621605
6282.312012	-104.750374
6287.695312	-104.229118
6293.078613	-104.273811
6298.461914	-103.997414
6303.845215	-103.490868
6309.228516	-103.095154
6314.611816	-104.707001
6319.995117	-105.068367
6325.378418	-103.920990
6330.761719	-104.290100
6336.145020	-104.512848
6341.528320	-104.353432
6346.911621	-104.286400
6352.294922	-104.716660
6357.678223	-103.432365
6363.061523	-103.773758
6368.444824	-104.963585
6373.828125	-104.741867
6379.211426	-102.167610
6384.594727	-102.587364
6389.978027	-103.503464
6395.361328	-103.403244
6400.744629	-103.694527
6406.127930	-103.987030
6411.511230	-104.325012
6416.894531	-104.614174
6422.277832	-104.328568
6427.661133	-103.526939
6433.044434	-102.414429
6438.427734	-103.482658
6443.811035	-104.447464
6449.194336	-105.123756
6454.577637	-104.498962
6459.960938	-103.761482
6465.344238	-104.645027
6470.727539	-104.995071
6476.110840	-105.106461
6481.494141	-104.782898
6486.877441	-104.683815
6492.260742	-103.988716
6497.644043	-105.182091
6503.027344	-105.039085
6508.410645	-103.568207
6513.793945	-102.741028
6519.177246	-104.306175
6524.560547	-104.663963
6529.943848	-105.158958
6535.327148	-105.116982
6540.710449	-104.478470
6546.093750	-104.673729
6551.477051	-104.427406
6556.860352	-103.989418
6562.243652	-104.606636
6567.626953	-105.508263
6573.010254	-104.813072
6578.393555	-104.541275
6583.776855	-104.203896
6589.160156	-104.146530
6594.543457	-104.567123
6599.926758	-104.886620
6605.310059	-104.677216
6610.693359	-104.315979
6616.076660	-104.820473
6621.459961	-104.736282
6626.843262	-104.446815
6632.226562	-105.334587
6637.609863	-104.316841
6642.993164	-104.588486
6648.376465	-104.443665
6653.759766	-104.545647
6659.143066	-103.887543
6664.526367	-104.490311
6669.909668	-104.467010
6675.292969	-103.415825
6680.676270	-103.595566
6686.059570	-104.271873
6691.442871	-104.028664
6696.826172	-104.456429
6702.209473	-104.286392
6707.592773	-104.169510
6712.976074	-103.638412
6718.359375	-102.742264
6723.742676	-101.796112
6729.125977	-101.274368
6734.509277	-102.811493
6739.892578	-104.378204
6745.275879	-103.991623
6750.659180	-104.048172
6756.042480	-103.550240
6761.425781	-103.643723
6766.809082	-104.725731
6772.192383	-105.158859
6777.575684	-103.920822
6782.958984	-102.748955
6788.342285	-104.500900
6793.725586	-105.950905
6799.108887	-105.708199
6804.492188	-104.083389
6809.875488	-103.793633
6815.258789	-104.296364
6820.642090	-104.242493
6826.025391	-105.158020
6831.408691	-105.227470
6836.791992	-103.595757
6842.175293	-102.720413
6847.558594	-102.776367
6852.941895	-101.855965
6858.325195	-103.143356
6863.708496	-105.363693
6869.091797	-103.342323
6874.475098	-103.770622
6879.858398	-105.421371
6885.241699	-105.483253
6890.625000	-104.641052
6896.008301	-103.451973
6901.391602	-103.978065
6906.774902	-105.227547
6912.158203	-104.584511
6917.541504	-105.152351
6922.924805	-105.389664
6928.308105	-104.897278
6933.691406	-104.050339
6939.074707	-103.741768
6944.458008	-105.141045
6949.841309	-104.931412
6955.224609	-105.942184
6960.607910	-106.007317
6965.991211	-105.105820
6971.374512	-104.648972
6976.757812	-103.904701
6982.141113	-104.175430
6987.524414	-105.192184
6992.907715	-105.048729
6998.291016	-104.446930
7003.674316	-105.276749
7009.057617	-105.597549
7014.440918	-105.798920
7019.824219	-105.725273
7025.207520	-105.147789
7030.590820	-104.838280
7035.974121	-104.945358
7041.357422	-105.154686
7046.740723	-104.969894
7052.124023	-104.386375
7057.507324	-104.701324
7062.890625	-104.211807
7068.273926	-103.846611
7073.657227	-104.043480
7079.040527	-105.517197
7084.423828	-104.895515
7089.807129	-103.702217
7095.190430	-104.292908
7100.573730	-105.328773
7105.957031	-105.736519
7111.340332	-105.290154
7116.723633	-105.790527
7122.106934	-105.246300
7127.490234	-105.372292
7132.873535	-105.665283
7138.256836	-105.199188
7143.640137	-104.882248
7149.023438	-104.718140
7154.406738	-104.991165
7159.790039	-105.153923
7165.173340	-105.131676
7170.556641	-104.496811
7175.939941	-105.270737
7181.323242	-105.366409
7186.706543	-105.936180
7192.089844	-105.956230
7197.473145	-105.904182
7202.856445	-105.518776
7208.239746	-105.835320
7213.623047	-105.628716
7219.006348	-105.095497
7224.389648	-104.883621
7229.772949	-104.595360
7235.156250	-105.462410
7240.539551	-106.328270
7245.922852	-106.103859
7251.306152	-105.439323
7256.689453	-106.170448
7262.072754	-104.761597
7267.456055	-104.780968
7272.839355	-105.673630
7278.222656	-105.939339
7283.605957	-104.698257
7288.989258	-104.363739
7294.372559	-103.819885
7299.755859	-104.270737
7305.139160	-105.215172
7310.522461	-105.879181
7315.905762	-106.405869
7321.289062	-105.374542
7326.672363	-104.952797
7332.055664	-105.061272
7337.438965	-104.346924
7342.822266	-105.808083
7348.205566	-106.503029
7353.588867	-106.658432
7358.972168	-106.364380
7364.355469	-106.426811
7369.738770	-104.943886
7375.122070	-104.610382
7380.505371	-105.953606
7385.888672	-105.228851
7391.271973	-103.665779
7396.655273	-103.022881
7402.038574	-104.459702
7407.421875	-105.070869
7412.805176	-106.164764
7418.188477	-105.762390
7423.571777	-105.735367
7428.955078	-105.413902
7434.338379	-105.592888
7439.721680	-105.466339
7445.104980	-105.973412
7450.488281	-105.930222
7455.871582	-105.667038
7461.254883	-105.686264
7466.638184	-105.633202
7472.021484	-105.969666
7477.404785	-106.014107
7482.788086	-106.023384
7488.171387	-105.177704
7493.554688	-103.475914
7498.937988	-103.341545
7504.321289	-105.380539
7509.704590	-105.854973
7515.087891	-106.024307
7520.471191	-105.798515
7525.854492	-105.297806
7531.237793	-105.830391
7536.621094	-106.729263
7542.004395	-105.605293
7547.387695	-105.608376
7552.770996	-105.403152
7558.154297	-105.792839
7563.537598	-106.087440
7568.920898	-106.313148
7574.304199	-105.064751
7579.687500	-104.926712
7585.070801	-106.382599
7590.454102	-106.086784
7595.837402	-106.638969
7601.220703	-106.872841
7606.604004	-106.256691
7611.987305	-105.931709
7617.370605	-106.102333
7622.753906	-106.233978
7628.137207	-103.567291
7633.520508	-103.966652
7638.903809	-104.879387
7644.287109	-105.599312
7649.670410	-106.221626
7655.053711	-106.739662
7660.437012	-105.858162
7665.820312	-106.835800
7671.203613	-105.104172
7676.586914	-104.674088
7681.970215	-103.669647
7687.353516	-104.070221
7692.736816	-105.922516
7698.120117	-106.594704
7703.503418	-106.428947
7708.886719	-105.087952
7714.270020	-104.391769
7719.653320	-105.380890
7725.036621	-107.003944
7730.419922	-106.947517
7735.803223	-105.794823
7741.186523	-106.389381
7746.569824	-105.484276
7751.953125	-106.620384
7757.336426	-107.118042
7762.719727	-106.342308
7768.103027	-106.605247
7773.486328	-106.575485
7778.869629	-105.688004
7784.252930	-106.012688
7789.636230	-105.528305
7795.019531	-104.566628
7800.402832	-105.192657
7805.786133	-106.299133
7811.169434	-105.275490
7816.552734	-105.674301
7821.936035	-106.091385
7827.319336	-106.105026
7832.702637	-104.356987
7838.085938	-104.290222
7843.469238	-106.823883
7848.852539	-105.199829
7854.235840	-103.395500
7859.619141	-104.070442
7865.002441	-105.419632
7870.385742	-106.618835
7875.769043	-106.627670
7881.152344	-106.625832
7886.535645	-107.773689
7891.918945	-107.121445
7897.302246	-107.006851
7902.685547	-107.156952
7908.068848	-105.038834
7913.452148	-104.906525
7918.835449	-104.954758
7924.218750	-104.528358
7929.602051	-106.185577
7934.985352	-106.838882
7940.368652	-106.795227
7945.751953	-106.537498
7951.135254	-103.551697
7956.518555	-104.593269
7961.901855	-106.946342
7967.285156	-106.994316
7972.668457	-107.152611
7978.051758	-106.439110
7983.435059	-104.306229
7988.818359	-103.624504
7994.201660	-104.927505
7999.584961	-104.224548
8004.968262	-104.486832
8010.351562	-106.352684
8015.734863	-106.821579
8021.118164	-106.761894
8026.501465	-106.413757
8031.884766	-106.682014
8037.268066	-106.530975
8042.651367	-105.596443
8048.034668	-106.277901
8053.417969	-107.746712
8058.801270	-106.038811
8064.184570	-104.874596
8069.567871	-105.021164
8074.951172	-105.108261
8080.334473	-106.743477
8085.717773	-106.615150
8091.101074	-105.706413
8096.484375	-106.349274
8101.867676	-105.112350
8107.250977	-105.774612
8112.634277	-106.291199
8118.017578	-106.954361
8123.400879	-106.152832
8128.784180	-105.782272
8134.167480	-104.743080
8139.550781	-103.902245
8144.934082	-104.740929
8150.317383	-105.072105
8155.700684	-106.068665
8161.083984	-107.270119
8166.467285	-107.725441
8171.850586	-106.831207
8177.233887	-103.925209
8182.617188	-103.251526
8188.000488	-104.954407
8193.383789	-106.158134
8198.767090	-106.708519
8204.150391	-106.706398
8209.533691	-107.124153
8214.916992	-106.270409
8220.300293	-107.026558
8225.683594	-107.451294
8231.066895	-106.553642
8236.450195	-106.253128
8241.833496	-107.037514
8247.216797	-107.615234
8252.600098	-106.718346
8257.983398	-105.170784
8263.366699	-106.164970
8268.750000	-107.215546
8274.133301	-106.998787
8279.516602	-106.590607
8284.899902	-106.566162
8290.283203	-107.752434
8295.666504	-107.591858
8301.049805	-107.297462
8306.433105	-106.715340
8311.816406	-106.358406
8317.199707	-105.454308
8322.583008	-105.093620
8327.966309	-106.689545
8333.349609	-108.328537
8338.732910	-106.977112
8344.116211	-105.014153
8349.499512	-104.779213
8354.882812	-106.427536
8360.266113	-107.332176
8365.649414	-105.511330
8371.032715	-106.644463
8376.416016	-107.434479
8381.799316	-108.309914
8387.182617	-107.468353
8392.565918	-106.609848
8397.949219	-105.304214
8403.332520	-105.614731
8408.715820	-106.485626
8414.099121	-106.941406
8419.482422	-107.921730
8424.865723	-108.729614
8430.249023	-107.841789
8435.632324	-107.406548
8441.015625	-106.603516
8446.398926	-105.729088
8451.782227	-105.835587
8457.165527	-107.401749
8462.548828	-108.123238
8467.932129	-106.813065
8473.315430	-106.748947
8478.698730	-106.589485
8484.082031	-105.875580
8489.465332	-107.310364
8494.848633	-107.628571
8500.231934	-107.235390
8505.615234	-107.470055
8510.998535	-108.070892
8516.381836	-107.372162
8521.765137	-106.421188
8527.148438	-105.495369
8532.531738	-105.163620
8537.915039	-106.234566
8543.298340	-107.484001
8548.681641	-107.869278
8554.064941	-107.000282
8559.448242	-108.068268
8564.831543	-107.606346
8570.214844	-106.170670
8575.598145	-105.720375
8580.981445	-105.434792
8586.364746	-104.848969
8591.748047	-105.103592
8597.131348	-104.946854
8602.514648	-106.651657
8607.897949	-108.367004
8613.281250	-108.973137
8618.664551	-108.626228
8624.047852	-107.551849
8629.431152	-106.947891
8634.814453	-105.892570
8640.197754	-105.064758
8645.581055	-107.905128
8650.964355	-107.072525
8656.347656	-105.995583
8661.730957	-106.021881
8667.114258	-107.902245
8672.497559	-108.737785
8677.880859	-107.568977
8683.264160	-107.990829
8688.647461	-108.569778
8694.030762	-109.120872
8699.414062	-106.814278
8704.797363	-107.060493
8710.180664	-108.390892
8715.563965	-105.554863
8720.947266	-106.103394
8726.330566	-105.723450
8731.713867	-106.339325
8737.097168	-108.776405
8742.480469	-105.064720
8747.863770	-104.188988
8753.247070	-107.125648
8758.630371	-106.898132
8764.013672	-107.262390
8769.396973	-107.218170
8774.780273	-108.178993
8780.163574	-108.336807
8785.546875	-107.664398
8790.930176	-106.544403
8796.313477	-106.823006
8801.696777	-107.687637
8807.080078	-108.544579
8812.463379	-108.888763
8817.846680	-107.750748
8823.229980	-105.279953
8828.613281	-105.375725
8833.996582	-106.592819
8839.379883	-107.831688
8844.763184	-107.580521
8850.146484	-107.032181
8855.529785	-107.428909
8860.913086	-107.696289
8866.296387	-106.466049
8871.679688	-106.776009
8877.062988	-108.293831
8882.446289	-108.238365
8887.829590	-107.516586
8893.212891	-106.420921
8898.596191	-105.363113
8903.979492	-106.461937
8909.362793	-107.900764
8914.746094	-105.521095
8920.129395	-104.644897
8925.512695	-105.254471
8930.895996	-108.324478
8936.279297	-109.103401
8941.662598	-107.952240
8947.045898	-107.578293
8952.429199	-108.321693
8957.812500	-108.762993
8963.195801	-106.810509
8968.579102	-106.241585
8973.962402	-109.258110
8979.345703	-106.940735
8984.729004	-106.607971
8990.112305	-108.470039
8995.495605	-107.539398
9000.878906	-108.651390
9006.262207	-107.537773
9011.645508	-107.747597
9017.028809	-108.293434
9022.412109	-107.065643
9027.795410	-106.478539
9033.178711	-107.281975
9038.562012	-106.574570
9043.945312	-106.019020
9049.328613	-106.933609
9054.711914	-108.023117
9060.095215	-106.484863
9065.478516	-106.564751
9070.861816	-108.526131
9076.245117	-108.171738
9081.628418	-108.204033
9087.011719	-107.107391
9092.395020	-107.654251
9097.778320	-108.319275
9103.161621	-107.352676
9108.544922	-106.768318
9113.928223	-106.544754
9119.311523	-107.814087
9124.694824	-108.570847
9130.078125	-107.540398
9135.461426	-107.009583
9140.844727	-106.866173
9146.228027	-106.168037
9151.611328	-105.613136
9156.994629	-108.224464
9162.377930	-106.419189
9167.761230	-106.389618
9173.144531	-107.863678
9178.527832	-106.383766
9183.911133	-105.168427
9189.294434	-105.168488
9194.677734	-106.615906
9200.061035	-107.628922
9205.444336	-107.098732
9210.827637	-106.345078
9216.210938	-108.143082
9221.594238	-107.386238
9226.977539	-107.444672
9232.360840	-107.122787
9237.744141	-108.341072
9243.127441	-107.632767
9248.510742	-106.847359
9253.894043	-106.175003
9259.277344	-105.211876
9264.660645	-105.576302
9270.043945	-106.327965
9275.427246	-106.556564
9280.810547	-107.027222
9286.193848	-107.580971
9291.577148	-107.816055
9296.960449	-107.211044
9302.343750	-106.704407
9307.727051	-106.786224
9313.110352	-105.218552
9318.493652	-106.796356
9323.876953	-108.719765
9329.260254	-107.739967
9334.643555	-105.736496
9340.026855	-106.523277
9345.410156	-109.196915
9350.793457	-107.696609
9356.176758	-108.915207
9361.560059	-109.275917
9366.943359	-108.869843
9372.326660	-107.865158
9377.709961	-109.060570
9383.093262	-108.581642
9388.476562	-106.981064
9393.859863	-104.808441
9399.243164	-105.163589
9404.626465	-108.273903
9410.009766	-107.699806
9415.393066	-107.498528
9420.776367	-107.809525
9426.159668	-107.809349
9431.542969	-108.072319
9436.926270	-107.168449
9442.309570	-106.738495
9447.692871	-105.611145
9453.076172	-104.976295
9458.459473	-106.823196
9463.842773	-108.835762
9469.226074	-107.364380
9474.609375	-106.133186
9479.992676	-107.525528
9485.375977	-109.228569
9490.759277	-107.251602
9496.142578	-108.280922
9501.525879	-107.434914
9506.909180	-105.493362
9512.292480	-107.342850
9517.675781	-107.394684
9523.059082	-106.965897
9528.442383	-106.685890
9533.825684	-106.602951
9539.208984	-106.732620
9544.592285	-107.229416
9549.975586	-108.321945
9555.358887	-105.343346
9560.742188	-104.869415
9566.125488	-108.312584
9571.508789	-106.544510
9576.892090	-106.574326
9582.275391	-109.311882
9587.658691	-108.778076
9593.041992	-108.369347
9598.425293	-108.227173
9603.808594	-107.971901
9609.191895	-107.401711
9614.575195	-108.080475
9619.958496	-108.816048
9625.341797	-107.355629
9630.725098	-106.531624
9636.108398	-106.774544
9641.491699	-105.229836
9646.875000	-106.217384
9652.258301	-108.182594
9657.641602	-109.377075
9663.024902	-108.842453
9668.408203	-108.420021
9673.791504	-106.962921
9679.174805	-106.722488
9684.558105	-107.724815
9689.941406	-106.922470
9695.324707	-106.607620
9700.708008	-107.194283
9706.091309	-107.450539
9711.474609	-106.148964
9716.857910	-106.227707
9722.241211	-105.872139
9727.624512	-104.298599
9733.007812	-104.547829
9738.391113	-106.620888
9743.774414	-108.835327
9749.157715	-108.495369
9754.541016	-107.901924
9759.924316	-108.005585
9765.307617	-107.329414
9770.690918	-108.234123
9776.074219	-109.260094
9781.457520	-109.642685
9786.840820	-107.453331
9792.224121	-106.279114
9797.607422	-108.511124
9802.990723	-108.390297
9808.374023	-107.618919
9813.757324	-108.391350
9819.140625	-109.187225
9824.523926	-107.600586
9829.907227	-107.397568
9835.290527	-107.380554
9840.673828	-108.374603
9846.057129	-109.151978
9851.440430	-109.312614
9856.823730	-108.672096
9862.207031	-106.147530
9867.590332	-104.934319
9872.973633	-106.556732
9878.356934	-107.580566
9883.740234	-107.136902
9889.123535	-109.020279
9894.506836	-107.338402
9899.890137	-106.339119
9905.273438	-106.851402
9910.656738	-107.002327
9916.040039	-107.318039
9921.423340	-108.822617
9926.806641	-106.184189
9932.189941	-105.113419
9937.573242	-107.630531
9942.956543	-109.116776
9948.339844	-109.232300
9953.723145	-108.069069
9959.106445	-105.247337
9964.489746	-106.728294
9969.873047	-108.191544
9975.256348	-108.386452
9980.639648	-109.439079
9986.022949	-109.924866
9991.406250	-108.029404
9996.789551	-106.522102
10002.172852	-106.911369
10007.556152	-108.973381
10012.939453	-106.268394
10018.322754	-105.639038
10023.706055	-106.901886
10029.089355	-108.880188
10034.472656	-109.072563
10039.855957	-109.242813
10045.239258	-109.429901
10050.622559	-109.473259
10056.005859	-108.934006
10061.389160	-106.458153
10066.772461	-106.658859
10072.155762	-110.006226
10077.539062	-110.465874
10082.922363	-109.620636
10088.305664	-107.360825
10093.688965	-106.755066
10099.072266	-107.854370
10104.455566	-109.950577
10109.838867	-107.529846
10115.222168	-108.137520
10120.605469	-108.066895
10125.988770	-105.348267
10131.372070	-106.443230
10136.755371	-109.993500
10142.138672	-109.249466
10147.521973	-109.103706
10152.905273	-108.979691
10158.288574	-106.886292
10163.671875	-106.414413
10169.055176	-107.543854
10174.438477	-106.126244
10179.821777	-104.626846
10185.205078	-107.849136
10190.588379	-108.216972
10195.971680	-108.336922
10201.354980	-107.785606
10206.738281	-107.628937
10212.121582	-106.981445
10217.504883	-105.964920
10222.888184	-105.869698
10228.271484	-105.461792
10233.654785	-104.602158
10239.038086	-105.583763
10244.421387	-105.673561
10249.804688	-105.627647
10255.187988	-106.827141
10260.571289	-106.735054
10265.954590	-107.027184
10271.337891	-106.871918
10276.721191	-106.220009
10282.104492	-107.415375
10287.487793	-107.350266
10292.871094	-108.678047
10298.254395	-109.425346
10303.637695	-109.721840
10309.020996	-106.834366
10314.404297	-107.079376
10319.787598	-109.657539
10325.170898	-106.868912
10330.554199	-107.181847
10335.937500	-108.853851
10341.320801	-108.208435
10346.704102	-107.408226
10352.087402	-109.108887
10357.470703	-108.651993
10362.854004	-108.426552
10368.237305	-107.875259
10373.620605	-107.575615
10379.003906	-107.966858
10384.387207	-94.185799
10389.770508	-89.170128
10395.153809	-97.840599
10400.537109	-105.204193
10405.920410	-107.035721
10411.303711	-109.122299
10416.687012	-107.500992
10422.070312	-107.968925
10427.453613	-108.682945
10432.836914	-108.160217
10438.220215	-108.773415
10443.603516	-108.488182
10448.986816	-108.891640
10454.370117	-108.910500
10459.753418	-108.872742
10465.136719	-107.717140
10470.520020	-107.542870
10475.903320	-108.519409
10481.286621	-106.838646
10486.669922	-105.561256
10492.053223	-106.584557
10497.436523	-108.683952
10502.819824	-104.614700
10508.203125	-103.400658
10513.586426	-105.889648
10518.969727	-109.823792
10524.353027	-108.357681
10529.736328	-108.889221
10535.119629	-108.006310
10540.502930	-106.334625
10545.886230	-108.042221
10551.269531	-107.443680
10556.652832	-108.027687
10562.036133	-110.205162
10567.419434	-107.413742
10572.802734	-107.495789
10578.186035	-107.820015
10583.569336	-107.270485
10588.952637	-109.965385
10594.335938	-109.911484
10599.719238	-109.042419
10605.102539	-107.276054
10610.485840	-107.934509
10615.869141	-107.686211
10621.252441	-109.884132
10626.635742	-110.365852
10632.019043	-110.424232
10637.402344	-108.892845
10642.785645	-108.157051
10648.168945	-107.455521
10653.552246	-105.003792
10658.935547	-106.694557
10664.318848	-108.816223
10669.702148	-107.893494
10675.085449	-108.613968
10680.468750	-106.856972
10685.852051	-107.529144
10691.235352	-109.154442
10696.618652	-107.460129
10702.001953	-107.025291
10707.385254	-107.654175
10712.768555	-108.438446
10718.151855	-108.235199
10723.535156	-108.784973
10728.918457	-109.751968
10734.301758	-107.579300
10739.685059	-108.106499
10745.068359	-107.504395
10750.451660	-105.919136
10755.834961	-106.594376
10761.218262	-106.676460
10766.601562	-106.169830
10771.984863	-106.331917
10777.368164	-105.852119
10782.751465	-107.093018
10788.134766	-108.971672
10793.518066	-109.450325
10798.901367	-109.939445
10804.284668	-109.948540
10809.667969	-109.430084
10815.051270	-108.224602
10820.434570	-107.475304
10825.817871	-107.245834
10831.201172	-108.058144
10836.584473	-109.563423
10841.967773	-110.087433
10847.351074	-108.000549
10852.734375	-109.215019
10858.117676	-109.840164
10863.500977	-109.907143
10868.884277	-110.216484
10874.267578	-110.052979
10879.650879	-111.763924
10885.034180	-108.967934
10890.417480	-107.711288
10895.800781	-109.885567
10901.184082	-109.802734
10906.567383	-106.268272
10911.950684	-108.201660
10917.333984	-110.610504
10922.717285	-109.370209
10928.100586	-110.619972
10933.483887	-110.644852
10938.867188	-109.707130
10944.250488	-110.900993
10949.633789	-110.432335
10955.017090	-107.054718
10960.400391	-106.120880
10965.783691	-108.190346
10971.166992	-111.853836
10976.550293	-110.150772
10981.933594	-109.538368
10987.316895	-109.979477
10992.700195	-110.238670
10998.083496	-109.556969
11003.466797	-109.076942
11008.850098	-110.046135
11014.233398	-111.476433
11019.616699	-110.651711
11025.000000	-110.479729
11030.383301	-111.177643
11035.766602	-109.826149
11041.149902	-107.836594
11046.533203	-107.617683
11051.916504	-107.079887
11057.299805	-106.991127
11062.683105	-107.761162
11068.066406	-107.650467
11073.449707	-107.875282
11078.833008	-109.542152
11084.216309	-109.015816
11089.599609	-108.608131
11094.982910	-107.906807
11100.366211	-108.744537
11105.749512	-109.920700
11111.132812	-110.501122
11116.516113	-109.894089
11121.899414	-109.741516
11127.282715	-108.350372
11132.666016	-105.809189
11138.049316	-106.210793
11143.432617	-109.936905
11148.815918	-111.334549
11154.199219	-111.237587
11159.582520	-111.045403
11164.965820	-109.915894
11170.349121	-109.496384
11175.732422	-109.738937
11181.115723	-110.389885
11186.499023	-111.134308
11191.882324	-110.954109
11197.265625	-110.484314
11202.648926	-109.352730
11208.032227	-108.668999
11213.415527	-109.717766
11218.798828	-110.328354
11224.182129	-108.761246
11229.565430	-105.940636
11234.948730	-107.823418
11240.332031	-109.252068
11245.715332	-107.297943
11251.098633	-108.220146
11256.481934	-108.472221
11261.865234	-108.028625
11267.248535	-107.637970
11272.631836	-106.684547
11278.015137	-107.105003
11283.398438	-108.029335
11288.781738	-109.554825
11294.165039	-109.396942
11299.548340	-109.452820
11304.931641	-109.440430
11310.314941	-110.162956
11315.698242	-111.038620
11321.081543	-110.506981
11326.464844	-108.941444
11331.848145	-110.122169
11337.231445	-110.741074
11342.614746	-110.839882
11347.998047	-108.323135
11353.381348	-107.127121
11358.764648	-109.932724
11364.147949	-112.266800
11369.531250	-111.609383
11374.914551	-109.963379
11380.297852	-110.272499
11385.681152	-111.277718
11391.064453	-109.363861
11396.447754	-109.588638
11401.831055	-111.657928
11407.214355	-111.073509
11412.597656	-108.503899
11417.980957	-109.270477
11423.364258	-111.402008
11428.747559	-110.666710
11434.130859	-110.070862
11439.514160	-109.130768
11444.897461	-108.856316
11450.280762	-109.855820
11455.664062	-109.120583
11461.047363	-109.472984
11466.430664	-109.510193
11471.813965	-109.558533
11477.197266	-110.360672
11482.580566	-110.563652
11487.963867	-110.252357
11493.347168	-110.286560
11498.730469	-110.504128
11504.113770	-110.128319
11509.497070	-110.247032
11514.880371	-110.357483
11520.263672	-110.882935
11525.646973	-110.853844
11531.030273	-110.946960
11536.413574	-110.066612
11541.796875	-110.665314
11547.180176	-111.673241
11552.563477	-111.909897
11557.946777	-111.319901
11563.330078	-109.876289
11568.713379	-110.382988
11574.096680	-111.357117
11579.479980	-111.969696
11584.863281	-111.822067
11590.246582	-111.950363
11595.629883	-111.347786
11601.013184	-110.502876
11606.396484	-110.583923
11611.779785	-111.074867
11617.163086	-110.964203
11622.546387	-110.251503
11627.929688	-110.514854
11633.312988	-111.354782
11638.696289	-109.666183
11644.079590	-107.349075
11649.462891	-107.034363
11654.846191	-109.841583
11660.229492	-111.927193
11665.612793	-111.093735
11670.996094	-110.743446
11676.379395	-109.778046
11681.762695	-107.877586
11687.145996	-109.024437
11692.529297	-109.562820
11697.912598	-110.201073
11703.295898	-110.319244
11708.679199	-110.882904
11714.062500	-109.923340
11719.445801	-108.320229
11724.829102	-109.847809
11730.212402	-111.364693
11735.595703	-111.077477
11740.979004	-109.712502
11746.362305	-110.089188
11751.745605	-111.037392
11757.128906	-110.912651
11762.512207	-110.631371
11767.895508	-110.690170
11773.278809	-110.372620
11778.662109	-109.717285
11784.045410	-109.326103
11789.428711	-107.278992
11794.812012	-109.184669
11800.195312	-111.112259
11805.578613	-111.535233
11810.961914	-110.951828
11816.345215	-109.324936
11821.728516	-110.179604
11827.111816	-111.415276
11832.495117	-110.913956
11837.878418	-110.193352
11843.261719	-109.642242
11848.645020	-109.365906
11854.028320	-109.614487
11859.411621	-110.624123
11864.794922	-110.726295
11870.178223	-109.868568
11875.561523	-110.624878
11880.944824	-108.885582
11886.328125	-110.928085
11891.711426	-111.246063
11897.094727	-110.696777
11902.478027	-110.165764
11907.861328	-109.672066
11913.244629	-109.344070
11918.627930	-108.914551
11924.011230	-109.611916
11929.394531	-110.033485
11934.777832	-109.784683
11940.161133	-109.966240
11945.544434	-110.592834
11950.927734	-110.922256
11956.311035	-110.471451
11961.694336	-109.793640
11967.077637	-109.048561
11972.460938	-110.247154
11977.844238	-110.524269
11983.227539	-109.634331
11988.610840	-108.995613
11993.994141	-110.503738
11999.377441	-110.606133
12004.760742	-108.841362
12010.144043	-107.835678
12015.527344	-108.510399
12020.910645	-109.760483
12026.293945	-109.565804
12031.677246	-110.403275
12037.060547	-110.067505
12042.443848	-109.440628
12047.827148	-110.928856
12053.210449	-110.839470
12058.593750	-111.257530
12063.977051	-111.879051
12069.360352	-111.220985
12074.743652	-111.266792
12080.126953	-109.482613
12085.510254	-109.095573
12090.893555	-109.523026
12096.276855	-109.697205
12101.660156	-111.111443
12107.043457	-110.594269
12112.426758	-110.101715
12117.810059	-109.191521
12123.193359	-110.095802
12128.576660	-111.561905
12133.959961	-110.870598
12139.343262	-110.751282
12144.726562	-110.948952
12150.109863	-110.848442
12155.493164	-110.993294
12160.876465	-111.177650
12166.259766	-111.164230
12171.643066	-110.298363
12177.026367	-110.311722
12182.409668	-110.745537
12187.792969	-110.122620
12193.176270	-110.095924
12198.559570	-110.704834
12203.942871	-111.361710
12209.326172	-110.834862
12214.709473	-110.058815
12220.092773	-110.997726
12225.476074	-111.133598
12230.859375	-110.918343
12236.242676	-110.880127
12241.625977	-111.378059
12247.009277	-111.893692
12252.392578	-111.298485
12257.775879	-111.330185
12263.159180	-111.366333
12268.542480	-108.688744
12273.925781	-106.898018
12279.309082	-109.055664
12284.692383	-110.956886
12290.075684	-110.885429
12295.458984	-110.509850
12300.842285	-110.356125
12306.225586	-109.588951
12311.608887	-109.870552
12316.992188	-110.179085
12322.375488	-110.996239
12327.758789	-111.444038
12333.142090	-111.340851
12338.525391	-110.878632
12343.908691	-110.391319
12349.291992	-109.990120
12354.675293	-109.689011
12360.058594	-109.702507
12365.441895	-109.656731
12370.825195	-111.248970
12376.208496	-112.011063
12381.591797	-111.948906
12386.975098	-111.769745
12392.358398	-112.119850
12397.741699	-111.632210
12403.125000	-111.193825
12408.508301	-111.767838
12413.891602	-112.111404
12419.274902	-110.464867
12424.658203	-109.150955
12430.041504	-109.802139
12435.424805	-109.895081
12440.808105	-110.354416
12446.191406	-111.602859
12451.574707	-111.998627
12456.958008	-111.608139
12462.341309	-111.583817
12467.724609	-111.072739
12473.107910	-110.417969
12478.491211	-110.691246
12483.874512	-110.363754
12489.257812	-110.206627
12494.641113	-112.409882
12500.024414	-112.108643
12505.407715	-111.582642
12510.791016	-111.014938
12516.174316	-110.771767
12521.557617	-110.182045
12526.940918	-108.981079
12532.324219	-108.672295
12537.707520	-110.864166
12543.090820	-110.827797
12548.474121	-110.618668
12553.857422	-111.354370
12559.240723	-111.699051
12564.624023	-111.990517
12570.007324	-111.854591
12575.390625	-112.100380
12580.773926	-111.900566
12586.157227	-111.525002
12591.540527	-111.762199
12596.923828	-111.604965
12602.307129	-111.246811
12607.690430	-110.629753
12613.073730	-109.663223
12618.457031	-109.879211
12623.840332	-110.234512
12629.223633	-111.296165
12634.606934	-110.984985
12639.990234	-110.673996
12645.373535	-112.029343
12650.756836	-111.827797
12656.140137	-112.380020
12661.523438	-112.053795
12666.906738	-111.964340
12672.290039	-112.047203
12677.673340	-111.164825
12683.056641	-111.547699
12688.439941	-111.183922
12693.823242	-111.377914
12699.206543	-111.750786
12704.589844	-111.474861
12709.973145	-111.557808
12715.356445	-111.290901
12720.739746	-112.227142
12726.123047	-112.855934
12731.506348	-112.079872
12736.889648	-112.552460
12742.272949	-112.346985
12747.656250	-112.150551
12753.039551	-112.077370
12758.422852	-111.929832
12763.806152	-112.230583
12769.189453	-111.951126
12774.572754	-112.063911
12779.956055	-111.897469
12785.339355	-111.837555
12790.722656	-112.812393
12796.105957	-112.579010
12801.489258	-112.467735
12806.872559	-112.410721
12812.255859	-113.078232
12817.639160	-112.608047
12823.022461	-112.527534
12828.405762	-112.598236
12833.789062	-112.445953
12839.172363	-111.995125
12844.555664	-111.986832
12849.938965	-112.138596
12855.322266	-112.960587
12860.705566	-112.841293
12866.088867	-112.030670
12871.472168	-110.309296
12876.855469	-111.157616
12882.238770	-111.653580
12887.622070	-111.184921
12893.005371	-111.835030
12898.388672	-112.210358
12903.771973	-112.255821
12909.155273	-113.089844
12914.538574	-112.645195
12919.921875	-112.887939
12925.305176	-112.423302
12930.688477	-112.595512
12936.071777	-112.271599
12941.455078	-112.196114
12946.838379	-112.649734
12952.221680	-112.590683
12957.604980	-110.879066
12962.988281	-110.208275
12968.371582	-110.842911
12973.754883	-110.739143
12979.138184	-110.160156
12984.521484	-110.838181
12989.904785	-111.820686
12995.288086	-112.609459
13000.671387	-112.532227
13006.054688	-112.154747
13011.437988	-111.748253
13016.821289	-111.881523
13022.204590	-112.304108
13027.587891	-112.234436
13032.971191	-111.925247
13038.354492	-112.825836
13043.737793	-112.742531
13049.121094	-113.319000
13054.504395	-113.495071
13059.887695	-112.885277
13065.270996	-112.650139
13070.654297	-112.631302
13076.037598	-112.867767
13081.420898	-112.763466
13086.804199	-112.821106
13092.187500	-112.887054
13097.570801	-113.083878
13102.954102	-113.187241
13108.337402	-112.876663
13113.720703	-110.450371
13119.104004	-109.651535
13124.487305	-112.383354
13129.870605	-112.766357
13135.253906	-112.546478
13140.637207	-112.485397
13146.020508	-112.806740
13151.403809	-112.360741
13156.787109	-111.914719
13162.170410	-112.284081
13167.553711	-112.658936
13172.937012	-112.135666
13178.320312	-112.819145
13183.703613	-112.796844
13189.086914	-112.308594
13194.470215	-112.671722
13199.853516	-112.040924
13205.236816	-112.063828
13210.620117	-111.472351
13216.003418	-112.774948
13221.386719	-112.983398
13226.770020	-112.184128
13232.153320	-110.944717
13237.536621	-109.328560
13242.919922	-110.032318
13248.303223	-111.131599
13253.686523	-111.113029
13259.069824	-109.364853
13264.453125	-109.193932
13269.836426	-111.511467
13275.219727	-111.640129
13280.603027	-110.291817
13285.986328	-110.433311
13291.369629	-111.989906
13296.752930	-112.487343
13302.136230	-110.604050
13307.519531	-110.710716
13312.902832	-112.125885
13318.286133	-112.711700
13323.669434	-112.144257
13329.052734	-111.004364
13334.436035	-111.210312
13339.819336	-111.997032
13345.202637	-112.258675
13350.585938	-111.759552
13355.969238	-110.670532
13361.352539	-111.055923
13366.735840	-112.148247
13372.119141	-112.124199
13377.502441	-112.152496
13382.885742	-112.229584
13388.269043	-111.941383
13393.652344	-111.867546
13399.035645	-112.163231
13404.418945	-112.512886
13409.802246	-112.706421
13415.185547	-112.963730
13420.568848	-112.515640
13425.952148	-112.742157
13431.335449	-112.412819
13436.718750	-112.243187
13442.102051	-112.421600
13447.485352	-112.944138
13452.868652	-112.725929
13458.251953	-112.508476
13463.635254	-111.474564
13469.018555	-109.313217
13474.401855	-110.660835
13479.785156	-111.952446
13485.168457	-111.407303
13490.551758	-111.312050
13495.935059	-111.937340
13501.318359	-111.872047
13506.701660	-111.103394
13512.084961	-110.623062
13517.468262	-110.668144
13522.851562	-111.363525
13528.234863	-112.619957
13533.618164	-112.890068
13539.001465	-112.323509
13544.384766	-112.286690
13549.768066	-112.252602
13555.151367	-112.104141
13560.534668	-112.630058
13565.917969	-112.170395
13571.301270	-111.886490
13576.684570	-111.740349
13582.067871	-111.599411
13587.451172	-111.234818
13592.834473	-111.126282
13598.217773	-110.963982
13603.601074	-110.352104
13608.984375	-110.279381
13614.367676	-110.564507
13619.750977	-110.922241
13625.134277	-111.297195
13630.517578	-111.958290
13635.900879	-112.194511
13641.284180	-112.031700
13646.667480	-111.358421
13652.050781	-111.570572
13657.434082	-111.994431
13662.817383	-111.369438
13668.200684	-110.928696
13673.583984	-110.671135
13678.967285	-111.035126
13684.350586	-111.899429
13689.733887	-112.234993
13695.117188	-112.042839
13700.500488	-111.756836
13705.883789	-111.465538
13711.267090	-110.519775
13716.650391	-110.135597
13722.033691	-110.088448
13727.416992	-110.957703
13732.800293	-111.859924
13738.183594	-111.104149
13743.566895	-111.667091
13748.950195	-111.567627
13754.333496	-110.589577
13759.716797	-111.271713
13765.100098	-111.507301
13770.483398	-110.852615
13775.866699	-110.297806
13781.250000	-111.280739
13786.633301	-111.711769
13792.016602	-111.444633
13797.399902	-110.552879
13802.783203	-110.193573
13808.166504	-110.344658
13813.549805	-110.596260
13818.933105	-110.816605
13824.316406	-110.462997
13829.699707	-110.696495
13835.083008	-109.463966
13840.466309	-108.718559
13845.849609	-98.344780
13851.232910	-97.479454
13856.616211	-107.424492
13861.999512	-110.855072
13867.382812	-110.725754
13872.766113	-110.476357
13878.149414	-110.539551
13883.532715	-111.003296
13888.916016	-110.723434
13894.299316	-110.243370
13899.682617	-110.333458
13905.065918	-110.570755
13910.449219	-111.304024
13915.832520	-111.306755
13921.215820	-111.109154
13926.599121	-111.180847
13931.982422	-110.795731
13937.365723	-111.739937
13942.749023	-111.327568
13948.132324	-110.522003
13953.515625	-110.980591
13958.898926	-111.598656
13964.282227	-110.418579
13969.665527	-110.482788
13975.048828	-111.201538
13980.432129	-110.579010
13985.815430	-109.965218
13991.198730	-110.477928
13996.582031	-110.879463
14001.965332	-109.745224
14007.348633	-108.227539
14012.731934	-110.329208
14018.115234	-109.372536
14023.498535	-110.558937
14028.881836	-110.702927
14034.265137	-109.829323
14039.648438	-108.604515
14045.031738	-109.932465
14050.415039	-111.335320
14055.798340	-110.805222
14061.181641	-110.502373
14066.564941	-110.099709
14071.948242	-109.689331
14077.331543	-110.235397
14082.714844	-110.395782
14088.098145	-110.502846
14093.481445	-109.673180
14098.864746	-108.886314
14104.248047	-109.791969
14109.631348	-110.603065
14115.014648	-110.317101
14120.397949	-110.417892
14125.781250	-110.735695
14131.164551	-111.242165
14136.547852	-110.731918
14141.931152	-110.337234
14147.314453	-111.137306
14152.697754	-111.309715
14158.081055	-111.069801
14163.464355	-110.554840
14168.847656	-109.841522
14174.230957	-109.452545
14179.614258	-109.993965
14184.997559	-109.973068
14190.380859	-109.679634
14195.764160	-109.535477
14201.147461	-109.921616
14206.530762	-109.513062
14211.914062	-109.563423
14217.297363	-110.361008
14222.680664	-111.236198
14228.063965	-109.711342
14233.447266	-108.648605
14238.830566	-108.017693
14244.213867	-109.875977
14249.597168	-110.393166
14254.980469	-110.310158
14260.363770	-110.565445
14265.747070	-109.794266
14271.130371	-109.511444
14276.513672	-110.260803
14281.896973	-109.880119
14287.280273	-109.485336
14292.663574	-109.146790
14298.046875	-109.004951
14303.430176	-109.575943
14308.813477	-110.042809
14314.196777	-110.167496
14319.580078	-109.719551
14324.963379	-109.676376
14330.346680	-109.662674
14335.729980	-108.783104
14341.113281	-109.514801
14346.496582	-110.276505
14351.879883	-109.642014
14357.263184	-109.771935
14362.646484	-110.414894
14368.029785	-110.514214
14373.413086	-110.435387
14378.796387	-110.419044
14384.179688	-109.547600
14389.562988	-109.333969
14394.946289	-109.937027
14400.329590	-108.011986
14405.712891	-108.249130
14411.096191	-109.333023
14416.479492	-109.602539
14421.862793	-109.438225
14427.246094	-109.851875
14432.629395	-109.643494
14438.012695	-109.597427
14443.395996	-110.057449
14448.779297	-111.000946
14454.162598	-110.797707
14459.545898	-110.169716
14464.929199	-109.936905
14470.312500	-109.768387
14475.695801	-110.019485
14481.079102	-110.474388
14486.462402	-110.574112
14491.845703	-109.556961
14497.229004	-109.420052
14502.612305	-108.884750
14507.995605	-109.499451
14513.378906	-109.883026
14518.762207	-109.243744
14524.145508	-109.707024
14529.528809	-109.617714
14534.912109	-109.656456
14540.295410	-109.433449
14545.678711	-109.926422
14551.062012	-110.174881
14556.445312	-108.277237
14561.828613	-108.478859
14567.211914	-109.754608
14572.595215	-109.489944
14577.978516	-108.642609
14583.361816	-108.299232
14588.745117	-108.468231
14594.128418	-108.646454
14599.511719	-109.326759
14604.895020	-109.798515
14610.278320	-109.677956
14615.661621	-109.121452
14621.044922	-109.091934
14626.428223	-109.584564
14631.811523	-109.536530
14637.194824	-109.482872
14642.578125	-109.518990
14647.961426	-109.114548
14653.344727	-108.921463
14658.728027	-109.299316
14664.111328	-109.757240
14669.494629	-108.815552
14674.877930	-108.284515
14680.261230	-108.422348
14685.644531	-108.653496
14691.027832	-108.964958
14696.411133	-108.925926
14701.794434	-109.157211
14707.177734	-108.934113
14712.561035	-108.971481
14717.944336	-108.050354
14723.327637	-108.832512
14728.710938	-108.897057
14734.094238	-108.183685
14739.477539	-108.478043
14744.860840	-108.277290
14750.244141	-108.849091
14755.627441	-108.824341
14761.010742	-108.662956
14766.394043	-109.341278
14771.777344	-107.427460
14777.160645	-107.097412
14782.543945	-108.211258
14787.927246	-109.460258
14793.310547	-109.082863
14798.693848	-108.394333
14804.077148	-108.750931
14809.460449	-109.200424
14814.843750	-109.934563
14820.227051	-109.567039
14825.610352	-108.768776
14830.993652	-108.183617
14836.376953	-108.014778
14841.760254	-108.286339
14847.143555	-108.291138
14852.526855	-109.445724
14857.910156	-108.683449
14863.293457	-108.481125
14868.676758	-108.522209
14874.060059	-107.945282
14879.443359	-108.130074
14884.826660	-108.388702
14890.209961	-109.134346
14895.593262	-109.535454
14900.976562	-109.419357
14906.359863	-108.611504
14911.743164	-109.332947
14917.126465	-108.742462
14922.509766	-109.148621
14927.893066	-108.378777
14933.276367	-107.391510
14938.659668	-107.753311
14944.042969	-107.617264
14949.426270	-108.246971
14954.809570	-108.995476
14960.192871	-109.169563
14965.576172	-108.833122
14970.959473	-109.087326
14976.342773	-109.135063
14981.726074	-108.416214
14987.109375	-108.641418
14992.492676	-108.938232
14997.875977	-109.029556
15003.259277	-108.187088
15008.642578	-107.537689
15014.025879	-107.915062
15019.409180	-108.173599
15024.792480	-107.842949
15030.175781	-107.963783
15035.559082	-107.530159
15040.942383	-108.838623
15046.325684	-109.101250
15051.708984	-108.618286
15057.092285	-108.538956
15062.475586	-108.360252
15067.858887	-108.426491
15073.242188	-108.738716
15078.625488	-108.050186
15084.008789	-107.274925
15089.392090	-107.819603
15094.775391	-107.868317
15100.158691	-108.590263
15105.541992	-108.898903
15110.925293	-108.022400
15116.308594	-107.163673
15121.691895	-107.257729
15127.075195	-108.639496
15132.458496	-109.029808
15137.841797	-108.530998
15143.225098	-108.295769
15148.608398	-108.506592
15153.991699	-108.300804
15159.375000	-108.937691
15164.758301	-108.878273
15170.141602	-107.881638
15175.524902	-107.470146
15180.908203	-107.012199
15186.291504	-107.094055
15191.674805	-107.710808
15197.058105	-108.516975
15202.441406	-108.651993
15207.824707	-108.868187
15213.208008	-108.844360
15218.591309	-108.383636
15223.974609	-108.574287
15229.357910	-108.506393
15234.741211	-108.892891
15240.124512	-108.418503
15245.507812	-107.887703
15250.891113	-107.966705
15256.274414	-108.605560
15261.657715	-107.997910
15267.041016	-108.499512
15272.424316	-108.613144
15277.807617	-109.073463
15283.190918	-108.696800
15288.574219	-108.140038
15293.957520	-108.548386
15299.340820	-107.585922
15304.724121	-107.949509
15310.107422	-108.781418
15315.490723	-107.861809
15320.874023	-107.656944
15326.257324	-108.346962
15331.640625	-108.722359
15337.023926	-108.817482
15342.407227	-108.467194
15347.790527	-108.218513
15353.173828	-108.101143
15358.557129	-108.770615
15363.940430	-108.799049
15369.323730	-108.929497
15374.707031	-108.939095
15380.090332	-108.676491
15385.473633	-108.362061
15390.856934	-108.713722
15396.240234	-108.168587
15401.623535	-108.406548
15407.006836	-108.473450
15412.390137	-108.489464
15417.773438	-108.623276
15423.156738	-108.390701
15428.540039	-108.844009
15433.923340	-108.841171
15439.306641	-108.482208
15444.689941	-108.242775
15450.073242	-107.509071
15455.456543	-107.406158
15460.839844	-107.466568
15466.223145	-107.548859
15471.606445	-108.307732
15476.989746	-108.406395
15482.373047	-108.587578
15487.756348	-105.517578
15493.139648	-102.870804
15498.522949	-106.788223
15503.906250	-108.386337
15509.289551	-108.352798
15514.672852	-107.477379
15520.056152	-107.503281
15525.439453	-107.729507
15530.822754	-107.229202
15536.206055	-107.406975
15541.589355	-107.658852
15546.972656	-108.958481
15552.355957	-108.542572
15557.739258	-107.873604
15563.122559	-107.930038
15568.505859	-108.233887
15573.889160	-108.286263
15579.272461	-108.468231
15584.655762	-108.247925
15590.039062	-108.322464
15595.422363	-108.188202
15600.805664	-108.926041
15606.188965	-109.147659
15611.572266	-108.318794
15616.955566	-108.111656
15622.338867	-108.148087
15627.722168	-108.730392
15633.105469	-108.324692
15638.488770	-108.248466
15643.872070	-108.330467
15649.255371	-108.884132
15654.638672	-108.947266
15660.021973	-108.708412
15665.405273	-108.328400
15670.788574	-108.027969
15676.171875	-108.540840
15681.555176	-108.348221
15686.938477	-108.379005
15692.321777	-108.472740
15697.705078	-108.437103
15703.088379	-107.719765
15708.471680	-106.439018
15713.854980	-107.384308
15719.238281	-107.711754
15724.621582	-108.102448
15730.004883	-107.953819
15735.388184	-108.375443
15740.771484	-108.591393
15746.154785	-109.174301
15751.538086	-109.159714
15756.921387	-108.787338
15762.304688	-108.809547
15767.687988	-107.828049
15773.071289	-108.369751
15778.454590	-108.608307
15783.837891	-108.321877
15789.221191	-108.787872
15794.604492	-108.606667
15799.987793	-108.335457
15805.371094	-108.282593
15810.754395	-108.727890
15816.137695	-108.605881
15821.520996	-107.912216
15826.904297	-108.124054
15832.287598	-108.300339
15837.670898	-108.576202
15843.054199	-109.098396
15848.437500	-108.418587
15853.820801	-108.181366
15859.204102	-107.897797
15864.587402	-107.858665
15869.970703	-107.646217
15875.354004	-108.485947
15880.737305	-109.234535
15886.120605	-108.843567
15891.503906	-108.094276
15896.887207	-108.741127
15902.270508	-108.580650
15907.653809	-108.395935
15913.037109	-109.021873
15918.420410	-109.064079
15923.803711	-109.199097
15929.187012	-107.749184
15934.570312	-107.072151
15939.953613	-107.866547
15945.336914	-108.550430
15950.720215	-109.085358
15956.103516	-109.162239
15961.486816	-108.914467
15966.870117	-108.687592
15972.253418	-109.831047
15977.636719	-109.422256
15983.020020	-111.302620
15988.403320	-113.057793
15993.786621	-116.303352
15999.169922	-121.871094
16004.553223	-126.952728
16009.936523	-129.859604
16015.319824	-128.830292
16020.703125	-128.942642
16026.086426	-130.615295
16031.469727	-130.778580
16036.853027	-130.970810
16042.236328	-130.250000
16047.619629	-130.800003
16053.002930	-131.276413
16058.386230	-131.739578
16063.769531	-131.301605
16069.152832	-131.189072
16074.536133	-131.378021
16079.919434	-131.512741
16085.302734	-131.283691
16090.686035	-131.247421
16096.069336	-131.437271
16101.452637	-131.888000
16106.835938	-131.779526
16112.219238	-131.743088
16117.602539	-131.797958
16122.985840	-131.508881
16128.369141	-131.642670
16133.752441	-131.231674
16139.135742	-131.183258
16144.519043	-132.455811
16149.902344	-131.486542
16155.285645	-132.134598
16160.668945	-131.474564
16166.052246	-132.000732
16171.435547	-131.320557
16176.818848	-131.293793
16182.202148	-131.472717
16187.585449	-131.540833
16192.968750	-131.541702
16198.352051	-131.638779
16203.735352	-131.299576
16209.118652	-132.068192
16214.501953	-131.397125
16219.885254	-132.005478
16225.268555	-131.545212
16230.651855	-131.623734
16236.035156	-131.861755
16241.418457	-131.279816
16246.801758	-131.440414
16252.185059	-131.580215
16257.568359	-131.157593
16262.951660	-131.459076
16268.334961	-131.475311
16273.718262	-131.967422
16279.101562	-131.109619
16284.484863	-131.590912
16289.868164	-131.960068
16295.251465	-131.603226
16300.634766	-131.386215
16306.018066	-131.389908
16311.401367	-131.697952
16316.784668	-131.633362
16322.167969	-130.955978
16327.551270	-131.440536
16332.934570	-131.587189
16338.317871	-131.643402
16343.701172	-131.521133
16349.084473	-132.141937
16354.467773	-131.605698
16359.851074	-131.565308
16365.234375	-131.815170
16370.617676	-131.347687
16376.000977	-131.658249
16381.384277	-131.682358
16386.767578	-131.583145
16392.150879	-132.031677
16397.534180	-131.101852
16402.917480	-131.691010
16408.300781	-131.669830
16413.684082	-131.532852
16419.067383	-131.931656
16424.450684	-131.509430
16429.833984	-132.143631
16435.217285	-131.787231
16440.600586	-131.665558
16445.983887	-131.545593
16451.367188	-131.643478
16456.750488	-131.469696
16462.133789	-130.914810
16467.517090	-132.043472
16472.900391	-130.989258
16478.283691	-131.877365
16483.666992	-131.578964
16489.050293	-131.780212
16494.433594	-131.535583
16499.816895	-131.628922
16505.200195	-131.562592
16510.583496	-131.329300
16515.966797	-131.619110
16521.350098	-132.065659
16526.733398	-131.184875
16532.116699	-131.111725
16537.500000	-131.882584
16542.883301	-131.208145
16548.266602	-131.867645
16553.649902	-131.986786
16559.033203	-131.039352
16564.416504	-131.745224
16569.799805	-131.687805
16575.183105	-131.754990
16580.566406	-131.575180
16585.949707	-131.809235
16591.333008	-131.143097
16596.716309	-131.451172
16602.099609	-131.593887
16607.482910	-131.944794
16612.866211	-131.865417
16618.249512	-131.969101
16623.632812	-132.098175
16629.016113	-131.868530
16634.399414	-131.200516
16639.782715	-131.326004
16645.166016	-131.010330
16650.549316	-131.595947
16655.932617	-131.492508
16661.315918	-132.072052
16666.699219	-131.542709
16672.082520	-131.774536
16677.465820	-131.320923
16682.849121	-131.346878
16688.232422	-131.715698
16693.615723	-131.252121
16698.999023	-132.043533
16704.382324	-131.122055
16709.765625	-131.411194
16715.148926	-131.524353
16720.532227	-131.808075
16725.915527	-131.492126
16731.298828	-132.164856
16736.682129	-131.527542
16742.065430	-131.231766
16747.448730	-131.770340
16752.832031	-131.918594
16758.215332	-131.252411
16763.598633	-131.627472
16768.981934	-131.420944
16774.365234	-131.018539
16779.748535	-131.591431
16785.131836	-132.042282
16790.515137	-131.776367
16795.898438	-131.710373
16801.281738	-131.946014
16806.665039	-131.787399
16812.048340	-131.708572
16817.431641	-132.018356
16822.814941	-132.111832
16828.198242	-131.689941
16833.581543	-131.741089
16838.964844	-131.988632
16844.348145	-131.736038
16849.731445	-131.619858
16855.114746	-131.541565
16860.498047	-131.513458
16865.881348	-131.136490
16871.264648	-131.671570
16876.647949	-131.373611
16882.031250	-131.774857
16887.414551	-131.450836
16892.797852	-131.352859
16898.181152	-132.137283
16903.564453	-131.341171
16908.947754	-132.180801
16914.331055	-131.067947
16919.714355	-131.838043
16925.097656	-131.094940
16930.480957	-131.681732
16935.864258	-131.738327
16941.247559	-131.944977
16946.630859	-131.430130
16952.014160	-131.899475
16957.397461	-131.469315
16962.780762	-131.994095
16968.164062	-131.537750
16973.547363	-131.816574
16978.930664	-131.685165
16984.313965	-131.586334
16989.697266	-131.801529
16995.080566	-131.558273
17000.463867	-131.523331
17005.847168	-131.950012
17011.230469	-131.279297
17016.613770	-131.870880
17021.997070	-131.728516
17027.380371	-132.082901
17032.763672	-131.697937
17038.146973	-131.723007
17043.530273	-131.129105
17048.913574	-131.692566
17054.296875	-131.730820
17059.680176	-131.567505
17065.063477	-131.436234
17070.446777	-131.667542
17075.830078	-131.493195
17081.213379	-131.582275
17086.596680	-131.071793
17091.979980	-131.982162
17097.363281	-131.508606
17102.746582	-131.518188
17108.129883	-131.952148
17113.513184	-131.341248
17118.896484	-131.824509
17124.279785	-131.739548
17129.663086	-132.087555
17135.046387	-131.790161
17140.429688	-131.243546
17145.812988	-131.676819
17151.196289	-131.550064
17156.579590	-131.715530
17161.962891	-131.515671
17167.346191	-132.136307
17172.729492	-131.777405
17178.112793	-131.608261
17183.496094	-131.018234
17188.879395	-131.794830
17194.262695	-131.938828
17199.645996	-131.651733
17205.029297	-131.996201
17210.412598	-131.902084
17215.795898	-131.995010
17221.179199	-131.536789
17226.562500	-131.814941
17231.945801	-131.628830
17237.329102	-131.440872
17242.712402	-131.602203
17248.095703	-131.290253
17253.479004	-131.552536
17258.862305	-132.065399
17264.245605	-131.685425
17269.628906	-131.720383
17275.012207	-131.375092
17280.395508	-131.748444
17285.778809	-131.742828
17291.162109	-131.922531
17296.545410	-131.961075
17301.928711	-131.944504
17307.312012	-131.627029
17312.695312	-132.697723
17318.078613	-131.744415
17323.461914	-131.609604
17328.845215	-132.038025
17334.228516	-132.351715
17339.611816	-131.745468
17344.995117	-131.807892
17350.378418	-131.443604
17355.761719	-131.653397
17361.145020	-132.182129
17366.528320	-131.815384
17371.911621	-131.267044
17377.294922	-131.797745
17382.678223	-131.869446
17388.061523	-132.140945
17393.444824	-131.763931
17398.828125	-131.855362
17404.211426	-131.300873
17409.594727	-131.423172
17414.978027	-131.606140
17420.361328	-131.578979
17425.744629	-131.379730
17431.127930	-131.288742
17436.511230	-131.744003
17441.894531	-131.101807
17447.277832	-131.907669
17452.661133	-131.462082
17458.044434	-132.089661
17463.427734	-131.927811
17468.811035	-131.037842
17474.194336	-131.676590
17479.577637	-131.288116
17484.960938	-131.414062
17490.344238	-131.406876
17495.727539	-131.710449
17501.110840	-131.859955
17506.494141	-132.037308
17511.877441	-131.461227
17517.260742	-131.938049
17522.644043	-132.340652
17528.027344	-131.838470
17533.410645	-131.954788
17538.793945	-131.211502
17544.177246	-131.627243
17549.560547	-132.491684
17554.943848	-132.082657
17560.327148	-131.547012
17565.710449	-131.566238
17571.093750	-131.728561
17576.477051	-131.622406
17581.860352	-131.805252
17587.243652	-131.025696
17592.626953	-132.549606
17598.010254	-131.782181
17603.393555	-131.841507
17608.776855	-132.071823
17614.160156	-131.691101
17619.543457	-131.746948
17624.926758	-131.712494
17630.310059	-131.637238
17635.693359	-131.245102
17641.076660	-131.863281
17646.459961	-131.471451
17651.843262	-131.384979
17657.226562	-131.794586
17662.609863	-131.601135
17667.993164	-132.048233
17673.376465	-131.550629
17678.759766	-131.931641
17684.143066	-131.135269
17689.526367	-131.553680
17694.909668	-131.673080
17700.292969	-131.706451
17705.676270	-131.359512
17711.059570	-131.675140
17716.442871	-131.508057
17721.826172	-131.606644
17727.209473	-132.299789
17732.592773	-131.371201
17737.976074	-132.203308
17743.359375	-131.568329
17748.742676	-131.533401
17754.125977	-132.309433
17759.509277	-131.233414
17764.892578	-131.904037
17770.275879	-131.486710
17775.659180	-131.959152
17781.042480	-131.901352
17786.425781	-131.644287
17791.809082	-131.650726
17797.192383	-131.759003
17802.575684	-131.667343
17807.958984	-131.563629
17813.342285	-131.816544
17818.725586	-132.007095
17824.108887	-131.684357
17829.492188	-131.348495
17834.875488	-132.285095
17840.258789	-131.550491
17845.642090	-131.688965
17851.025391	-131.258896
17856.408691	-131.466614
17861.791992	-131.265900
17867.175293	-131.819611
17872.558594	-131.243591
17877.941895	-131.207153
17883.325195	-131.824905
17888.708496	-131.658524
17894.091797	-131.617081
17899.475098	-131.578018
17904.858398	-131.860519
17910.241699	-131.967361
17915.625000	-132.264282
17921.008301	-132.357635
17926.391602	-132.288925
17931.774902	-131.570007
17937.158203	-131.549713
17942.541504	-131.694046
17947.924805	-132.157120
17953.308105	-131.632996
17958.691406	-131.991516
17964.074707	-131.886124
17969.458008	-131.610077
17974.841309	-131.402740
17980.224609	-132.136444
17985.607910	-131.604340
17990.991211	-132.078293
17996.374512	-131.512543
18001.757812	-131.598267
18007.141113	-131.402496
18012.524414	-131.511261
18017.907715	-131.991333
18023.291016	-132.199585
18028.674316	-131.697754
18034.057617	-132.322922
18039.440918	-131.844467
18044.824219	-131.780243
18050.207520	-131.668365
18055.590820	-131.566147
18060.974121	-131.993591
18066.357422	-131.466248
18071.740723	-131.631042
18077.124023	-131.983398
18082.507324	-131.588165
18087.890625	-131.448151
18093.273926	-131.782425
18098.657227	-131.649033
18104.040527	-131.867981
18109.423828	-131.631119
18114.807129	-131.317749
18120.190430	-131.958603
18125.573730	-131.751831
18130.957031	-131.612534
18136.340332	-131.948242
18141.723633	-131.581619
18147.106934	-131.849640
18152.490234	-131.474930
18157.873535	-131.985641
18163.256836	-131.762573
18168.640137	-131.801788
18174.023438	-131.935455
18179.406738	-131.560638
18184.790039	-131.730820
18190.173340	-131.933533
18195.556641	-132.154480
18200.939941	-131.689056
18206.323242	-132.317429
18211.706543	-131.936386
18217.089844	-131.844727
18222.473145	-131.794464
18227.856445	-131.477081
18233.239746	-131.727615
18238.623047	-131.522079
18244.006348	-132.005997
18249.389648	-131.670273
18254.772949	-131.439346
18260.156250	-131.158157
18265.539551	-131.358749
18270.922852	-131.193726
18276.306152	-131.749466
18281.689453	-132.088547
18287.072754	-131.785629
18292.456055	-131.873596
18297.839355	-131.915527
18303.222656	-131.750610
18308.605957	-131.718597
18313.989258	-131.936066
18319.372559	-131.842346
18324.755859	-131.359344
18330.139160	-131.843811
18335.522461	-132.032669
18340.905762	-131.808228
18346.289062	-131.311310
18351.672363	-131.875290
18357.055664	-131.910843
18362.438965	-131.405365
18367.822266	-131.842834
18373.205566	-131.669846
18378.588867	-131.916580
18383.972168	-131.447006
18389.355469	-131.148956
18394.738770	-131.883469
18400.122070	-131.972855
18405.505371	-132.053467
18410.888672	-132.101410
18416.271973	-132.531433
18421.655273	-131.701431
18427.038574	-132.012619
18432.421875	-131.627930
18437.805176	-131.794601
18443.188477	-132.118042
18448.571777	-131.886292
18453.955078	-132.292450
18459.338379	-131.413452
18464.721680	-131.439041
18470.104980	-131.181259
18475.488281	-131.492996
18480.871582	-131.543564
18486.254883	-131.891418
18491.638184	-131.660217
18497.021484	-132.033997
18502.404785	-131.431107
18507.788086	-131.716949
18513.171387	-132.095734
18518.554688	-131.634506
18523.937988	-131.709488
18529.321289	-131.285843
18534.704590	-131.549713
18540.087891	-131.825745
18545.471191	-131.521912
18550.854492	-131.522385
18556.237793	-131.992340
18561.621094	-131.936615
18567.004395	-132.118042
18572.387695	-131.694092
18577.770996	-131.543549
18583.154297	-131.782166
18588.537598	-131.712082
18593.920898	-131.734024
18599.304199	-131.699875
18604.687500	-131.724365
18610.070801	-131.789047
18615.454102	-131.757874
18620.837402	-132.091599
18626.220703	-131.561890
18631.604004	-132.441101
18636.987305	-132.297501
18642.370605	-131.858383
18647.753906	-132.195297
18653.137207	-131.690369
18658.520508	-132.208832
18663.903809	-131.588882
18669.287109	-131.681061
18674.670410	-131.823288
18680.053711	-131.413986
18685.437012	-131.699066
18690.820312	-131.628082
18696.203613	-131.999573
18701.586914	-131.807510
18706.970215	-131.978134
18712.353516	-132.163116
18717.736816	-131.634445
18723.120117	-131.228653
18728.503418	-131.408630
18733.886719	-131.857086
18739.270020	-132.025162
18744.653320	-131.712158
18750.036621	-131.665863
18755.419922	-131.130051
18760.803223	-131.281693
18766.186523	-131.841980
18771.569824	-131.915924
18776.953125	-131.763794
18782.336426	-132.106949
18787.719727	-131.664719
18793.103027	-131.511795
18798.486328	-132.268051
18803.869629	-131.821243
18809.252930	-131.785141
18814.636230	-132.010468
18820.019531	-131.504013
18825.402832	-132.360565
18830.786133	-131.765350
18836.169434	-131.738892
18841.552734	-131.766373
18846.936035	-131.932068
18852.319336	-131.784027
18857.702637	-131.593628
18863.085938	-131.840256
18868.469238	-131.179047
18873.852539	-131.359985
18879.235840	-131.741791
18884.619141	-132.416855
18890.002441	-131.325806
18895.385742	-131.755478
18900.769043	-131.563370
18906.152344	-132.288391
18911.535645	-131.748154
18916.918945	-131.604889
18922.302246	-131.952026
18927.685547	-132.002182
18933.068848	-131.774658
18938.452148	-131.430023
18943.835449	-131.295273
18949.218750	-131.920319
18954.602051	-131.959259
18959.985352	-131.937668
18965.368652	-132.032013
18970.751953	-131.742081
18976.135254	-131.835602
18981.518555	-131.749741
18986.901855	-131.486328
18992.285156	-132.406845
18997.668457	-131.667130
19003.051758	-131.481049
19008.435059	-131.441010
19013.818359	-131.564896
19019.201660	-131.514450
19024.584961	-131.675629
19029.968262	-131.828003
19035.351562	-131.600647
19040.734863	-131.786163
19046.118164	-131.762131
19051.501465	-131.602386
19056.884766	-131.296021
19062.268066	-131.629028
19067.651367	-131.729492
19073.034668	-131.785461
19078.417969	-131.803238
19083.801270	-131.834427
19089.184570	-131.567093
19094.567871	-131.910995
19099.951172	-131.847855
19105.334473	-131.935638
19110.717773	-132.292496
19116.101074	-131.859589
19121.484375	-131.726257
19126.867676	-131.382278
19132.250977	-132.411804
19137.634277	-131.937683
19143.017578	-131.800049
19148.400879	-131.160751
19153.784180	-131.611130
19159.167480	-131.512512
19164.550781	-131.756836
19169.934082	-132.174011
19175.317383	-132.003128
19180.700684	-132.278397
19186.083984	-131.585312
19191.467285	-131.796036
19196.850586	-131.928070
19202.233887	-131.642532
19207.617188	-131.794220
19213.000488	-132.111877
19218.383789	-131.472092
19223.767090	-131.877075
19229.150391	-131.630997
19234.533691	-131.816193
19239.916992	-131.640594
19245.300293	-131.789001
19250.683594	-132.257141
19256.066895	-131.600998
19261.450195	-131.896866
19266.833496	-132.011169
19272.216797	-132.238419
19277.600098	-131.354095
19282.983398	-131.872223
19288.366699	-131.797592
19293.750000	-131.748566
19299.133301	-131.939667
19304.516602	-131.354935
19309.899902	-132.085846
19315.283203	-131.662781
19320.666504	-131.777573
19326.049805	-131.172592
19331.433105	-131.619049
19336.816406	-131.475464
19342.199707	-131.646194
19347.583008	-131.353806
19352.966309	-131.600845
19358.349609	-131.796005
19363.732910	-131.747192
19369.116211	-132.013138
19374.499512	-131.450058
19379.882812	-131.842712
19385.266113	-131.689438
19390.649414	-130.755096
19396.032715	-131.493301
19401.416016	-131.500885
19406.799316	-131.837875
19412.182617	-131.990051
19417.565918	-131.751968
19422.949219	-131.323822
19428.332520	-131.461243
19433.715820	-131.854645
19439.099121	-131.944519
19444.482422	-131.879669
19449.865723	-131.422073
19455.249023	-131.825653
19460.632324	-131.429565
19466.015625	-131.946732
19471.398926	-131.872238
19476.782227	-131.680405
19482.165527	-132.008484
19487.548828	-131.122314
19492.932129	-131.572327
19498.315430	-131.492661
19503.698730	-131.470337
19509.082031	-131.767868
19514.465332	-131.102646
19519.848633	-131.668106
19525.231934	-131.657684
19530.615234	-131.562347
19535.998535	-132.057343
19541.381836	-131.265045
19546.765137	-131.904434
19552.148438	-131.505539
19557.531738	-131.449799
19562.915039	-132.187943
19568.298340	-131.856049
19573.681641	-132.040619
19579.064941	-131.686844
19584.448242	-131.397720
19589.831543	-131.600632
19595.214844	-132.366089
19600.598145	-132.334122
19605.981445	-131.468124
19611.364746	-131.769836
19616.748047	-131.977600
19622.131348	-131.651672
19627.514648	-132.466141
19632.897949	-132.017075
19638.281250	-132.153214
19643.664551	-131.800919
19649.047852	-131.655807
19654.431152	-131.562378
19659.814453	-131.775055
19665.197754	-131.895172
19670.581055	-132.077316
19675.964355	-131.895767
19681.347656	-131.754059
19686.730957	-132.299210
19692.114258	-131.974228
19697.497559	-131.829895
19702.880859	-132.019958
19708.264160	-131.927780
19713.647461	-132.281158
19719.030762	-131.860657
19724.414062	-131.822754
19729.797363	-131.639114
19735.180664	-132.072754
19740.563965	-131.643250
19745.947266	-132.036331
19751.330566	-131.394180
19756.713867	-131.663116
19762.097168	-131.433624
19767.480469	-132.294708
19772.863770	-131.190659
19778.247070	-131.534271
19783.630371	-131.129944
19789.013672	-131.767746
19794.396973	-131.431702
19799.780273	-131.530426
19805.163574	-132.337708
19810.546875	-132.560501
19815.930176	-131.788116
19821.313477	-131.711426
19826.696777	-131.762924
19832.080078	-131.860016
19837.463379	-132.053833
19842.846680	-131.932388
19848.229980	-131.991211
19853.613281	-131.495102
19858.996582	-131.856125
19864.379883	-131.773605
19869.763184	-131.530411
19875.146484	-131.937836
19880.529785	-132.093094
19885.913086	-131.394409
19891.296387	-132.214371
19896.679688	-132.265167
19902.062988	-131.403030
19907.446289	-131.604309
19912.829590	-131.639114
19918.212891	-132.128281
19923.596191	-131.976837
19928.979492	-131.109344
19934.362793	-132.141418
19939.746094	-132.134995
19945.129395	-131.356842
19950.512695	-131.903717
19955.895996	-131.972015
19961.279297	-131.655426
19966.662598	-132.093353
19972.045898	-132.081543
19977.429199	-131.655685
19982.812500	-132.471848
19988.195801	-131.293472
19993.579102	-131.760208
19998.962402	-131.568802
20004.345703	-131.897964
20009.729004	-132.183899
20015.112305	-131.770569
20020.495605	-131.951462
20025.878906	-131.820572
20031.262207	-131.996811
20036.645508	-131.744278
20042.028809	-131.491562
20047.412109	-131.829437
20052.795410	-132.338760
20058.178711	-131.648621
20063.562012	-131.947250
20068.945312	-131.969055
20074.328613	-131.919769
20079.711914	-131.934860
20085.095215	-131.959854
20090.478516	-131.309158
20095.861816	-131.844910
20101.245117	-131.698746
20106.628418	-132.401810
20112.011719	-131.259552
20117.395020	-131.535400
20122.778320	-131.578522
20128.161621	-132.198715
20133.544922	-131.467621
20138.928223	-132.286682
20144.311523	-131.296967
20149.694824	-131.822708
20155.078125	-131.463791
20160.461426	-131.594208
20165.844727	-131.807846
20171.228027	-131.439285
20176.611328	-132.124161
20181.994629	-131.515289
20187.377930	-132.024323
20192.761230	-131.553146
20198.144531	-131.961533
20203.527832	-131.924637
20208.911133	-131.851349
20214.294434	-131.734436
20219.677734	-131.962753
20225.061035	-131.949402
20230.444336	-132.409653
20235.827637	-132.485306
20241.210938	-132.047623
20246.594238	-131.974930
20251.977539	-131.780914
20257.360840	-131.533432
20262.744141	-131.688721
20268.127441	-132.087463
20273.510742	-131.978546
20278.894043	-131.447235
20284.277344	-131.633972
20289.660645	-131.621307
20295.043945	-132.002808
20300.427246	-131.914291
20305.810547	-131.945679
20311.193848	-131.980774
20316.577148	-131.589294
20321.960449	-132.007858
20327.343750	-131.991943
20332.727051	-131.918808
20338.110352	-132.265381
20343.493652	-131.774521
20348.876953	-131.678864
20354.260254	-132.001022
20359.643555	-131.892914
20365.026855	-131.934097
20370.410156	-131.591446
20375.793457	-131.935150
20381.176758	-131.788208
20386.560059	-131.968414
20391.943359	-131.752518
20397.326660	-131.992905
20402.709961	-131.628006
20408.093262	-132.148178
20413.476562	-132.176437
20418.859863	-132.084869
20424.243164	-132.287582
20429.626465	-131.977402
20435.009766	-131.721771
20440.393066	-131.736954
20445.776367	-131.654633
20451.159668	-131.674637
20456.542969	-132.000153
20461.926270	-132.127304
20467.309570	-132.216751
20472.692871	-132.102737
20478.076172	-131.955612
20483.459473	-131.990326
20488.842773	-131.912430
20494.226074	-131.707443
20499.609375	-132.065521
20504.992676	-131.609329
20510.375977	-131.950790
20515.759277	-131.983582
20521.142578	-132.526199
20526.525879	-132.078003
20531.909180	-131.634445
20537.292480	-131.916977
20542.675781	-131.977066
20548.059082	-132.022018
20553.442383	-132.582947
20558.825684	-132.096756
20564.208984	-131.916214
20569.592285	-131.664398
20574.975586	-131.921173
20580.358887	-131.846603
20585.742188	-132.231445
20591.125488	-131.873825
20596.508789	-132.061325
20601.892090	-132.464188
20607.275391	-132.028702
20612.658691	-132.012909
20618.041992	-132.304062
20623.425293	-131.404007
20628.808594	-132.291214
20634.191895	-131.574326
20639.575195	-132.374588
20644.958496	-131.530762
20650.341797	-132.187103
20655.725098	-131.795654
20661.108398	-131.779922
20666.491699	-131.445541
20671.875000	-131.853363
20677.258301	-132.040222
20682.641602	-131.931717
20688.024902	-131.980576
20693.408203	-132.018585
20698.791504	-132.954788
20704.174805	-132.237289
20709.558105	-132.051376
20714.941406	-131.942261
20720.324707	-132.159729
20725.708008	-132.335526
20731.091309	-131.939316
20736.474609	-132.841492
20741.857910	-132.145996
20747.241211	-132.792816
20752.624512	-132.434097
20758.007812	-132.095856
20763.391113	-132.428497
20768.774414	-132.220657
20774.157715	-132.525375
20779.541016	-132.478912
20784.924316	-132.891479
20790.307617	-132.196655
20795.690918	-132.205429
20801.074219	-132.515808
20806.457520	-133.060959
20811.840820	-132.718735
20817.224121	-132.830719
20822.607422	-132.745255
20827.990723	-132.676773
20833.374023	-132.980179
20838.757324	-133.001907
20844.140625	-132.395828
20849.523926	-132.918259
20854.907227	-132.776093
20860.290527	-132.834778
20865.673828	-133.295837
20871.057129	-133.543396
20876.440430	-133.044495
20881.823730	-133.036697
20887.207031	-133.043976
20892.590332	-132.841522
20897.973633	-133.436905
20903.356934	-133.173950
20908.740234	-133.906891
20914.123535	-133.504288
20919.506836	-133.275772
20924.890137	-133.604492
20930.273438	-133.592972
20935.656738	-133.534897
20941.040039	-133.658279
20946.423340	-133.442551
20951.806641	-133.583038
20957.189941	-133.429062
20962.573242	-134.109482
20967.956543	-133.846634
20973.339844	-134.145416
20978.723145	-133.947266
20984.106445	-134.063507
20989.489746	-134.173416
20994.873047	-134.276169
21000.256348	-134.437164
21005.639648	-134.566742
21011.022949	-134.490738
21016.406250	-134.577179
21021.789551	-134.435638
21027.172852	-134.396912
21032.556152	-135.222412
21037.939453	-134.720184
21043.322754	-135.169724
21048.706055	-134.883804
21054.089355	-135.069305
21059.472656	-134.981949
21064.855957	-135.039658
21070.239258	-135.212875
21075.622559	-135.493835
21081.005859	-135.221817
21086.389160	-135.452942
21091.772461	-135.045502
21097.155762	-135.778183
21102.539062	-135.450455
21107.922363	-135.922089
21113.305664	-135.787766
21118.688965	-135.433014
21124.072266	-136.010864
21129.455566	-135.690536
21134.838867	-136.149200
21140.222168	-136.209778
21145.605469	-136.075485
21150.988770	-136.072662
21156.372070	-136.121109
21161.755371	-136.345032
21167.138672	-136.234482
21172.521973	-136.187775
21177.905273	-136.413162
21183.288574	-136.414719
21188.671875	-136.346634
21194.055176	-136.447189
21199.438477	-136.667435
21204.821777	-136.845001
21210.205078	-136.373627
21215.588379	-136.841431
21220.971680	-136.788315
21226.354980	-136.701752
21231.738281	-137.049255
21237.121582	-136.684677
21242.504883	-137.192535
21247.888184	-136.704727
21253.271484	-137.009598
21258.654785	-137.012955
21264.038086	-136.878571
21269.421387	-137.096252
21274.804688	-137.073868
21280.187988	-137.065994
21285.571289	-136.989029
21290.954590	-137.255737
21296.337891	-137.129700
21301.721191	-137.085831
21307.104492	-137.075531
21312.487793	-137.206589
21317.871094	-137.336868
21323.254395	-137.255096
21328.637695	-137.177628
21334.020996	-137.245972
21339.404297	-137.363144
21344.787598	-137.110184
21350.170898	-137.369781
21355.554199	-137.216827
21360.937500	-137.337692
21366.320801	-137.346970
21371.704102	-137.325089
21377.087402	-137.261337
21382.470703	-137.381714
21387.854004	-137.279266
21393.237305	-137.369812
21398.620605	-137.320847
21404.003906	-137.345367
21409.387207	-137.408417
21414.770508	-137.323181
21420.153809	-137.359161
21425.537109	-137.372025
21430.920410	-137.435379
21436.303711	-137.290268
21441.687012	-137.395691
21447.070312	-137.405411
21452.453613	-137.419495
21457.836914	-137.363342
21463.220215	-137.380173
21468.603516	-137.426895
21473.986816	-137.360107
21479.370117	-137.417496
21484.753418	-137.408188
21490.136719	-137.375458
21495.520020	-137.432175
21500.903320	-137.364487
21506.286621	-137.434692
21511.669922	-137.377213
21517.053223	-137.403610
21522.436523	-137.414017
21527.819824	-137.404938
21533.203125	-137.405365
21538.586426	-137.401443
21543.969727	-137.414871
21549.353027	-137.400894
21554.736328	-137.422165
21560.119629	-137.399643
21565.502930	-137.408325
21570.886230	-137.408401
21576.269531	-137.412521
21581.652832	-137.415482
21587.036133	-137.402435
21592.419434	-137.414322
21597.802734	-137.408203
21603.186035	-137.408600
21608.569336	-137.414246
21613.952637	-137.410507
21619.335938	-137.409042
21624.719238	-137.413376
21630.102539	-137.413391
21635.485840	-137.409805
21640.869141	-137.411102
21646.252441	-137.413483
21651.635742	-137.413727
21657.019043	-137.406311
21662.402344	-137.415604
21667.785645	-137.413132
21673.168945	-137.411148
21678.552246	-137.414200
21683.935547	-137.412811
21689.318848	-137.409943
21694.702148	-137.414062
21700.085449	-137.412994
21705.468750	-137.413467
21710.852051	-137.412964
21716.235352	-137.413223
21721.618652	-137.413406
21727.001953	-137.412811
21732.385254	-137.414413
21737.768555	-137.413116
21743.151855	-137.414032
21748.535156	-137.413651
21753.918457	-137.413376
21759.301758	-137.414673
21764.685059	-137.413254
21770.068359	-137.414658
21775.451660	-137.413635
21780.834961	-137.414810
21786.218262	-137.413849
21791.601562	-137.414597
21796.984863	-137.414322
21802.368164	-137.414551
21807.751465	-137.414719
21813.134766	-137.414749
21818.518066	-137.414536
21823.901367	-137.414703
21829.284668	-137.414902
21834.667969	-137.414886
21840.051270	-137.414871
21845.434570	-137.414902
21850.817871	-137.414841
21856.201172	-137.415115
21861.584473	-137.415192
21866.967773	-137.415192
21872.351074	-137.415146
21877.734375	-137.415283
21883.117676	-137.415283
21888.500977	-137.415253
21893.884277	-137.415421
21899.267578	-137.415680
21904.650879	-137.415375
21910.034180	-137.415436
21915.417480	-137.415314
21920.800781	-137.415497
21926.184082	-137.415451
21931.567383	-137.415741
21936.950684	-137.416138
21942.333984	-137.415558
21947.717285	-137.415543
21953.100586	-137.415619
21958.483887	-137.415771
21963.867188	-137.415588
21969.250488	-137.415268
21974.633789	-137.415741
21980.017090	-137.415955
21985.400391	-137.415726
21990.783691	-137.415802
21996.166992	-137.415939
22001.550293	-137.415405
22006.933594	-137.416428
22012.316895	-137.415787
22017.700195	-137.416306
22023.083496	-137.415604
22028.466797	-137.416458
22033.850098	-137.415955
22039.233398	-137.415863
22044.616699	-137.416000
