Frequency (Hz)	Level (dB)
5.383301	-76.530731
10.766602	-75.873833
16.149902	-64.936455
21.533203	-51.916569
26.916504	-53.298607
32.299805	-52.555092
37.683105	-50.788620
43.066406	-49.825207
48.449707	-49.720230
53.833008	-48.462955
59.216309	-50.727417
64.599609	-51.963154
69.982910	-49.497955
75.366211	-49.325237
80.749512	-52.129154
86.132812	-53.351025
91.516113	-54.090054
96.899414	-54.410954
102.282715	-54.530201
107.666016	-55.066624
113.049316	-55.368599
118.432617	-54.272053
123.815918	-57.544483
129.199219	-60.495605
134.582520	-60.713387
139.965820	-61.021332
145.349121	-60.812614
150.732422	-57.912289
156.115723	-61.074493
161.499023	-61.448551
166.882324	-61.751389
172.265625	-62.728920
177.648926	-62.466293
183.032227	-61.635544
188.415527	-59.453537
193.798828	-62.312328
199.182129	-62.537342
204.565430	-60.908981
209.948730	-63.001167
215.332031	-63.215267
220.715332	-60.246136
226.098633	-58.649200
231.481934	-58.401463
236.865234	-57.689278
242.248535	-57.864601
247.631836	-57.754002
253.015137	-57.936428
258.398438	-59.406803
263.781738	-59.875088
269.165039	-61.327042
274.548340	-61.566711
279.931641	-61.555771
285.314941	-62.067909
290.698242	-62.732464
296.081543	-62.993073
301.464844	-62.681248
306.848145	-63.025017
312.231445	-64.381920
317.614746	-64.719261
322.998047	-64.210579
328.381348	-64.481010
333.764648	-63.671120
339.147949	-63.689770
344.531250	-64.472404
349.914551	-63.859623
355.297852	-64.590988
360.681152	-63.681236
366.064453	-63.954079
371.447754	-63.979519
376.831055	-65.117432
382.214355	-65.797729
387.597656	-66.317749
392.980957	-67.522987
398.364258	-68.347488
403.747559	-68.855766
409.130859	-68.619827
414.514160	-68.032166
419.897461	-67.771919
425.280762	-67.709694
430.664062	-67.776764
436.047363	-68.739189
441.430664	-69.470612
446.813965	-69.789055
452.197266	-69.351952
457.580566	-69.385323
462.963867	-68.793732
468.347168	-68.541824
473.730469	-68.945839
479.113770	-67.970490
484.497070	-67.997673
489.880371	-68.811028
495.263672	-69.721603
500.646973	-69.183342
506.030273	-68.576988
511.413574	-66.368294
516.796875	-65.777863
522.180176	-65.714027
527.563477	-65.986900
532.946777	-66.298920
538.330078	-66.536613
543.713379	-67.912361
549.096680	-68.917953
554.479980	-69.196358
559.863281	-69.978600
565.246582	-70.217331
570.629883	-69.972664
576.013184	-69.784714
581.396484	-69.310791
586.779785	-69.434013
592.163086	-69.245255
597.546387	-69.648102
602.929688	-69.733704
608.312988	-69.622902
613.696289	-69.818604
619.079590	-69.875763
624.462891	-69.580940
629.846191	-69.180260
635.229492	-69.801399
640.612793	-69.751915
645.996094	-69.268959
651.379395	-69.411919
656.762695	-70.208328
662.145996	-70.492004
667.529297	-70.631310
672.912598	-71.581810
678.295898	-72.729332
683.679199	-72.651825
689.062500	-73.040405
694.445801	-73.188110
699.829102	-72.710144
705.212402	-72.175270
710.595703	-72.208855
715.979004	-72.138519
721.362305	-72.103989
726.745605	-72.916458
732.128906	-73.006538
737.512207	-73.036369
742.895508	-73.729950
748.278809	-74.086800
753.662109	-74.801704
759.045410	-75.429268
764.428711	-75.966522
769.812012	-76.735481
775.195312	-76.239159
780.578613	-75.348671
785.961914	-75.099480
791.345215	-73.887711
796.728516	-72.500816
802.111816	-71.783920
807.495117	-71.866890
812.878418	-70.332916
818.261719	-69.694710
823.645020	-69.729034
829.028320	-69.351028
834.411621	-67.839279
839.794922	-63.911545
845.178223	-66.686386
850.561523	-72.015709
855.944824	-73.792305
861.328125	-75.527390
866.711426	-77.369797
872.094727	-78.644905
877.478027	-78.546196
882.861328	-77.560669
888.244629	-76.576286
893.627930	-75.651154
899.011230	-75.232887
904.394531	-73.812729
909.777832	-72.556046
915.161133	-72.122536
920.544434	-71.528786
925.927734	-70.562981
931.311035	-70.938591
936.694336	-71.378601
942.077637	-71.806519
947.460938	-72.745544
952.844238	-72.777596
958.227539	-72.540031
963.610840	-71.724754
968.994141	-71.908348
974.377441	-72.602524
979.760742	-73.505898
985.144043	-74.030357
990.527344	-74.258713
995.910645	-75.014534
1001.293945	-75.142845
1006.677246	-75.039879
1012.060547	-77.062401
1017.443848	-78.366325
1022.827148	-75.699486
1028.210449	-75.398529
1033.593750	-78.594460
1038.977051	-78.156197
1044.360352	-77.890396
1049.743652	-77.885338
1055.126953	-77.451767
1060.510254	-78.353378
1065.893555	-79.873810
1071.276855	-80.535553
1076.660156	-80.471581
1082.043457	-80.019531
1087.426758	-79.410065
1092.810059	-79.554710
1098.193359	-79.508133
1103.576660	-79.411148
1108.959961	-79.415329
1114.343262	-79.907730
1119.726562	-79.185905
1125.109863	-79.446678
1130.493164	-79.278877
1135.876465	-79.868111
1141.259766	-79.875549
1146.643066	-79.534454
1152.026367	-79.611946
1157.409668	-80.235512
1162.792969	-80.063782
1168.176270	-80.382210
1173.559570	-81.629654
1178.942871	-81.903244
1184.326172	-82.325745
1189.709473	-81.983452
1195.092773	-82.124596
1200.476074	-82.411072
1205.859375	-83.427948
1211.242676	-83.650940
1216.625977	-84.009392
1222.009277	-83.932671
1227.392578	-83.844856
1232.775879	-84.049019
1238.159180	-84.459648
1243.542480	-84.778488
1248.925781	-84.329918
1254.309082	-84.907875
1259.692383	-84.011505
1265.075684	-84.421844
1270.458984	-84.022240
1275.842285	-84.022408
1281.225586	-83.939980
1286.608887	-83.416718
1291.992188	-82.577560
1297.375488	-82.679184
1302.758789	-83.472366
1308.142090	-83.658958
1313.525391	-82.830864
1318.908691	-82.972588
1324.291992	-82.802284
1329.675293	-82.052544
1335.058594	-82.358429
1340.441895	-82.914223
1345.825195	-82.994316
1351.208496	-83.645119
1356.591797	-84.048607
1361.975098	-84.137978
1367.358398	-84.109245
1372.741699	-83.828606
1378.125000	-83.415520
1383.508301	-83.297874
1388.891602	-83.897408
1394.274902	-84.480743
1399.658203	-84.564194
1405.041504	-84.222023
1410.424805	-84.269096
1415.808105	-83.854980
1421.191406	-83.804062
1426.574707	-83.320335
1431.958008	-83.495224
1437.341309	-84.047966
1442.724609	-85.053185
1448.107910	-85.046013
1453.491211	-84.581741
1458.874512	-83.028313
1464.257812	-81.626274
1469.641113	-81.071419
1475.024414	-81.174629
1480.407715	-81.063789
1485.791016	-82.254112
1491.174316	-83.535675
1496.557617	-84.450897
1501.940918	-84.017700
1507.324219	-83.576233
1512.707520	-82.725525
1518.090820	-82.945877
1523.474121	-83.847031
1528.857422	-84.145691
1534.240723	-84.505371
1539.624023	-85.500580
1545.007324	-85.508171
1550.390625	-85.147820
1555.773926	-84.125092
1561.157227	-83.623627
1566.540527	-83.965515
1571.923828	-85.048416
1577.307129	-84.963890
1582.690430	-84.261070
1588.073730	-83.717972
1593.457031	-82.810303
1598.840332	-82.547073
1604.223633	-82.643272
1609.606934	-84.240456
1614.990234	-85.525429
1620.373535	-85.481697
1625.756836	-85.139153
1631.140137	-84.761360
1636.523438	-84.115288
1641.906738	-83.630150
1647.290039	-84.258293
1652.673340	-84.643478
1658.056641	-84.017479
1663.439941	-83.115326
1668.823242	-82.507103
1674.206543	-82.571541
1679.589844	-82.452591
1684.973145	-82.901527
1690.356445	-82.576408
1695.739746	-81.924751
1701.123047	-82.455482
1706.506348	-82.852417
1711.889648	-83.021065
1717.272949	-84.039879
1722.656250	-84.921776
1728.039551	-85.476997
1733.422852	-85.870010
1738.806152	-86.097527
1744.189453	-86.827515
1749.572754	-87.146667
1754.956055	-87.081360
1760.339355	-87.363670
1765.722656	-87.923103
1771.105957	-88.658684
1776.489258	-88.725769
1781.872559	-89.949570
1787.255859	-90.126472
1792.639160	-88.585243
1798.022461	-88.579071
1803.405762	-88.578102
1808.789062	-88.438087
1814.172363	-88.773888
1819.555664	-88.478539
1824.938965	-88.328598
1830.322266	-87.949440
1835.705566	-88.503952
1841.088867	-87.767021
1846.472168	-87.149467
1851.855469	-87.154282
1857.238770	-87.706238
1862.622070	-87.698586
1868.005371	-88.605865
1873.388672	-88.563179
1878.771973	-88.751076
1884.155273	-88.783020
1889.538574	-87.718330
1894.921875	-87.337151
1900.305176	-87.232544
1905.688477	-87.462692
1911.071777	-87.350693
1916.455078	-87.907120
1921.838379	-88.241600
1927.221680	-88.498756
1932.604980	-88.254417
1937.988281	-87.926620
1943.371582	-88.062492
1948.754883	-88.868622
1954.138184	-88.792076
1959.521484	-89.832390
1964.904785	-90.033417
1970.288086	-89.798660
1975.671387	-89.783127
1981.054688	-88.840889
1986.437988	-87.087990
1991.821289	-86.714195
1997.204590	-87.126541
2002.587891	-87.745598
2007.971191	-87.804199
2013.354492	-88.616760
2018.737793	-89.925255
2024.121094	-90.151077
2029.504395	-90.066116
2034.887695	-89.986534
2040.270996	-89.439262
2045.654297	-89.097267
2051.037598	-88.831207
2056.420898	-88.637123
2061.804199	-89.810036
2067.187500	-91.132355
2072.570801	-90.976196
2077.954102	-91.132370
2083.337402	-91.495674
2088.720703	-91.150795
2094.104004	-92.064873
2099.487305	-92.539978
2104.870605	-92.469391
2110.253906	-92.348419
2115.637207	-92.713615
2121.020508	-92.225121
2126.403809	-92.124588
2131.787109	-91.984474
2137.170410	-90.932236
2142.553711	-91.256279
2147.937012	-92.635338
2153.320312	-92.355919
2158.703613	-91.982101
2164.086914	-91.958946
2169.470215	-92.585960
2174.853516	-92.511330
2180.236816	-91.950500
2185.620117	-92.354713
2191.003418	-93.065590
2196.386719	-93.019386
2201.770020	-92.991158
2207.153320	-93.541527
2212.536621	-92.998810
2217.919922	-92.847092
2223.303223	-93.772766
2228.686523	-93.054680
2234.069824	-93.161415
2239.453125	-92.995773
2244.836426	-93.054764
2250.219727	-92.695969
2255.603027	-92.226860
2260.986328	-92.120522
2266.369629	-92.449509
2271.752930	-92.282440
2277.136230	-91.986610
2282.519531	-91.433327
2287.902832	-91.097847
2293.286133	-91.053848
2298.669434	-91.461090
2304.052734	-91.513504
2309.436035	-91.137283
2314.819336	-91.533630
2320.202637	-92.932281
2325.585938	-93.437630
2330.969238	-93.347221
2336.352539	-93.489510
2341.735840	-93.132751
2347.119141	-93.670807
2352.502441	-93.240440
2357.885742	-93.345627
2363.269043	-92.913567
2368.652344	-92.814552
2374.035645	-92.879639
2379.418945	-92.263779
2384.802246	-92.585091
2390.185547	-92.169746
2395.568848	-92.315315
2400.952148	-92.242226
2406.335449	-92.078583
2411.718750	-92.211777
2417.102051	-91.742737
2422.485352	-92.427071
2427.868652	-93.722923
2433.251953	-93.879303
2438.635254	-93.358482
2444.018555	-93.793610
2449.401855	-93.540726
2454.785156	-92.914009
2460.168457	-91.700111
2465.551758	-91.306641
2470.935059	-91.718773
2476.318359	-91.745033
2481.701660	-91.692642
2487.084961	-91.619064
2492.468262	-92.529839
2497.851562	-92.993835
2503.234863	-92.211853
2508.618164	-92.724503
2514.001465	-93.449417
2519.384766	-93.510071
2524.768066	-92.459015
2530.151367	-92.085991
2535.534668	-92.589531
2540.917969	-93.020294
2546.301270	-92.605972
2551.684570	-92.411865
2557.067871	-93.012489
2562.451172	-92.436035
2567.834473	-91.868652
2573.217773	-91.195709
2578.601074	-91.636307
2583.984375	-91.858208
2589.367676	-92.143127
2594.750977	-91.923119
2600.134277	-91.952515
2605.517578	-92.359474
2610.900879	-92.258156
2616.284180	-92.379951
2621.667480	-91.979012
2627.050781	-93.582909
2632.434082	-94.521355
2637.817383	-94.320312
2643.200684	-93.213097
2648.583984	-92.992043
2653.967285	-93.795891
2659.350586	-94.018761
2664.733887	-93.859474
2670.117188	-94.193703
2675.500488	-93.507401
2680.883789	-93.708511
2686.267090	-93.433136
2691.650391	-93.624947
2697.033691	-93.982727
2702.416992	-93.119057
2707.800293	-91.901482
2713.183594	-92.037521
2718.566895	-93.085770
2723.950195	-92.015709
2729.333496	-92.320305
2734.716797	-93.288979
2740.100098	-92.866081
2745.483398	-93.472794
2750.866699	-93.910072
2756.250000	-94.031570
2761.633301	-94.123367
2767.016602	-93.616096
2772.399902	-93.216789
2777.783203	-93.418594
2783.166504	-94.206924
2788.549805	-93.627068
2793.933105	-93.195076
2799.316406	-92.832176
2804.699707	-92.806267
2810.083008	-93.036285
2815.466309	-93.261810
2820.849609	-92.878960
2826.232910	-93.213493
2831.616211	-93.492493
2836.999512	-93.769341
2842.382812	-93.799858
2847.766113	-94.532715
2853.149414	-94.504547
2858.532715	-94.771294
2863.916016	-94.456322
2869.299316	-94.770576
2874.682617	-94.184204
2880.065918	-94.544518
2885.449219	-94.720818
2890.832520	-94.863861
2896.215820	-94.615089
2901.599121	-95.058083
2906.982422	-95.272049
2912.365723	-95.161186
2917.749023	-94.621651
2923.132324	-94.544205
2928.515625	-94.979187
2933.898926	-95.368217
2939.282227	-95.743446
2944.665527	-95.298615
2950.048828	-94.930733
2955.432129	-94.970467
2960.815430	-95.374573
2966.198730	-95.109535
2971.582031	-95.053627
2976.965332	-94.677986
2982.348633	-94.821396
2987.731934	-94.995918
2993.115234	-96.006233
2998.498535	-96.473053
3003.881836	-95.988045
3009.265137	-95.483833
3014.648438	-95.260071
3020.031738	-94.695999
3025.415039	-93.455055
3030.798340	-94.351448
3036.181641	-95.019615
3041.564941	-94.575272
3046.948242	-95.506065
3052.331543	-95.634377
3057.714844	-94.560440
3063.098145	-94.431137
3068.481445	-94.669594
3073.864746	-94.594948
3079.248047	-95.201706
3084.631348	-94.645744
3090.014648	-94.278526
3095.397949	-94.675026
3100.781250	-94.900642
3106.164551	-94.517738
3111.547852	-94.440575
3116.931152	-94.342293
3122.314453	-94.794312
3127.697754	-94.015366
3133.081055	-93.666954
3138.464355	-94.415222
3143.847656	-95.089775
3149.230957	-95.301796
3154.614258	-94.572594
3159.997559	-94.393867
3165.380859	-95.185432
3170.764160	-95.345467
3176.147461	-95.394699
3181.530762	-95.119308
3186.914062	-95.958458
3192.297363	-95.435760
3197.680664	-95.168495
3203.063965	-95.732269
3208.447266	-96.242645
3213.830566	-96.486183
3219.213867	-96.015503
3224.597168	-95.297577
3229.980469	-95.400993
3235.363770	-95.801453
3240.747070	-95.460312
3246.130371	-96.350830
3251.513672	-95.974403
3256.896973	-96.095291
3262.280273	-95.876640
3267.663574	-95.051758
3273.046875	-94.753143
3278.430176	-94.724998
3283.813477	-94.802689
3289.196777	-94.528130
3294.580078	-94.646538
3299.963379	-94.743431
3305.346680	-94.931000
3310.729980	-94.385994
3316.113281	-94.595726
3321.496582	-95.524796
3326.879883	-95.740852
3332.263184	-96.071098
3337.646484	-95.954956
3343.029785	-96.393028
3348.413086	-94.920532
3353.796387	-94.973503
3359.179688	-94.640038
3364.562988	-94.129959
3369.946289	-94.269623
3375.329590	-94.722900
3380.712891	-95.613953
3386.096191	-95.289566
3391.479492	-94.753944
3396.862793	-94.932343
3402.246094	-94.947151
3407.629395	-95.635483
3413.012695	-95.715538
3418.395996	-95.306396
3423.779297	-94.852974
3429.162598	-95.137146
3434.545898	-95.304390
3439.929199	-95.176674
3445.312500	-94.955055
3450.695801	-94.953690
3456.079102	-94.804710
3461.462402	-95.037354
3466.845703	-94.921486
3472.229004	-95.872643
3477.612305	-96.171974
3482.995605	-95.838852
3488.378906	-95.680611
3493.762207	-95.356392
3499.145508	-94.732590
3504.528809	-95.512779
3509.912109	-95.037773
3515.295410	-94.918465
3520.678711	-94.848648
3526.062012	-94.565331
3531.445312	-94.924652
3536.828613	-95.246544
3542.211914	-94.995674
3547.595215	-94.654663
3552.978516	-94.232346
3558.361816	-94.773262
3563.745117	-95.716362
3569.128418	-96.381500
3574.511719	-96.799286
3579.895020	-96.888878
3585.278320	-96.173126
3590.661621	-95.524002
3596.044922	-97.430138
3601.428223	-96.783913
3606.811523	-96.137688
3612.194824	-97.182358
3617.578125	-97.789825
3622.961426	-97.444023
3628.344727	-96.246269
3633.728027	-96.339844
3639.111328	-97.065178
3644.494629	-97.304001
3649.877930	-97.170731
3655.261230	-95.800552
3660.644531	-95.196571
3666.027832	-95.506042
3671.411133	-96.302574
3676.794434	-96.828606
3682.177734	-96.310555
3687.561035	-96.461227
3692.944336	-96.602173
3698.327637	-96.116554
3703.710938	-95.914246
3709.094238	-96.915939
3714.477539	-97.577095
3719.860840	-96.493378
3725.244141	-96.458946
3730.627441	-96.282021
3736.010742	-96.041779
3741.394043	-96.105461
3746.777344	-95.506996
3752.160645	-95.350166
3757.543945	-96.766937
3762.927246	-97.095612
3768.310547	-96.830948
3773.693848	-96.629242
3779.077148	-95.559021
3784.460449	-95.198212
3789.843750	-95.561203
3795.227051	-96.420418
3800.610352	-96.816650
3805.993652	-96.728287
3811.376953	-96.716949
3816.760254	-95.645851
3822.143555	-96.593460
3827.526855	-97.230247
3832.910156	-96.477173
3838.293457	-96.789795
3843.676758	-96.561882
3849.060059	-96.994415
3854.443359	-98.144806
3859.826660	-98.025352
3865.209961	-97.939674
3870.593262	-98.266747
3875.976562	-98.194855
3881.359863	-97.334770
3886.743164	-95.968582
3892.126465	-97.099396
3897.509766	-97.315483
3902.893066	-98.115791
3908.276367	-97.376328
3913.659668	-97.394333
3919.042969	-97.035301
3924.426270	-97.006447
3929.809570	-97.267426
3935.192871	-96.969490
3940.576172	-97.009254
3945.959473	-97.508278
3951.342773	-95.499672
3956.726074	-96.841370
3962.109375	-97.355225
3967.492676	-97.349174
3972.875977	-96.834480
3978.259277	-96.960899
3983.642578	-97.772797
3989.025879	-97.717842
3994.409180	-97.486160
3999.792480	-94.577141
4005.175781	-96.295387
4010.559082	-98.051003
4015.942383	-98.383606
4021.325684	-98.511604
4026.708984	-98.424583
4032.092285	-97.480980
4037.475586	-96.943588
4042.858887	-97.133575
4048.242188	-96.888527
4053.625488	-98.048935
4059.008789	-98.321632
4064.392090	-97.565178
4069.775391	-96.922020
4075.158691	-97.067612
4080.541992	-96.093819
4085.925293	-97.620033
4091.308594	-96.798439
4096.691895	-96.633514
4102.075195	-96.567955
4107.458496	-96.924309
4112.841797	-97.120529
4118.225098	-97.620163
4123.608398	-97.907646
4128.991699	-98.725525
4134.375000	-98.867912
4139.758301	-98.758942
4145.141602	-97.772476
4150.524902	-98.139473
4155.908203	-99.299835
4161.291504	-97.798882
4166.674805	-96.611694
4172.058105	-97.504333
4177.441406	-98.111076
4182.824707	-98.292160
4188.208008	-96.612526
4193.591309	-96.860245
4198.974609	-98.402412
4204.357910	-98.805717
4209.741211	-98.136963
4215.124512	-97.392906
4220.507812	-97.245438
4225.891113	-97.760979
4231.274414	-97.969978
4236.657715	-97.823906
4242.041016	-97.496918
4247.424316	-98.029716
4252.807617	-97.585815
4258.190918	-97.388115
4263.574219	-96.827705
4268.957520	-97.468376
4274.340820	-97.435860
4279.724121	-98.001320
4285.107422	-97.534431
4290.490723	-97.013832
4295.874023	-97.455620
4301.257324	-97.799072
4306.640625	-98.740204
4312.023926	-98.682335
4317.407227	-97.751785
4322.790527	-97.443642
4328.173828	-97.771942
4333.557129	-98.471924
4338.940430	-96.456779
4344.323730	-95.572800
4349.707031	-95.418861
4355.090332	-96.774651
4360.473633	-96.217415
4365.856934	-96.206375
4371.240234	-97.304680
4376.623535	-97.423874
4382.006836	-97.381317
4387.390137	-97.072517
4392.773438	-98.337433
4398.156738	-97.825150
4403.540039	-97.996071
4408.923340	-98.645805
4414.306641	-98.045158
4419.689941	-97.839348
4425.073242	-98.824165
4430.456543	-98.737152
4435.839844	-98.138855
4441.223145	-98.425537
4446.606445	-99.403053
4451.989746	-99.205605
4457.373047	-98.750183
4462.756348	-98.473259
4468.139648	-98.510605
4473.522949	-99.723518
4478.906250	-99.792320
4484.289551	-99.170616
4489.672852	-99.434784
4495.056152	-98.746956
4500.439453	-97.903488
4505.822754	-97.551155
4511.206055	-97.817535
4516.589355	-98.041138
4521.972656	-97.684158
4527.355957	-98.011597
4532.739258	-97.808792
4538.122559	-98.051941
4543.505859	-97.370483
4548.889160	-98.322495
4554.272461	-98.534241
4559.655762	-98.520332
4565.039062	-98.814102
4570.422363	-98.424965
4575.805664	-98.804420
4581.188965	-98.453896
4586.572266	-97.570564
4591.955566	-98.334167
4597.338867	-98.190079
4602.722168	-98.319618
4608.105469	-98.853729
4613.488770	-98.253456
4618.872070	-98.217712
4624.255371	-99.343636
4629.638672	-99.134979
4635.021973	-98.671288
4640.405273	-98.335556
4645.788574	-97.951050
4651.171875	-97.924438
4656.555176	-98.888771
4661.938477	-99.091026
4667.321777	-99.398598
4672.705078	-99.906395
4678.088379	-99.748749
4683.471680	-99.117020
4688.854980	-98.943855
4694.238281	-98.102219
4699.621582	-98.455734
4705.004883	-99.079193
4710.388184	-99.156586
4715.771484	-98.927078
4721.154785	-98.902451
4726.538086	-99.012024
4731.921387	-99.525070
4737.304688	-99.708084
4742.687988	-99.197357
4748.071289	-98.493027
4753.454590	-98.647079
4758.837891	-99.643967
4764.221191	-99.214050
4769.604492	-99.023270
4774.987793	-98.612061
4780.371094	-98.289314
4785.754395	-98.195061
4791.137695	-98.451042
4796.520996	-98.911964
4801.904297	-98.727196
4807.287598	-97.701767
4812.670898	-97.724030
4818.054199	-98.146790
4823.437500	-98.052155
4828.820801	-99.166328
4834.204102	-99.298325
4839.587402	-98.510231
4844.970703	-98.821205
4850.354004	-98.895660
4855.737305	-99.213745
4861.120605	-99.004326
4866.503906	-99.434158
4871.887207	-99.623428
4877.270508	-99.470253
4882.653809	-98.332909
4888.037109	-98.936104
4893.420410	-98.377876
4898.803711	-98.577850
4904.187012	-97.853867
4909.570312	-97.695099
4914.953613	-97.478935
4920.336914	-98.088203
4925.720215	-98.223885
4931.103516	-98.348892
4936.486816	-99.172272
4941.870117	-99.379654
4947.253418	-99.408569
4952.636719	-99.891396
4958.020020	-99.543083
4963.403320	-99.903679
4968.786621	-100.539810
4974.169922	-99.801575
4979.553223	-98.875824
4984.936523	-99.623383
4990.319824	-100.078979
4995.703125	-99.857979
5001.086426	-100.155098
5006.469727	-100.067474
5011.853027	-99.879265
5017.236328	-100.563576
5022.619629	-100.352684
5028.002930	-100.004066
5033.386230	-100.101997
5038.769531	-99.313599
5044.152832	-99.527298
5049.536133	-99.832397
5054.919434	-100.594994
5060.302734	-101.109436
5065.686035	-100.834213
5071.069336	-99.853432
5076.452637	-100.802109
5081.835938	-101.010674
5087.219238	-100.679794
5092.602539	-100.360420
5097.985840	-99.178032
5103.369141	-98.556381
5108.752441	-99.587494
5114.135742	-98.097488
5119.519043	-98.578995
5124.902344	-100.138191
5130.285645	-100.011375
5135.668945	-100.941017
5141.052246	-100.650810
5146.435547	-100.178665
5151.818848	-101.378662
5157.202148	-100.484367
5162.585449	-100.177910
5167.968750	-100.007095
5173.352051	-99.040337
5178.735352	-99.177505
5184.118652	-100.583557
5189.501953	-97.326134
5194.885254	-92.520874
5200.268555	-97.606995
5205.651855	-100.129379
5211.035156	-100.869049
5216.418457	-100.093109
5221.801758	-99.265350
5227.185059	-100.332870
5232.568359	-100.609596
5237.951660	-100.762085
5243.334961	-100.919014
5248.718262	-100.984093
5254.101562	-100.006119
5259.484863	-100.868332
5264.868164	-100.949486
5270.251465	-100.527412
5275.634766	-100.444595
5281.018066	-100.926056
5286.401367	-99.063026
5291.784668	-100.572456
5297.167969	-100.901291
5302.551270	-100.786659
5307.934570	-101.118744
5313.317871	-100.691833
5318.701172	-100.215256
5324.084473	-100.689880
5329.467773	-100.067314
5334.851074	-100.099510
5340.234375	-101.114311
5345.617676	-100.482773
5351.000977	-99.975578
5356.384277	-100.519577
5361.767578	-100.219635
5367.150879	-100.247025
5372.534180	-99.793709
5377.917480	-100.801376
5383.300781	-100.942245
5388.684082	-100.453484
5394.067383	-100.218697
5399.450684	-100.886452
5404.833984	-100.041641
5410.217285	-100.246086
5415.600586	-100.929092
5420.983887	-101.098946
5426.367188	-100.485428
5431.750488	-100.490067
5437.133789	-101.179878
5442.517090	-100.671974
5447.900391	-100.239090
5453.283691	-101.063110
5458.666992	-101.687592
5464.050293	-102.052818
5469.433594	-101.384094
5474.816895	-101.219315
5480.200195	-101.219261
5485.583496	-101.233543
5490.966797	-100.409492
5496.350098	-100.764893
5501.733398	-101.941475
5507.116699	-100.189041
5512.500000	-99.981079
5517.883301	-100.574783
5523.266602	-100.528923
5528.649902	-99.414001
5534.033203	-100.481560
5539.416504	-100.988716
5544.799805	-101.074402
5550.183105	-100.924660
5555.566406	-101.047012
5560.949707	-101.790390
5566.333008	-101.931648
5571.716309	-101.051895
5577.099609	-101.174156
5582.482910	-101.758621
5587.866211	-101.219902
5593.249512	-100.453148
5598.632812	-99.968979
5604.016113	-101.311569
5609.399414	-99.779976
5614.782715	-101.561432
5620.166016	-101.397141
5625.549316	-100.869690
5630.932617	-100.722351
5636.315918	-100.846039
5641.699219	-101.335236
5647.082520	-101.210350
5652.465820	-100.635002
5657.849121	-101.370537
5663.232422	-101.166924
5668.615723	-101.476555
5673.999023	-100.928513
5679.382324	-100.267578
5684.765625	-101.634766
5690.148926	-101.938469
5695.532227	-101.777908
5700.915527	-102.228134
5706.298828	-101.425262
5711.682129	-101.158676
5717.065430	-101.931061
5722.448730	-102.038620
5727.832031	-101.457260
5733.215332	-100.080704
5738.598633	-99.844727
5743.981934	-99.573296
5749.365234	-101.265999
5754.748535	-101.365891
5760.131836	-102.169456
5765.515137	-102.569359
5770.898438	-102.765945
5776.281738	-101.834755
5781.665039	-101.971329
5787.048340	-101.819626
5792.431641	-101.709106
5797.814941	-101.792068
5803.198242	-101.990913
5808.581543	-100.167130
5813.964844	-100.677063
5819.348145	-101.180107
5824.731445	-102.059288
5830.114746	-101.057266
5835.498047	-100.259758
5840.881348	-101.442131
5846.264648	-102.146957
5851.647949	-101.581970
5857.031250	-102.015846
5862.414551	-101.666229
5867.797852	-101.877556
5873.181152	-101.590172
5878.564453	-101.820023
5883.947754	-102.506554
5889.331055	-101.461906
5894.714355	-102.324013
5900.097656	-101.921158
5905.480957	-101.450851
5910.864258	-101.134911
5916.247559	-102.030228
5921.630859	-101.819862
5927.014160	-101.183662
5932.397461	-100.962944
5937.780762	-101.860077
5943.164062	-101.989662
5948.547363	-101.887955
5953.930664	-102.005280
5959.313965	-102.165649
5964.697266	-102.132889
5970.080566	-102.039963
5975.463867	-102.243034
5980.847168	-102.332985
5986.230469	-100.749657
5991.613770	-101.139130
5996.997070	-101.694138
6002.380371	-102.604439
6007.763672	-101.851524
6013.146973	-102.362930
6018.530273	-103.012756
6023.913574	-103.538445
6029.296875	-102.921783
6034.680176	-101.526215
6040.063477	-101.817017
6045.446777	-102.263718
6050.830078	-102.727631
6056.213379	-103.069870
6061.596680	-103.148453
6066.979980	-103.661575
6072.363281	-103.315468
6077.746582	-102.383965
6083.129883	-102.003525
6088.513184	-101.162827
6093.896484	-101.659348
6099.279785	-102.219154
6104.663086	-102.673645
6110.046387	-102.143646
6115.429688	-102.850494
6120.812988	-103.234886
6126.196289	-103.547073
6131.579590	-102.683418
6136.962891	-102.854828
6142.346191	-102.064224
6147.729492	-101.706009
6153.112793	-102.270561
6158.496094	-103.080193
6163.879395	-102.909752
6169.262695	-103.040100
6174.645996	-101.716858
6180.029297	-100.515457
6185.412598	-101.775764
6190.795898	-102.455391
6196.179199	-102.692787
6201.562500	-103.004623
6206.945801	-101.318092
6212.329102	-101.197990
6217.712402	-102.305702
6223.095703	-103.096695
6228.479004	-102.669579
6233.862305	-102.794777
6239.245605	-103.228355
6244.628906	-101.907402
6250.012207	-102.145203
6255.395508	-103.279213
6260.778809	-102.536156
6266.162109	-102.533615
6271.545410	-102.576218
6276.928711	-102.788551
6282.312012	-102.290802
6287.695312	-102.969109
6293.078613	-103.118828
6298.461914	-102.874367
6303.845215	-102.686958
6309.228516	-101.814125
6314.611816	-102.262001
6319.995117	-102.940948
6325.378418	-101.763443
6330.761719	-100.019051
6336.145020	-100.309486
6341.528320	-103.007011
6346.911621	-103.324463
6352.294922	-103.299515
6357.678223	-102.476685
6363.061523	-102.576073
6368.444824	-102.156448
6373.828125	-101.687515
6379.211426	-102.201050
6384.594727	-102.204887
6389.978027	-102.099808
6395.361328	-101.405136
6400.744629	-102.938652
6406.127930	-103.273323
6411.511230	-103.421448
6416.894531	-104.006393
6422.277832	-101.859749
6427.661133	-102.453979
6433.044434	-103.550926
6438.427734	-102.922081
6443.811035	-100.880280
6449.194336	-102.026459
6454.577637	-103.113228
6459.960938	-102.082001
6465.344238	-102.843079
6470.727539	-102.709473
6476.110840	-103.001518
6481.494141	-103.235466
6486.877441	-103.617859
6492.260742	-103.076485
6497.644043	-103.059059
6503.027344	-102.619614
6508.410645	-102.314957
6513.793945	-103.004837
6519.177246	-102.803513
6524.560547	-102.384758
6529.943848	-102.524727
6535.327148	-102.075264
6540.710449	-100.917587
6546.093750	-102.212440
6551.477051	-102.401726
6556.860352	-102.563667
6562.243652	-103.180290
6567.626953	-103.406303
6573.010254	-103.001892
6578.393555	-103.193993
6583.776855	-102.558479
6589.160156	-102.115265
6594.543457	-102.209473
6599.926758	-103.145088
6605.310059	-102.836365
6610.693359	-101.219635
6616.076660	-102.561989
6621.459961	-102.838776
6626.843262	-103.055565
6632.226562	-101.978889
6637.609863	-101.261040
6642.993164	-102.059998
6648.376465	-102.795212
6653.759766	-101.901604
6659.143066	-102.085457
6664.526367	-102.610695
6669.909668	-102.628448
6675.292969	-102.199898
6680.676270	-101.879280
6686.059570	-101.900208
6691.442871	-102.120148
6696.826172	-102.515602
6702.209473	-102.923943
6707.592773	-103.105568
6712.976074	-102.910492
6718.359375	-102.902649
6723.742676	-103.285324
6729.125977	-101.740311
6734.509277	-101.764664
6739.892578	-102.797127
6745.275879	-102.473389
6750.659180	-102.030922
6756.042480	-101.505066
6761.425781	-102.716042
6766.809082	-102.694725
6772.192383	-101.597176
6777.575684	-101.507202
6782.958984	-103.115967
6788.342285	-103.505348
6793.725586	-101.987480
6799.108887	-102.570358
6804.492188	-101.877373
6809.875488	-100.890854
6815.258789	-101.622887
6820.642090	-102.433456
6826.025391	-102.589912
6831.408691	-102.584045
6836.791992	-102.011871
6842.175293	-101.675812
6847.558594	-102.975235
6852.941895	-102.266747
6858.325195	-102.365883
6863.708496	-102.299728
6869.091797	-102.677750
6874.475098	-102.107521
6879.858398	-102.129784
6885.241699	-101.918190
6890.625000	-102.448227
6896.008301	-103.256523
6901.391602	-103.692596
6906.774902	-103.431892
6912.158203	-103.557404
6917.541504	-103.615562
6922.924805	-103.634048
6928.308105	-103.330795
6933.691406	-103.271263
6939.074707	-103.002762
6944.458008	-103.400406
6949.841309	-103.467255
6955.224609	-103.064331
6960.607910	-103.117050
6965.991211	-104.795471
6971.374512	-102.686424
6976.757812	-102.590187
6982.141113	-103.730072
6987.524414	-103.836189
6992.907715	-103.463608
6998.291016	-102.593994
7003.674316	-102.843018
7009.057617	-103.593597
7014.440918	-103.249924
7019.824219	-103.378082
7025.207520	-103.891777
7030.590820	-103.547615
7035.974121	-103.126579
7041.357422	-103.171379
7046.740723	-103.103348
7052.124023	-103.398354
7057.507324	-103.168320
7062.890625	-103.323174
7068.273926	-103.670250
7073.657227	-103.824684
7079.040527	-103.904625
7084.423828	-102.873718
7089.807129	-104.071159
7095.190430	-104.357231
7100.573730	-103.994392
7105.957031	-104.162590
7111.340332	-104.213272
7116.723633	-104.578659
7122.106934	-103.705917
7127.490234	-103.407967
7132.873535	-103.910080
7138.256836	-104.456451
7143.640137	-104.115677
7149.023438	-103.191055
7154.406738	-102.850700
7159.790039	-102.288498
7165.173340	-102.618324
7170.556641	-102.133308
7175.939941	-102.910591
7181.323242	-103.898804
7186.706543	-103.237396
7192.089844	-103.869377
7197.473145	-103.853638
7202.856445	-104.117897
7208.239746	-104.350372
7213.623047	-104.595146
7219.006348	-105.007523
7224.389648	-104.655922
7229.772949	-104.788078
7235.156250	-105.684349
7240.539551	-105.270348
7245.922852	-104.408730
7251.306152	-104.426979
7256.689453	-104.809212
7262.072754	-104.695076
7267.456055	-104.405670
7272.839355	-104.120911
7278.222656	-103.496445
7283.605957	-103.669678
7288.989258	-103.935066
7294.372559	-103.513283
7299.755859	-102.589149
7305.139160	-103.061745
7310.522461	-103.865028
7315.905762	-104.294502
7321.289062	-103.942230
7326.672363	-103.321167
7332.055664	-103.240173
7337.438965	-104.061661
7342.822266	-104.200348
7348.205566	-103.970276
7353.588867	-104.368752
7358.972168	-103.408768
7364.355469	-102.355759
7369.738770	-103.559402
7375.122070	-102.483078
7380.505371	-103.538147
7385.888672	-103.854607
7391.271973	-103.760521
7396.655273	-103.897865
7402.038574	-103.138916
7407.421875	-103.194878
7412.805176	-103.524811
7418.188477	-104.038483
7423.571777	-104.596642
7428.955078	-104.224014
7434.338379	-103.254166
7439.721680	-103.506042
7445.104980	-103.471306
7450.488281	-104.548729
7455.871582	-104.858315
7461.254883	-104.037689
7466.638184	-104.612885
7472.021484	-104.387344
7477.404785	-104.250793
7482.788086	-104.274170
7488.171387	-103.275902
7493.554688	-103.208458
7498.937988	-103.565910
7504.321289	-104.014229
7509.704590	-103.980774
7515.087891	-104.315514
7520.471191	-104.271797
7525.854492	-103.221802
7531.237793	-104.335251
7536.621094	-104.579948
7542.004395	-103.914688
7547.387695	-103.165070
7552.770996	-103.810661
7558.154297	-104.423103
7563.537598	-104.281456
7568.920898	-104.232269
7574.304199	-104.192955
7579.687500	-104.141846
7585.070801	-104.544579
7590.454102	-104.432404
7595.837402	-104.105316
7601.220703	-104.418930
7606.604004	-104.615211
7611.987305	-104.032791
7617.370605	-104.229713
7622.753906	-104.250679
7628.137207	-103.964455
7633.520508	-104.296532
7638.903809	-104.086151
7644.287109	-103.556709
7649.670410	-103.768394
7655.053711	-104.463547
7660.437012	-105.122681
7665.820312	-105.041283
7671.203613	-103.860306
7676.586914	-102.503006
7681.970215	-103.114792
7687.353516	-104.271767
7692.736816	-103.918205
7698.120117	-104.235359
7703.503418	-105.019104
7708.886719	-104.107155
7714.270020	-103.685959
7719.653320	-103.993729
7725.036621	-103.871483
7730.419922	-103.409187
7735.803223	-103.981224
7741.186523	-104.123512
7746.569824	-104.464973
7751.953125	-104.095207
7757.336426	-104.072304
7762.719727	-103.967087
7768.103027	-103.513603
7773.486328	-104.612968
7778.869629	-104.898384
7784.252930	-104.530563
7789.636230	-104.828949
7795.019531	-104.172279
7800.402832	-103.889328
7805.786133	-104.368958
7811.169434	-104.348274
7816.552734	-105.703934
7821.936035	-104.850380
7827.319336	-104.148331
7832.702637	-104.053810
7838.085938	-104.294281
7843.469238	-105.215607
7848.852539	-104.318001
7854.235840	-104.268669
7859.619141	-105.102715
7865.002441	-104.658859
7870.385742	-104.553680
7875.769043	-105.369362
7881.152344	-105.148369
7886.535645	-103.979172
7891.918945	-104.973061
7897.302246	-104.531448
7902.685547	-105.072502
7908.068848	-104.431023
7913.452148	-102.983757
7918.835449	-103.624023
7924.218750	-103.816193
7929.602051	-103.744316
7934.985352	-104.358185
7940.368652	-102.940651
7945.751953	-103.708298
7951.135254	-104.556717
7956.518555	-105.218697
7961.901855	-104.120865
7967.285156	-104.519508
7972.668457	-104.365845
7978.051758	-104.234467
7983.435059	-105.312920
7988.818359	-106.201698
7994.201660	-104.249199
7999.584961	-103.185799
8004.968262	-103.886894
8010.351562	-105.414925
8015.734863	-105.661972
8021.118164	-105.365623
8026.501465	-104.574356
8031.884766	-104.885414
8037.268066	-105.489494
8042.651367	-105.503784
8048.034668	-105.905037
8053.417969	-106.061272
8058.801270	-105.833801
8064.184570	-105.729843
8069.567871	-104.869240
8074.951172	-104.818565
8080.334473	-104.909546
8085.717773	-105.038918
8091.101074	-105.023956
8096.484375	-105.392601
8101.867676	-104.282791
8107.250977	-103.503548
8112.634277	-104.367599
8118.017578	-105.017746
8123.400879	-104.961823
8128.784180	-105.727745
8134.167480	-105.899887
8139.550781	-105.393539
8144.934082	-104.751076
8150.317383	-105.688141
8155.700684	-105.981743
8161.083984	-105.690071
8166.467285	-105.728676
8171.850586	-106.050835
8177.233887	-106.178154
8182.617188	-105.021164
8188.000488	-103.256584
8193.383789	-104.536797
8198.767090	-104.715324
8204.150391	-105.028236
8209.533691	-105.612198
8214.916992	-105.761986
8220.300293	-105.187157
8225.683594	-104.288086
8231.066895	-104.175095
8236.450195	-105.535027
8241.833496	-105.159241
8247.216797	-105.758209
8252.600098	-106.482635
8257.983398	-105.507057
8263.366699	-105.746544
8268.750000	-105.638336
8274.133301	-105.221771
8279.516602	-104.927162
8284.899902	-104.756660
8290.283203	-104.909775
8295.666504	-105.496216
8301.049805	-105.951279
8306.433105	-106.811226
8311.816406	-105.685867
8317.199707	-105.453903
8322.583008	-104.995560
8327.966309	-104.405548
8333.349609	-104.730919
8338.732910	-104.661240
8344.116211	-104.845222
8349.499512	-105.590866
8354.882812	-105.937691
8360.266113	-105.517235
8365.649414	-106.589447
8371.032715	-105.936989
8376.416016	-105.021049
8381.799316	-105.975761
8387.182617	-105.878067
8392.565918	-104.958191
8397.949219	-105.722771
8403.332520	-105.229889
8408.715820	-104.689491
8414.099121	-105.378609
8419.482422	-105.635887
8424.865723	-105.649452
8430.249023	-105.658745
8435.632324	-105.472198
8441.015625	-106.620644
8446.398926	-105.728149
8451.782227	-105.159119
8457.165527	-105.151726
8462.548828	-105.467407
8467.932129	-105.799728
8473.315430	-104.605263
8478.698730	-105.236870
8484.082031	-105.927010
8489.465332	-106.079201
8494.848633	-105.558350
8500.231934	-106.332970
8505.615234	-106.262978
8510.998535	-105.715553
8516.381836	-105.853493
8521.765137	-105.155403
8527.148438	-106.003792
8532.531738	-106.347755
8537.915039	-106.407639
8543.298340	-106.108727
8548.681641	-105.234047
8554.064941	-105.027245
8559.448242	-106.667953
8564.831543	-106.797638
8570.214844	-104.854065
8575.598145	-104.139969
8580.981445	-105.419456
8586.364746	-104.393700
8591.748047	-104.494270
8597.131348	-105.141190
8602.514648	-105.880226
8607.897949	-105.406273
8613.281250	-104.482132
8618.664551	-105.259758
8624.047852	-105.408768
8629.431152	-105.507278
8634.814453	-105.794418
8640.197754	-105.401703
8645.581055	-104.009323
8650.964355	-104.998306
8656.347656	-105.967056
8661.730957	-106.468719
8667.114258	-104.700768
8672.497559	-103.754372
8677.880859	-105.100845
8683.264160	-105.371780
8688.647461	-105.877930
8694.030762	-105.168755
8699.414062	-105.615242
8704.797363	-106.117714
8710.180664	-105.534958
8715.563965	-105.190895
8720.947266	-104.642036
8726.330566	-105.507271
8731.713867	-106.279778
8737.097168	-106.597374
8742.480469	-106.625099
8747.863770	-106.471466
8753.247070	-105.530304
8758.630371	-103.828583
8764.013672	-103.639801
8769.396973	-105.368355
8774.780273	-106.027336
8780.163574	-106.050400
8785.546875	-106.070694
8790.930176	-106.111183
8796.313477	-105.486748
8801.696777	-104.611435
8807.080078	-104.492584
8812.463379	-105.460800
8817.846680	-105.319214
8823.229980	-105.116890
8828.613281	-105.725655
8833.996582	-106.439095
8839.379883	-106.193718
8844.763184	-106.245003
8850.146484	-105.849709
8855.529785	-103.989197
8860.913086	-103.792107
8866.296387	-105.640984
8871.679688	-106.079742
8877.062988	-106.294350
8882.446289	-106.762611
8887.829590	-105.858849
8893.212891	-105.022133
8898.596191	-105.474358
8903.979492	-105.736382
8909.362793	-106.080658
8914.746094	-106.003769
8920.129395	-105.472008
8925.512695	-104.457359
8930.895996	-104.583572
8936.279297	-104.432373
8941.662598	-104.112236
8947.045898	-104.983177
8952.429199	-105.677223
8957.812500	-106.811531
8963.195801	-105.942123
8968.579102	-107.055847
8973.962402	-106.864334
8979.345703	-105.895523
8984.729004	-106.484856
8990.112305	-106.126183
8995.495605	-105.865356
9000.878906	-104.869041
9006.262207	-106.405228
9011.645508	-105.923302
9017.028809	-104.828392
9022.412109	-103.808357
9027.795410	-106.495247
9033.178711	-106.170403
9038.562012	-105.960991
9043.945312	-106.172340
9049.328613	-106.205002
9054.711914	-106.454956
9060.095215	-106.776733
9065.478516	-106.540451
9070.861816	-105.523277
9076.245117	-105.707504
9081.628418	-105.479088
9087.011719	-105.728218
9092.395020	-106.295891
9097.778320	-105.478371
9103.161621	-104.559036
9108.544922	-105.105919
9113.928223	-105.856636
9119.311523	-105.849503
9124.694824	-107.110390
9130.078125	-107.194206
9135.461426	-106.453873
9140.844727	-106.114235
9146.228027	-106.140045
9151.611328	-106.657127
9156.994629	-106.203598
9162.377930	-105.636215
9167.761230	-105.470268
9173.144531	-105.934685
9178.527832	-106.401245
9183.911133	-106.731575
9189.294434	-106.358040
9194.677734	-105.623688
9200.061035	-105.776047
9205.444336	-105.775032
9210.827637	-105.777779
9216.210938	-105.862701
9221.594238	-105.741714
9226.977539	-106.500229
9232.360840	-106.722954
9237.744141	-105.053703
9243.127441	-105.340515
9248.510742	-105.549103
9253.894043	-105.789146
9259.277344	-105.974640
9264.660645	-105.881180
9270.043945	-105.016159
9275.427246	-103.852509
9280.810547	-105.518295
9286.193848	-106.369446
9291.577148	-106.392754
9296.960449	-106.576401
9302.343750	-106.702026
9307.727051	-105.424583
9313.110352	-106.375252
9318.493652	-107.196236
9323.876953	-107.328079
9329.260254	-107.526466
9334.643555	-106.830566
9340.026855	-106.574913
9345.410156	-106.538101
9350.793457	-105.497002
9356.176758	-106.604858
9361.560059	-106.630630
9366.943359	-105.468781
9372.326660	-106.555855
9377.709961	-107.263229
9383.093262	-106.653763
9388.476562	-106.502190
9393.859863	-105.755295
9399.243164	-105.058388
9404.626465	-102.630241
9410.009766	-104.079887
9415.393066	-105.682304
9420.776367	-105.248726
9426.159668	-104.557861
9431.542969	-104.462334
9436.926270	-105.215714
9442.309570	-105.329643
9447.692871	-104.934677
9453.076172	-104.919205
9458.459473	-105.353943
9463.842773	-105.989708
9469.226074	-106.161644
9474.609375	-105.335190
9479.992676	-105.180511
9485.375977	-105.660065
9490.759277	-106.349022
9496.142578	-106.339218
9501.525879	-105.828415
9506.909180	-104.341049
9512.292480	-105.988327
9517.675781	-105.838875
9523.059082	-105.493660
9528.442383	-105.644989
9533.825684	-106.048729
9539.208984	-105.959358
9544.592285	-105.737823
9549.975586	-105.904716
9555.358887	-105.928513
9560.742188	-106.468857
9566.125488	-107.140373
9571.508789	-106.825661
9576.892090	-106.370010
9582.275391	-105.735062
9587.658691	-105.423294
9593.041992	-105.357346
9598.425293	-106.803818
9603.808594	-106.825516
9609.191895	-106.911797
9614.575195	-107.015617
9619.958496	-106.006470
9625.341797	-106.136490
9630.725098	-106.347824
9636.108398	-106.320107
9641.491699	-106.564217
9646.875000	-106.441505
9652.258301	-106.126137
9657.641602	-105.034355
9663.024902	-106.190918
9668.408203	-107.522270
9673.791504	-106.130608
9679.174805	-106.161766
9684.558105	-105.499191
9689.941406	-104.221581
9695.324707	-105.269363
9700.708008	-105.978096
9706.091309	-105.522675
9711.474609	-105.078056
9716.857910	-105.107101
9722.241211	-105.492325
9727.624512	-105.379944
9733.007812	-105.245094
9738.391113	-104.487267
9743.774414	-105.016899
9749.157715	-105.291695
9754.541016	-105.548073
9759.924316	-106.426857
9765.307617	-105.442528
9770.690918	-104.827522
9776.074219	-104.459480
9781.457520	-106.300552
9786.840820	-105.341057
9792.224121	-106.202568
9797.607422	-105.654625
9802.990723	-105.912407
9808.374023	-106.164276
9813.757324	-105.551765
9819.140625	-104.923180
9824.523926	-105.833679
9829.907227	-106.080414
9835.290527	-105.953697
9840.673828	-105.694221
9846.057129	-105.731903
9851.440430	-106.290047
9856.823730	-106.746315
9862.207031	-106.489365
9867.590332	-106.850418
9872.973633	-106.619987
9878.356934	-106.962646
9883.740234	-105.823662
9889.123535	-105.684189
9894.506836	-105.374878
9899.890137	-105.534851
9905.273438	-105.775436
9910.656738	-106.205544
9916.040039	-106.444000
9921.423340	-106.531105
9926.806641	-106.393181
9932.189941	-105.901436
9937.573242	-105.210678
9942.956543	-104.750717
9948.339844	-104.699875
9953.723145	-106.071342
9959.106445	-106.022354
9964.489746	-105.171341
9969.873047	-105.331673
9975.256348	-106.083420
9980.639648	-106.669167
9986.022949	-106.575317
9991.406250	-106.533272
9996.789551	-106.146118
10002.172852	-105.312393
10007.556152	-105.344788
10012.939453	-106.257210
10018.322754	-105.165512
10023.706055	-105.076996
10029.089355	-106.035126
10034.472656	-106.019531
10039.855957	-106.583992
10045.239258	-107.075752
10050.622559	-104.832558
10056.005859	-104.590210
10061.389160	-106.592178
10066.772461	-106.445160
10072.155762	-106.264313
10077.539062	-105.719833
10082.922363	-106.082924
10088.305664	-105.337982
10093.688965	-106.418236
10099.072266	-106.813293
10104.455566	-106.980743
10109.838867	-106.511833
10115.222168	-106.188004
10120.605469	-106.327904
10125.988770	-106.802574
10131.372070	-106.264465
10136.755371	-105.668800
10142.138672	-105.853104
10147.521973	-106.089417
10152.905273	-106.031410
10158.288574	-105.506157
10163.671875	-105.980431
10169.055176	-106.636826
10174.438477	-106.943893
10179.821777	-107.432487
10185.205078	-106.885933
10190.588379	-106.557098
10195.971680	-106.642990
10201.354980	-106.297241
10206.738281	-105.551338
10212.121582	-104.768852
10217.504883	-104.453300
10222.888184	-104.047623
10228.271484	-104.667549
10233.654785	-104.272690
10239.038086	-103.647469
10244.421387	-103.804649
10249.804688	-103.332237
10255.187988	-103.061020
10260.571289	-103.371376
10265.954590	-103.955147
10271.337891	-104.514565
10276.721191	-105.461823
10282.104492	-105.997459
10287.487793	-105.815483
10292.871094	-106.375832
10298.254395	-106.041801
10303.637695	-105.623535
10309.020996	-106.455559
10314.404297	-106.844658
10319.787598	-106.908356
10325.170898	-106.829247
10330.554199	-105.755333
10335.937500	-104.951515
10341.320801	-105.868935
10346.704102	-106.158142
10352.087402	-106.056252
10357.470703	-105.493721
10362.854004	-104.790329
10368.237305	-104.973129
10373.620605	-104.625740
10379.003906	-104.446594
10384.387207	-95.805458
10389.770508	-90.198769
10395.153809	-97.609962
10400.537109	-104.657822
10405.920410	-104.754639
10411.303711	-105.776138
10416.687012	-105.989029
10422.070312	-106.354050
10427.453613	-106.861717
10432.836914	-106.002441
10438.220215	-104.741730
10443.603516	-104.804741
10448.986816	-106.134132
10454.370117	-106.664505
10459.753418	-106.785370
10465.136719	-106.726349
10470.520020	-106.388428
10475.903320	-105.820038
10481.286621	-106.566772
10486.669922	-106.919418
10492.053223	-105.615318
10497.436523	-105.417473
10502.819824	-104.913208
10508.203125	-104.763741
10513.586426	-105.087761
10518.969727	-106.219795
10524.353027	-107.017845
10529.736328	-107.139587
10535.119629	-106.549118
10540.502930	-106.716293
10545.886230	-106.700821
10551.269531	-106.940346
10556.652832	-107.078217
10562.036133	-106.653725
10567.419434	-107.094803
10572.802734	-107.197304
10578.186035	-107.806465
10583.569336	-107.862373
10588.952637	-107.697388
10594.335938	-107.348907
10599.719238	-107.134224
10605.102539	-107.943588
10610.485840	-107.772530
10615.869141	-106.773506
10621.252441	-107.304062
10626.635742	-107.012375
10632.019043	-107.366180
10637.402344	-107.372215
10642.785645	-106.939598
10648.168945	-106.832649
10653.552246	-106.173279
10658.935547	-105.772774
10664.318848	-105.506332
10669.702148	-105.820564
10675.085449	-106.235123
10680.468750	-105.582741
10685.852051	-106.090637
10691.235352	-105.836433
10696.618652	-106.808250
10702.001953	-106.593338
10707.385254	-105.211197
10712.768555	-104.758514
10718.151855	-105.055740
10723.535156	-105.487762
10728.918457	-104.973923
10734.301758	-105.601173
10739.685059	-106.022629
10745.068359	-106.872810
10750.451660	-107.702675
10755.834961	-107.994331
10761.218262	-108.532249
10766.601562	-108.209488
10771.984863	-107.848274
10777.368164	-107.617508
10782.751465	-107.698318
10788.134766	-107.649384
10793.518066	-107.788414
10798.901367	-107.538155
10804.284668	-107.063728
10809.667969	-107.497574
10815.051270	-107.736389
10820.434570	-107.218231
10825.817871	-107.476013
10831.201172	-106.705093
10836.584473	-107.399109
10841.967773	-108.502457
10847.351074	-107.786484
10852.734375	-107.622536
10858.117676	-107.671822
10863.500977	-108.016502
10868.884277	-107.971664
10874.267578	-106.825256
10879.650879	-107.656937
10885.034180	-108.264565
10890.417480	-107.216408
10895.800781	-106.827141
10901.184082	-107.681877
10906.567383	-108.225204
10911.950684	-108.754944
10917.333984	-107.370842
10922.717285	-107.842514
10928.100586	-108.506500
10933.483887	-108.762024
10938.867188	-109.101326
10944.250488	-108.387062
10949.633789	-109.277527
10955.017090	-109.625984
10960.400391	-110.026878
10965.783691	-108.809563
10971.166992	-108.688652
10976.550293	-109.469704
10981.933594	-108.931633
10987.316895	-108.877083
10992.700195	-107.703827
10998.083496	-107.074181
11003.466797	-108.835266
11008.850098	-109.655495
11014.233398	-109.317261
11019.616699	-109.442200
11025.000000	-109.300919
11030.383301	-108.905861
11035.766602	-108.338905
11041.149902	-107.516609
11046.533203	-107.925117
11051.916504	-108.269714
11057.299805	-108.563179
11062.683105	-108.354279
11068.066406	-107.377716
11073.449707	-107.413788
11078.833008	-107.893822
11084.216309	-107.181587
11089.599609	-107.488571
11094.982910	-108.090630
11100.366211	-107.314972
11105.749512	-107.994339
11111.132812	-107.274757
11116.516113	-106.369263
11121.899414	-107.864777
11127.282715	-108.040962
11132.666016	-107.234344
11138.049316	-107.319023
11143.432617	-108.092957
11148.815918	-108.663445
11154.199219	-107.380562
11159.582520	-106.986618
11164.965820	-107.986755
11170.349121	-108.180084
11175.732422	-107.844582
11181.115723	-107.746536
11186.499023	-107.409225
11191.882324	-107.877243
11197.265625	-108.288048
11202.648926	-107.976280
11208.032227	-107.796562
11213.415527	-107.729713
11218.798828	-107.861839
11224.182129	-107.999123
11229.565430	-107.052444
11234.948730	-106.499863
11240.332031	-106.537239
11245.715332	-106.939674
11251.098633	-107.105072
11256.481934	-107.048676
11261.865234	-107.089165
11267.248535	-105.997322
11272.631836	-104.258644
11278.015137	-107.433487
11283.398438	-107.527107
11288.781738	-107.814880
11294.165039	-107.397003
11299.548340	-107.632401
11304.931641	-107.721138
11310.314941	-108.747673
11315.698242	-108.948738
11321.081543	-108.451218
11326.464844	-109.013298
11331.848145	-108.852730
11337.231445	-108.453522
11342.614746	-108.831673
11347.998047	-108.821335
11353.381348	-107.544037
11358.764648	-107.423531
11364.147949	-107.725777
11369.531250	-108.346230
11374.914551	-108.172989
11380.297852	-108.830505
11385.681152	-108.548775
11391.064453	-107.607170
11396.447754	-109.323479
11401.831055	-109.311302
11407.214355	-109.172218
11412.597656	-108.831543
11417.980957	-108.522148
11423.364258	-109.193207
11428.747559	-108.886620
11434.130859	-108.241127
11439.514160	-107.390511
11444.897461	-107.406021
11450.280762	-107.039612
11455.664062	-107.853493
11461.047363	-107.837425
11466.430664	-108.050079
11471.813965	-107.379852
11477.197266	-107.510551
11482.580566	-107.461899
11487.963867	-107.440155
11493.347168	-107.828293
11498.730469	-108.128746
11504.113770	-108.263611
11509.497070	-108.022049
11514.880371	-107.304146
11520.263672	-106.813339
11525.646973	-106.300041
11531.030273	-106.894066
11536.413574	-107.079117
11541.796875	-107.564751
11547.180176	-108.409134
11552.563477	-108.461266
11557.946777	-108.470047
11563.330078	-108.296188
11568.713379	-108.729309
11574.096680	-109.197739
11579.479980	-109.320915
11584.863281	-109.233429
11590.246582	-107.996460
11595.629883	-107.473068
11601.013184	-107.764030
11606.396484	-108.084946
11611.779785	-109.252083
11617.163086	-107.481987
11622.546387	-107.052521
11627.929688	-109.050919
11633.312988	-108.976311
11638.696289	-108.754456
11644.079590	-109.464104
11649.462891	-108.900703
11654.846191	-109.029503
11660.229492	-108.411926
11665.612793	-108.409149
11670.996094	-108.079117
11676.379395	-108.079163
11681.762695	-108.728592
11687.145996	-109.002594
11692.529297	-108.932243
11697.912598	-109.152161
11703.295898	-109.041336
11708.679199	-108.764610
11714.062500	-109.043579
11719.445801	-108.925018
11724.829102	-108.617943
11730.212402	-107.881180
11735.595703	-107.468254
11740.979004	-107.141609
11746.362305	-107.413811
11751.745605	-108.177177
11757.128906	-108.678085
11762.512207	-108.780525
11767.895508	-109.766907
11773.278809	-108.985641
11778.662109	-108.498596
11784.045410	-108.555313
11789.428711	-108.559647
11794.812012	-108.454895
11800.195312	-108.689156
11805.578613	-108.811348
11810.961914	-109.916084
11816.345215	-109.973122
11821.728516	-108.826698
11827.111816	-108.061363
11832.495117	-108.478806
11837.878418	-108.645187
11843.261719	-109.380356
11848.645020	-109.427475
11854.028320	-108.687965
11859.411621	-108.687698
11864.794922	-108.658401
11870.178223	-108.255119
11875.561523	-107.763687
11880.944824	-107.222313
11886.328125	-107.565567
11891.711426	-108.860115
11897.094727	-109.159462
11902.478027	-107.408852
11907.861328	-107.583344
11913.244629	-107.165878
11918.627930	-106.858444
11924.011230	-107.139702
11929.394531	-107.519035
11934.777832	-106.752243
11940.161133	-107.780197
11945.544434	-107.590500
11950.927734	-107.955078
11956.311035	-107.703407
11961.694336	-107.171585
11967.077637	-106.877396
11972.460938	-107.110519
11977.844238	-107.138290
11983.227539	-108.068085
11988.610840	-107.677567
11993.994141	-107.827080
11999.377441	-107.148651
12004.760742	-107.293434
12010.144043	-108.307053
12015.527344	-108.086792
12020.910645	-108.363747
12026.293945	-107.978500
12031.677246	-107.667885
12037.060547	-108.118698
12042.443848	-108.190376
12047.827148	-108.144234
12053.210449	-107.973442
12058.593750	-107.981285
12063.977051	-107.372292
12069.360352	-107.857376
12074.743652	-107.774742
12080.126953	-108.344681
12085.510254	-108.059837
12090.893555	-108.173729
12096.276855	-108.503365
12101.660156	-107.677429
12107.043457	-107.778549
12112.426758	-108.482796
12117.810059	-108.370438
12123.193359	-108.746460
12128.576660	-108.435387
12133.959961	-108.028015
12139.343262	-108.547363
12144.726562	-109.079689
12150.109863	-108.817192
12155.493164	-108.675903
12160.876465	-108.204903
12166.259766	-108.696556
12171.643066	-109.098701
12177.026367	-109.337669
12182.409668	-109.557472
12187.792969	-108.930267
12193.176270	-109.061501
12198.559570	-108.895012
12203.942871	-109.326057
12209.326172	-108.872032
12214.709473	-108.989220
12220.092773	-109.344009
12225.476074	-108.616096
12230.859375	-108.106445
12236.242676	-108.344650
12241.625977	-108.581161
12247.009277	-108.599037
12252.392578	-109.540497
12257.775879	-108.960831
12263.159180	-109.077866
12268.542480	-109.177109
12273.925781	-110.020134
12279.309082	-108.917709
12284.692383	-108.969765
12290.075684	-108.703026
12295.458984	-108.416946
12300.842285	-109.002686
12306.225586	-108.992027
12311.608887	-108.268990
12316.992188	-107.612236
12322.375488	-107.924286
12327.758789	-107.960251
12333.142090	-108.659653
12338.525391	-108.565369
12343.908691	-108.972610
12349.291992	-109.058365
12354.675293	-108.600296
12360.058594	-108.248299
12365.441895	-109.141068
12370.825195	-108.641022
12376.208496	-108.520638
12381.591797	-109.049271
12386.975098	-108.501228
12392.358398	-108.863724
12397.741699	-108.714767
12403.125000	-109.725006
12408.508301	-109.298225
12413.891602	-109.265137
12419.274902	-109.233841
12424.658203	-109.135933
12430.041504	-109.345993
12435.424805	-109.005241
12440.808105	-108.354637
12446.191406	-108.772285
12451.574707	-109.596977
12456.958008	-109.605453
12462.341309	-109.631302
12467.724609	-109.674370
12473.107910	-109.427696
12478.491211	-108.865067
12483.874512	-108.981812
12489.257812	-108.745888
12494.641113	-108.804657
12500.024414	-108.790054
12505.407715	-108.573036
12510.791016	-109.097946
12516.174316	-108.911049
12521.557617	-108.756729
12526.940918	-108.793541
12532.324219	-109.065163
12537.707520	-109.404350
12543.090820	-108.904297
12548.474121	-108.471916
12553.857422	-109.129723
12559.240723	-109.062744
12564.624023	-108.953514
12570.007324	-107.924522
12575.390625	-108.855675
12580.773926	-108.746979
12586.157227	-108.385674
12591.540527	-108.389915
12596.923828	-109.292236
12602.307129	-109.664909
12607.690430	-108.542953
12613.073730	-108.722137
12618.457031	-108.550995
12623.840332	-109.022141
12629.223633	-109.450409
12634.606934	-109.165848
12639.990234	-109.332932
12645.373535	-109.336525
12650.756836	-109.859802
12656.140137	-110.073166
12661.523438	-109.583900
12666.906738	-109.498810
12672.290039	-109.733932
12677.673340	-109.525574
12683.056641	-109.203201
12688.439941	-109.212387
12693.823242	-110.078407
12699.206543	-109.862411
12704.589844	-109.812286
12709.973145	-110.233711
12715.356445	-109.784981
12720.739746	-109.044815
12726.123047	-108.512802
12731.506348	-108.600479
12736.889648	-109.061569
12742.272949	-109.559074
12747.656250	-109.611237
12753.039551	-109.292091
12758.422852	-109.710884
12763.806152	-109.727127
12769.189453	-109.229134
12774.572754	-109.594917
12779.956055	-109.590065
12785.339355	-109.187317
12790.722656	-109.798752
12796.105957	-110.393234
12801.489258	-109.839752
12806.872559	-109.192039
12812.255859	-109.288200
12817.639160	-109.212418
12823.022461	-109.320229
12828.405762	-109.611565
12833.789062	-109.548134
12839.172363	-109.687630
12844.555664	-109.828659
12849.938965	-109.484932
12855.322266	-109.755226
12860.705566	-109.705452
12866.088867	-109.138618
12871.472168	-110.097595
12876.855469	-109.510994
12882.238770	-109.284737
12887.622070	-109.710960
12893.005371	-109.282768
12898.388672	-109.056381
12903.771973	-110.097359
12909.155273	-110.468613
12914.538574	-109.442863
12919.921875	-109.448280
12925.305176	-109.707680
12930.688477	-109.775879
12936.071777	-110.421494
12941.455078	-111.054695
12946.838379	-109.997040
12952.221680	-109.454926
12957.604980	-109.689468
12962.988281	-109.834175
12968.371582	-110.238663
12973.754883	-110.038338
12979.138184	-109.852264
12984.521484	-110.202255
12989.904785	-109.828514
12995.288086	-109.745377
13000.671387	-109.040741
13006.054688	-108.730324
13011.437988	-110.067688
13016.821289	-110.515892
13022.204590	-109.258499
13027.587891	-110.224564
13032.971191	-110.454117
13038.354492	-110.469078
13043.737793	-110.657425
13049.121094	-110.462280
13054.504395	-111.096352
13059.887695	-110.601662
13065.270996	-110.546692
13070.654297	-110.514526
13076.037598	-110.705086
13081.420898	-110.672844
13086.804199	-110.012978
13092.187500	-109.727158
13097.570801	-109.704796
13102.954102	-110.478218
13108.337402	-109.946579
13113.720703	-109.767090
13119.104004	-109.684151
13124.487305	-109.755562
13129.870605	-110.124557
13135.253906	-110.394455
13140.637207	-110.170303
13146.020508	-109.879608
13151.403809	-110.455254
13156.787109	-110.023933
13162.170410	-109.544945
13167.553711	-108.634216
13172.937012	-109.049568
13178.320312	-109.125458
13183.703613	-107.979301
13189.086914	-107.361938
13194.470215	-107.446396
13199.853516	-107.624405
13205.236816	-107.015884
13210.620117	-108.201553
13216.003418	-108.042503
13221.386719	-107.354790
13226.770020	-106.806786
13232.153320	-107.259445
13237.536621	-107.457443
13242.919922	-107.610649
13248.303223	-107.412735
13253.686523	-107.778801
13259.069824	-106.795624
13264.453125	-106.738800
13269.836426	-106.466949
13275.219727	-106.681473
13280.603027	-107.245728
13285.986328	-107.398033
13291.369629	-107.897591
13296.752930	-108.056526
13302.136230	-107.898415
13307.519531	-108.073471
13312.902832	-108.591064
13318.286133	-109.037727
13323.669434	-109.254417
13329.052734	-108.680801
13334.436035	-107.998596
13339.819336	-107.989235
13345.202637	-107.286377
13350.585938	-107.121208
13355.969238	-107.555717
13361.352539	-107.904602
13366.735840	-107.835991
13372.119141	-108.130150
13377.502441	-108.448616
13382.885742	-108.907593
13388.269043	-108.540955
13393.652344	-107.786766
13399.035645	-107.558121
13404.418945	-107.250069
13409.802246	-106.888237
13415.185547	-106.709999
13420.568848	-107.088867
13425.952148	-107.226082
13431.335449	-107.138901
13436.718750	-106.833824
13442.102051	-106.311661
13447.485352	-105.966957
13452.868652	-107.126404
13458.251953	-107.521004
13463.635254	-107.260315
13469.018555	-107.690331
13474.401855	-107.671181
13479.785156	-107.508125
13485.168457	-108.965469
13490.551758	-109.584854
13495.935059	-109.463997
13501.318359	-109.355949
13506.701660	-109.094772
13512.084961	-108.870522
13517.468262	-108.815849
13522.851562	-108.896309
13528.234863	-109.345932
13533.618164	-108.356728
13539.001465	-108.664101
13544.384766	-108.262436
13549.768066	-108.738892
13555.151367	-108.592072
13560.534668	-108.707565
13565.917969	-109.473045
13571.301270	-109.240158
13576.684570	-109.438568
13582.067871	-109.752068
13587.451172	-110.355873
13592.834473	-110.124756
13598.217773	-109.784805
13603.601074	-109.499413
13608.984375	-110.370979
13614.367676	-109.860931
13619.750977	-110.145096
13625.134277	-109.301064
13630.517578	-109.513084
13635.900879	-109.498123
13641.284180	-109.187714
13646.667480	-109.399689
13652.050781	-109.618401
13657.434082	-109.177422
13662.817383	-109.661682
13668.200684	-110.458069
13673.583984	-110.236099
13678.967285	-110.219009
13684.350586	-110.359428
13689.733887	-110.304283
13695.117188	-109.782585
13700.500488	-109.193230
13705.883789	-109.317940
13711.267090	-109.426544
13716.650391	-110.493294
13722.033691	-110.534500
13727.416992	-109.520554
13732.800293	-109.963310
13738.183594	-109.834160
13743.566895	-110.175629
13748.950195	-109.762558
13754.333496	-109.204865
13759.716797	-108.792938
13765.100098	-109.199562
13770.483398	-109.675041
13775.866699	-109.453552
13781.250000	-108.998596
13786.633301	-109.316605
13792.016602	-108.754601
13797.399902	-110.180191
13802.783203	-109.546356
13808.166504	-109.746933
13813.549805	-110.191261
13818.933105	-109.005096
13824.316406	-108.821625
13829.699707	-109.379616
13835.083008	-108.803856
13840.466309	-107.204079
13845.849609	-97.418793
13851.232910	-97.943893
13856.616211	-107.546394
13861.999512	-108.684807
13867.382812	-109.017670
13872.766113	-108.993416
13878.149414	-109.221764
13883.532715	-109.058769
13888.916016	-109.278839
13894.299316	-109.419868
13899.682617	-109.396996
13905.065918	-109.170090
13910.449219	-108.737801
13915.832520	-109.515381
13921.215820	-109.730057
13926.599121	-109.358765
13931.982422	-108.948921
13937.365723	-109.101601
13942.749023	-108.766747
13948.132324	-108.181313
13953.515625	-108.871475
13958.898926	-109.408798
13964.282227	-109.361916
13969.665527	-108.528069
13975.048828	-109.513611
13980.432129	-109.053741
13985.815430	-108.421043
13991.198730	-108.469566
13996.582031	-109.539352
14001.965332	-108.753563
14007.348633	-108.641861
14012.731934	-109.424698
14018.115234	-109.660568
14023.498535	-109.733780
14028.881836	-109.655968
14034.265137	-109.528664
14039.648438	-109.830017
14045.031738	-109.604660
14050.415039	-109.903793
14055.798340	-110.324051
14061.181641	-109.952118
14066.564941	-109.589455
14071.948242	-109.109138
14077.331543	-109.533394
14082.714844	-109.258492
14088.098145	-109.311722
14093.481445	-109.727936
14098.864746	-108.956123
14104.248047	-107.874428
14109.631348	-108.506721
14115.014648	-109.204643
14120.397949	-109.574226
14125.781250	-109.506676
14131.164551	-109.108749
14136.547852	-109.246101
14141.931152	-109.322701
14147.314453	-109.285301
14152.697754	-109.485466
14158.081055	-109.238350
14163.464355	-108.290863
14168.847656	-108.193451
14174.230957	-108.741158
14179.614258	-109.287155
14184.997559	-108.929298
14190.380859	-108.661545
14195.764160	-108.937172
14201.147461	-108.852287
14206.530762	-109.225739
14211.914062	-108.819458
14217.297363	-108.902740
14222.680664	-108.878036
14228.063965	-109.336586
14233.447266	-108.832291
14238.830566	-108.310722
14244.213867	-108.527245
14249.597168	-108.397789
14254.980469	-108.372566
14260.363770	-108.031319
14265.747070	-109.165070
14271.130371	-108.591537
14276.513672	-108.076172
14281.896973	-108.850121
14287.280273	-108.744514
14292.663574	-109.208641
14298.046875	-108.919830
14303.430176	-108.016731
14308.813477	-108.220314
14314.196777	-108.755112
14319.580078	-108.485832
14324.963379	-108.035126
14330.346680	-108.756088
14335.729980	-108.537781
14341.113281	-108.580971
14346.496582	-108.749687
14351.879883	-108.786560
14357.263184	-108.308357
14362.646484	-108.559441
14368.029785	-107.661316
14373.413086	-108.274590
14378.796387	-109.752129
14384.179688	-109.022331
14389.562988	-108.155655
14394.946289	-108.374992
14400.329590	-108.676689
14405.712891	-109.026230
14411.096191	-108.308144
14416.479492	-108.416275
14421.862793	-108.638603
14427.246094	-108.573578
14432.629395	-109.052467
14438.012695	-109.081367
14443.395996	-108.264565
14448.779297	-108.450157
14454.162598	-108.761986
14459.545898	-108.587730
14464.929199	-109.210503
14470.312500	-109.093727
14475.695801	-108.503036
14481.079102	-108.748047
14486.462402	-108.432472
14491.845703	-108.525497
14497.229004	-108.222130
14502.612305	-107.525429
14507.995605	-108.133789
14513.378906	-108.896881
14518.762207	-108.934189
14524.145508	-108.418648
14529.528809	-108.030518
14534.912109	-107.725792
14540.295410	-108.319351
14545.678711	-108.471001
14551.062012	-108.109543
14556.445312	-108.244499
14561.828613	-108.104675
14567.211914	-108.642189
14572.595215	-108.569984
14577.978516	-108.339226
14583.361816	-108.363602
14588.745117	-108.130798
14594.128418	-107.817902
14599.511719	-108.061844
14604.895020	-107.980064
14610.278320	-108.567871
14615.661621	-107.985527
14621.044922	-108.656441
14626.428223	-108.703651
14631.811523	-107.560806
14637.194824	-107.439415
14642.578125	-107.294182
14647.961426	-107.567627
14653.344727	-108.038925
14658.728027	-108.561348
14664.111328	-108.282379
14669.494629	-107.403526
14674.877930	-108.023262
14680.261230	-108.663704
14685.644531	-108.357880
14691.027832	-108.276375
14696.411133	-108.329773
14701.794434	-108.325874
14707.177734	-108.698044
14712.561035	-108.617043
14717.944336	-108.677788
14723.327637	-108.303238
14728.710938	-108.363304
14734.094238	-108.271645
14739.477539	-108.139778
14744.860840	-108.406929
14750.244141	-107.126137
14755.627441	-106.781013
14761.010742	-107.301453
14766.394043	-107.716461
14771.777344	-107.559700
14777.160645	-108.678268
14782.543945	-108.118042
14787.927246	-108.097366
14793.310547	-107.977478
14798.693848	-107.888382
14804.077148	-108.218414
14809.460449	-108.259636
14814.843750	-107.972000
14820.227051	-107.279930
14825.610352	-108.157753
14830.993652	-107.756088
14836.376953	-107.508362
14841.760254	-107.740860
14847.143555	-107.568123
14852.526855	-107.521736
14857.910156	-106.745018
14863.293457	-107.158546
14868.676758	-107.360222
14874.060059	-107.325348
14879.443359	-107.519997
14884.826660	-107.233810
14890.209961	-107.085136
14895.593262	-107.006630
14900.976562	-107.669174
14906.359863	-108.173294
14911.743164	-108.064484
14917.126465	-108.057816
14922.509766	-108.391640
14927.893066	-108.653526
14933.276367	-108.146515
14938.659668	-107.710045
14944.042969	-107.271431
14949.426270	-106.771019
14954.809570	-106.718758
14960.192871	-107.028282
14965.576172	-107.306030
14970.959473	-107.487587
14976.342773	-107.255943
14981.726074	-107.016525
14987.109375	-106.845985
14992.492676	-107.415466
14997.875977	-107.690514
15003.259277	-106.729675
15008.642578	-106.837036
15014.025879	-107.210419
15019.409180	-108.000519
15024.792480	-108.208397
15030.175781	-107.770889
15035.559082	-107.750610
15040.942383	-107.570412
15046.325684	-107.301140
15051.708984	-107.982780
15057.092285	-108.830978
15062.475586	-108.582382
15067.858887	-107.733795
15073.242188	-106.935585
15078.625488	-107.384239
15084.008789	-107.403290
15089.392090	-107.250786
15094.775391	-107.042145
15100.158691	-107.556702
15105.541992	-107.622696
15110.925293	-107.143555
15116.308594	-107.929558
15121.691895	-107.325562
15127.075195	-107.518761
15132.458496	-107.323074
15137.841797	-107.834137
15143.225098	-108.015289
15148.608398	-107.125648
15153.991699	-107.152405
15159.375000	-107.320961
15164.758301	-107.106499
15170.141602	-107.286705
15175.524902	-107.409271
15180.908203	-107.894302
15186.291504	-107.187981
15191.674805	-107.350891
15197.058105	-107.605476
15202.441406	-107.645065
15207.824707	-107.530037
15213.208008	-107.764610
15218.591309	-107.735184
15223.974609	-107.312843
15229.357910	-107.297935
15234.741211	-107.747429
15240.124512	-108.303177
15245.507812	-108.618759
15250.891113	-108.354530
15256.274414	-107.887787
15261.657715	-107.789314
15267.041016	-107.488983
15272.424316	-107.435814
15277.807617	-107.100945
15283.190918	-107.229515
15288.574219	-107.088493
15293.957520	-107.200844
15299.340820	-107.083321
15304.724121	-108.098122
15310.107422	-107.492767
15315.490723	-107.657928
15320.874023	-107.640167
15326.257324	-107.778442
15331.640625	-108.036171
15337.023926	-108.129898
15342.407227	-107.281410
15347.790527	-106.884758
15353.173828	-107.641151
15358.557129	-107.587517
15363.940430	-106.659958
15369.323730	-106.928680
15374.707031	-107.085953
15380.090332	-107.604317
15385.473633	-107.000122
15390.856934	-107.058929
15396.240234	-107.075974
15401.623535	-107.334000
15407.006836	-107.759575
15412.390137	-107.085129
15417.773438	-107.965683
15423.156738	-108.281326
15428.540039	-107.392006
15433.923340	-107.698418
15439.306641	-107.398254
15444.689941	-107.106194
15450.073242	-107.103661
15455.456543	-107.292763
15460.839844	-106.732307
15466.223145	-105.922966
15471.606445	-106.745071
15476.989746	-107.088417
15482.373047	-106.487968
15487.756348	-105.888329
15493.139648	-105.789192
15498.522949	-107.180092
15503.906250	-106.774040
15509.289551	-106.983223
15514.672852	-106.544899
15520.056152	-106.431786
15525.439453	-107.072136
15530.822754	-107.036484
15536.206055	-107.528419
15541.589355	-107.376869
15546.972656	-107.275475
15552.355957	-107.095192
15557.739258	-107.371635
15563.122559	-107.499268
15568.505859	-107.991241
15573.889160	-107.373070
15579.272461	-106.791771
15584.655762	-106.965034
15590.039062	-107.461288
15595.422363	-107.714325
15600.805664	-107.524956
15606.188965	-107.487091
15611.572266	-107.639137
15616.955566	-106.590271
15622.338867	-106.923004
15627.722168	-107.589752
15633.105469	-107.124428
15638.488770	-107.149261
15643.872070	-107.127296
15649.255371	-107.260872
15654.638672	-107.374863
15660.021973	-107.779938
15665.405273	-106.861664
15670.788574	-107.146103
15676.171875	-107.288979
15681.555176	-107.477707
15686.938477	-106.615364
15692.321777	-107.356743
15697.705078	-107.638573
15703.088379	-107.288048
15708.471680	-106.558823
15713.854980	-107.712730
15719.238281	-107.877525
15724.621582	-107.740311
15730.004883	-107.922852
15735.388184	-106.975258
15740.771484	-106.482788
15746.154785	-107.806511
15751.538086	-107.472404
15756.921387	-107.255951
15762.304688	-107.422287
15767.687988	-107.594345
15773.071289	-107.953880
15778.454590	-108.046036
15783.837891	-107.790932
15789.221191	-106.930832
15794.604492	-107.216614
15799.987793	-107.915573
15805.371094	-107.679138
15810.754395	-107.138016
15816.137695	-107.432884
15821.520996	-107.106880
15826.904297	-108.008827
15832.287598	-108.186691
15837.670898	-107.740166
15843.054199	-107.477417
15848.437500	-107.093178
15853.820801	-107.852753
15859.204102	-107.888969
15864.587402	-107.382645
15869.970703	-106.633797
15875.354004	-107.424767
15880.737305	-107.894073
15886.120605	-107.259224
15891.503906	-107.980835
15896.887207	-107.815773
15902.270508	-106.958176
15907.653809	-107.306831
15913.037109	-107.592522
15918.420410	-107.595505
15923.803711	-107.862946
15929.187012	-107.899200
15934.570312	-107.995667
15939.953613	-107.582596
15945.336914	-106.986961
15950.720215	-106.762123
15956.103516	-107.334671
15961.486816	-108.009941
15966.870117	-108.206604
15972.253418	-108.357025
15977.636719	-109.210449
15983.020020	-111.030289
15988.403320	-113.179070
15993.786621	-115.876495
15999.169922	-120.313583
16004.553223	-126.795166
16009.936523	-129.106644
16015.319824	-128.349823
16020.703125	-128.013260
16026.086426	-130.200195
16031.469727	-129.993149
16036.853027	-130.125626
16042.236328	-130.069107
16047.619629	-129.558746
16053.002930	-130.458084
16058.386230	-129.866302
16063.769531	-130.073181
16069.152832	-129.417084
16074.536133	-130.537689
16079.919434	-129.910141
16085.302734	-130.439682
16090.686035	-130.129379
16096.069336	-130.397827
16101.452637	-130.704788
16106.835938	-130.637955
16112.219238	-130.087952
16117.602539	-130.180176
16122.985840	-130.363724
16128.369141	-130.520355
16133.752441	-130.497482
16139.135742	-130.840149
16144.519043	-130.736328
16149.902344	-130.392441
16155.285645	-129.956558
16160.668945	-130.309067
16166.052246	-130.263824
16171.435547	-130.746750
16176.818848	-130.491577
16182.202148	-130.312714
16187.585449	-130.318359
16192.968750	-130.170654
16198.352051	-130.552200
16203.735352	-130.187775
16209.118652	-130.886734
16214.501953	-130.445541
16219.885254	-130.391235
16225.268555	-130.628738
16230.651855	-130.119064
16236.035156	-130.912323
16241.418457	-130.493149
16246.801758	-130.317444
16252.185059	-130.421524
16257.568359	-130.493515
16262.951660	-130.285904
16268.334961	-130.331955
16273.718262	-130.886887
16279.101562	-130.568237
16284.484863	-130.895172
16289.868164	-129.984833
16295.251465	-131.120819
16300.634766	-130.230453
16306.018066	-130.685608
16311.401367	-130.450592
16316.784668	-130.340668
16322.167969	-130.660110
16327.551270	-130.149292
16332.934570	-130.567856
16338.317871	-130.082657
16343.701172	-130.614456
16349.084473	-130.181732
16354.467773	-130.730545
16359.851074	-130.838287
16365.234375	-130.560654
16370.617676	-130.065186
16376.000977	-130.584335
16381.384277	-130.886444
16386.767578	-130.718124
16392.150879	-130.435043
16397.534180	-130.542267
16402.917480	-130.315247
16408.300781	-131.009857
16413.684082	-130.108612
16419.067383	-130.211548
16424.450684	-130.294174
16429.833984	-130.618866
16435.217285	-130.623306
16440.600586	-130.690598
16445.983887	-130.421188
16451.367188	-130.114334
16456.750488	-130.260223
16462.133789	-130.555984
16467.517090	-130.521164
16472.900391	-130.329819
16478.283691	-130.814316
16483.666992	-130.685623
16489.050293	-130.654221
16494.433594	-130.340637
16499.816895	-130.423691
16505.200195	-130.489227
16510.583496	-130.425339
16515.966797	-130.203049
16521.350098	-130.599670
16526.733398	-130.013443
16532.116699	-130.654053
16537.500000	-130.595337
16542.883301	-130.306946
16548.266602	-130.412186
16553.649902	-130.934799
16559.033203	-130.334015
16564.416504	-130.112091
16569.799805	-130.958984
16575.183105	-130.279739
16580.566406	-130.932571
16585.949707	-130.534424
16591.333008	-130.800110
16596.716309	-130.948959
16602.099609	-130.105881
16607.482910	-130.880325
16612.866211	-131.014969
16618.249512	-130.340179
16623.632812	-130.223267
16629.016113	-130.349152
16634.399414	-130.232986
16639.782715	-130.323929
16645.166016	-130.671219
16650.549316	-130.356125
16655.932617	-130.369858
16661.315918	-130.897583
16666.699219	-130.624268
16672.082520	-130.387070
16677.465820	-130.402466
16682.849121	-130.148926
16688.232422	-130.517929
16693.615723	-130.529037
16698.999023	-130.321487
16704.382324	-130.542007
16709.765625	-130.732742
16715.148926	-131.006363
16720.532227	-130.662354
16725.915527	-130.552612
16731.298828	-130.572067
16736.682129	-130.395233
16742.065430	-130.538971
16747.448730	-130.863052
16752.832031	-130.449936
16758.215332	-130.217026
16763.598633	-130.588089
16768.981934	-130.847046
16774.365234	-130.270309
16779.748535	-130.855148
16785.131836	-131.062271
16790.515137	-130.298386
16795.898438	-130.351730
16801.281738	-131.361420
16806.665039	-130.467346
16812.048340	-130.338531
16817.431641	-130.604767
16822.814941	-130.644897
16828.198242	-130.942139
16833.581543	-130.897537
16838.964844	-130.382782
16844.348145	-130.614746
16849.731445	-130.762436
16855.114746	-130.445389
16860.498047	-130.406067
16865.881348	-130.539612
16871.264648	-130.995987
16876.647949	-130.540176
16882.031250	-130.922455
16887.414551	-130.543716
16892.797852	-130.645767
16898.181152	-130.517883
16903.564453	-130.523041
16908.947754	-130.303329
16914.331055	-130.522659
16919.714355	-130.718414
16925.097656	-130.271286
16930.480957	-130.714478
16935.864258	-130.592377
16941.247559	-130.719833
16946.630859	-130.620575
16952.014160	-130.094604
16957.397461	-130.936508
16962.780762	-130.994003
16968.164062	-130.280228
16973.547363	-130.410599
16978.930664	-131.001923
16984.313965	-130.194473
16989.697266	-130.453613
16995.080566	-130.682327
17000.463867	-130.388977
17005.847168	-130.906021
17011.230469	-130.276016
17016.613770	-130.164078
17021.997070	-130.484772
17027.380371	-131.141525
17032.763672	-130.341827
17038.146973	-131.022675
17043.530273	-130.585571
17048.913574	-130.332306
17054.296875	-130.674210
17059.680176	-130.092575
17065.063477	-131.467499
17070.446777	-130.567032
17075.830078	-130.973816
17081.213379	-130.479568
17086.596680	-130.926300
17091.979980	-130.866562
17097.363281	-130.791580
17102.746582	-131.087387
17108.129883	-130.557465
17113.513184	-131.435760
17118.896484	-130.597321
17124.279785	-130.383331
17129.663086	-130.431198
17135.046387	-130.492844
17140.429688	-131.482651
17145.812988	-130.499603
17151.196289	-130.627609
17156.579590	-130.644958
17161.962891	-130.295151
17167.346191	-130.555313
17172.729492	-130.741745
17178.112793	-130.456940
17183.496094	-130.804153
17188.879395	-130.481293
17194.262695	-130.476089
17199.645996	-131.026749
17205.029297	-130.095459
17210.412598	-131.121994
17215.795898	-130.631195
17221.179199	-130.792847
17226.562500	-130.661835
17231.945801	-131.318649
17237.329102	-129.926849
17242.712402	-131.015610
17248.095703	-130.961334
17253.479004	-130.543320
17258.862305	-130.178543
17264.245605	-130.465073
17269.628906	-130.383087
17275.012207	-130.799606
17280.395508	-130.996613
17285.778809	-130.118759
17291.162109	-130.775146
17296.545410	-130.705841
17301.928711	-130.799469
17307.312012	-130.195709
17312.695312	-130.327927
17318.078613	-130.762619
17323.461914	-130.621704
17328.845215	-130.519791
17334.228516	-130.478745
17339.611816	-130.401489
17344.995117	-130.842834
17350.378418	-130.698685
17355.761719	-130.856842
17361.145020	-130.756592
17366.528320	-130.179001
17371.911621	-131.333313
17377.294922	-130.141205
17382.678223	-130.811737
17388.061523	-130.475159
17393.444824	-130.893051
17398.828125	-131.136124
17404.211426	-130.460312
17409.594727	-130.532379
17414.978027	-130.369812
17420.361328	-131.210663
17425.744629	-130.666336
17431.127930	-130.602966
17436.511230	-130.618927
17441.894531	-130.857101
17447.277832	-130.776398
17452.661133	-130.758591
17458.044434	-130.123718
17463.427734	-130.496414
17468.811035	-130.619202
17474.194336	-130.731216
17479.577637	-131.094391
17484.960938	-130.304031
17490.344238	-130.728958
17495.727539	-130.251938
17501.110840	-130.724213
17506.494141	-130.049026
17511.877441	-130.677734
17517.260742	-130.363617
17522.644043	-130.132507
17528.027344	-130.844849
17533.410645	-130.229691
17538.793945	-130.688873
17544.177246	-130.385757
17549.560547	-130.504120
17554.943848	-131.117767
17560.327148	-130.514587
17565.710449	-130.575409
17571.093750	-131.016495
17576.477051	-130.297638
17581.860352	-130.670837
17587.243652	-130.760605
17592.626953	-130.552826
17598.010254	-130.343353
17603.393555	-130.850937
17608.776855	-130.760223
17614.160156	-131.151688
17619.543457	-130.816040
17624.926758	-130.088654
17630.310059	-130.565567
17635.693359	-130.383392
17641.076660	-130.383942
17646.459961	-130.990051
17651.843262	-130.485764
17657.226562	-130.654327
17662.609863	-131.075806
17667.993164	-130.409317
17673.376465	-130.731155
17678.759766	-131.080078
17684.143066	-130.547546
17689.526367	-130.974167
17694.909668	-130.732330
17700.292969	-130.903549
17705.676270	-131.017624
17711.059570	-131.113495
17716.442871	-130.726044
17721.826172	-130.421936
17727.209473	-131.049011
17732.592773	-130.735733
17737.976074	-130.594589
17743.359375	-130.815781
17748.742676	-130.646133
17754.125977	-130.874893
17759.509277	-130.687164
17764.892578	-130.855453
17770.275879	-130.809784
17775.659180	-130.698624
17781.042480	-130.478363
17786.425781	-130.481873
17791.809082	-130.591660
17797.192383	-130.439316
17802.575684	-130.602173
17807.958984	-131.041565
17813.342285	-130.534424
17818.725586	-131.094513
17824.108887	-130.357208
17829.492188	-131.131790
17834.875488	-130.793716
17840.258789	-130.864792
17845.642090	-130.985352
17851.025391	-130.522400
17856.408691	-130.490082
17861.791992	-130.463196
17867.175293	-130.707764
17872.558594	-130.226044
17877.941895	-131.444550
17883.325195	-130.782455
17888.708496	-131.010284
17894.091797	-130.382172
17899.475098	-130.645126
17904.858398	-129.722122
17910.241699	-131.099976
17915.625000	-130.472397
17921.008301	-130.847488
17926.391602	-130.697250
17931.774902	-130.706635
17937.158203	-130.524338
17942.541504	-130.549179
17947.924805	-130.773346
17953.308105	-130.807541
17958.691406	-130.692551
17964.074707	-130.897202
17969.458008	-130.330383
17974.841309	-130.613907
17980.224609	-130.916275
17985.607910	-130.820526
17990.991211	-130.492294
17996.374512	-131.029022
18001.757812	-130.595718
18007.141113	-130.955551
18012.524414	-130.431885
18017.907715	-130.951584
18023.291016	-130.136414
18028.674316	-130.580811
18034.057617	-130.773026
18039.440918	-130.555557
18044.824219	-130.364578
18050.207520	-130.323074
18055.590820	-130.931885
18060.974121	-130.689789
18066.357422	-130.692413
18071.740723	-130.509155
18077.124023	-131.045303
18082.507324	-131.042236
18087.890625	-130.185806
18093.273926	-131.732101
18098.657227	-130.889435
18104.040527	-130.902161
18109.423828	-131.010315
18114.807129	-130.588165
18120.190430	-130.363754
18125.573730	-130.894119
18130.957031	-130.935684
18136.340332	-130.401749
18141.723633	-130.905258
18147.106934	-130.422256
18152.490234	-130.433411
18157.873535	-131.084183
18163.256836	-130.246979
18168.640137	-130.875992
18174.023438	-130.538956
18179.406738	-130.715118
18184.790039	-130.826752
18190.173340	-130.270981
18195.556641	-130.963562
18200.939941	-130.582062
18206.323242	-130.885117
18211.706543	-130.632004
18217.089844	-130.875320
18222.473145	-130.786545
18227.856445	-130.526932
18233.239746	-130.600739
18238.623047	-130.767776
18244.006348	-130.406876
18249.389648	-130.792099
18254.772949	-130.552109
18260.156250	-130.911072
18265.539551	-131.105270
18270.922852	-130.531967
18276.306152	-130.655106
18281.689453	-130.352921
18287.072754	-130.794434
18292.456055	-130.549561
18297.839355	-130.536133
18303.222656	-131.040253
18308.605957	-130.628952
18313.989258	-130.446213
18319.372559	-130.953476
18324.755859	-130.984283
18330.139160	-130.582886
18335.522461	-130.642273
18340.905762	-130.759827
18346.289062	-130.135498
18351.672363	-131.109375
18357.055664	-130.318970
18362.438965	-130.767380
18367.822266	-130.438629
18373.205566	-130.816360
18378.588867	-131.546509
18383.972168	-130.638199
18389.355469	-130.914444
18394.738770	-130.460922
18400.122070	-130.309143
18405.505371	-131.233444
18410.888672	-130.810822
18416.271973	-130.406998
18421.655273	-131.451294
18427.038574	-130.563080
18432.421875	-131.472153
18437.805176	-130.469406
18443.188477	-131.257553
18448.571777	-130.847885
18453.955078	-130.641983
18459.338379	-130.115204
18464.721680	-131.076035
18470.104980	-130.484970
18475.488281	-130.403381
18480.871582	-130.436081
18486.254883	-130.645828
18491.638184	-130.649063
18497.021484	-130.814377
18502.404785	-131.155792
18507.788086	-130.836090
18513.171387	-130.622513
18518.554688	-130.732468
18523.937988	-130.317413
18529.321289	-130.888535
18534.704590	-130.706390
18540.087891	-130.914139
18545.471191	-130.795135
18550.854492	-130.374832
18556.237793	-130.495209
18561.621094	-130.249084
18567.004395	-130.271484
18572.387695	-131.267136
18577.770996	-130.657562
18583.154297	-130.767120
18588.537598	-130.524139
18593.920898	-130.724594
18599.304199	-131.038620
18604.687500	-131.313324
18610.070801	-131.045471
18615.454102	-130.599014
18620.837402	-130.686890
18626.220703	-131.000778
18631.604004	-130.474518
18636.987305	-130.929764
18642.370605	-130.585800
18647.753906	-130.375122
18653.137207	-130.795563
18658.520508	-130.537094
18663.903809	-130.758148
18669.287109	-130.501297
18674.670410	-130.821915
18680.053711	-130.903595
18685.437012	-130.588120
18690.820312	-130.260345
18696.203613	-131.025482
18701.586914	-130.714203
18706.970215	-130.835373
18712.353516	-130.544067
18717.736816	-130.870636
18723.120117	-130.534866
18728.503418	-131.017227
18733.886719	-130.510193
18739.270020	-130.800888
18744.653320	-130.648026
18750.036621	-130.785217
18755.419922	-130.579437
18760.803223	-130.360062
18766.186523	-130.565887
18771.569824	-130.765228
18776.953125	-130.468048
18782.336426	-130.885895
18787.719727	-130.340546
18793.103027	-130.747696
18798.486328	-130.779480
18803.869629	-130.898590
18809.252930	-130.378555
18814.636230	-130.993576
18820.019531	-130.322205
18825.402832	-131.055984
18830.786133	-130.482864
18836.169434	-130.646912
18841.552734	-131.100891
18846.936035	-130.855087
18852.319336	-130.961197
18857.702637	-131.219788
18863.085938	-130.802856
18868.469238	-130.446915
18873.852539	-131.135330
18879.235840	-130.999664
18884.619141	-130.691833
18890.002441	-130.453796
18895.385742	-131.094208
18900.769043	-130.880600
18906.152344	-130.438965
18911.535645	-130.691925
18916.918945	-130.677216
18922.302246	-130.839096
18927.685547	-130.749481
18933.068848	-130.789703
18938.452148	-130.959808
18943.835449	-130.739380
18949.218750	-130.520325
18954.602051	-130.771698
18959.985352	-130.432510
18965.368652	-130.860260
18970.751953	-130.971191
18976.135254	-130.569275
18981.518555	-130.678619
18986.901855	-131.077621
18992.285156	-130.777008
18997.668457	-130.959106
19003.051758	-130.113068
19008.435059	-130.795670
19013.818359	-130.420166
19019.201660	-130.610779
19024.584961	-130.767227
19029.968262	-130.385254
19035.351562	-130.760025
19040.734863	-130.766068
19046.118164	-131.098572
19051.501465	-130.552811
19056.884766	-131.322281
19062.268066	-130.975327
19067.651367	-130.849701
19073.034668	-130.824402
19078.417969	-130.369522
19083.801270	-130.895218
19089.184570	-130.743271
19094.567871	-130.813843
19099.951172	-130.968704
19105.334473	-130.573135
19110.717773	-131.017166
19116.101074	-130.846344
19121.484375	-130.312653
19126.867676	-130.363373
19132.250977	-130.962036
19137.634277	-130.501465
19143.017578	-131.032486
19148.400879	-130.971436
19153.784180	-130.335632
19159.167480	-130.716034
19164.550781	-130.823044
19169.934082	-130.978745
19175.317383	-130.626312
19180.700684	-130.321960
19186.083984	-131.189423
19191.467285	-130.622375
19196.850586	-131.082458
19202.233887	-130.695602
19207.617188	-130.750748
19213.000488	-130.406403
19218.383789	-130.613525
19223.767090	-130.516556
19229.150391	-130.735092
19234.533691	-131.238083
19239.916992	-130.392593
19245.300293	-130.854111
19250.683594	-131.331863
19256.066895	-130.318893
19261.450195	-131.064224
19266.833496	-130.860626
19272.216797	-131.038010
19277.600098	-131.013474
19282.983398	-130.434830
19288.366699	-131.321060
19293.750000	-130.785446
19299.133301	-130.411453
19304.516602	-131.249969
19309.899902	-130.721634
19315.283203	-130.464844
19320.666504	-130.588226
19326.049805	-130.606003
19331.433105	-130.587662
19336.816406	-130.669342
19342.199707	-130.732315
19347.583008	-130.579132
19352.966309	-130.849396
19358.349609	-130.793533
19363.732910	-130.696426
19369.116211	-131.281494
19374.499512	-130.577728
19379.882812	-130.702362
19385.266113	-130.982590
19390.649414	-130.490356
19396.032715	-131.009567
19401.416016	-130.968994
19406.799316	-130.171295
19412.182617	-130.617249
19417.565918	-130.899460
19422.949219	-131.223099
19428.332520	-130.486298
19433.715820	-130.892502
19439.099121	-130.935547
19444.482422	-130.495865
19449.865723	-130.213943
19455.249023	-130.596329
19460.632324	-131.056747
19466.015625	-130.828354
19471.398926	-130.676346
19476.782227	-131.255630
19482.165527	-131.086014
19487.548828	-130.222931
19492.932129	-130.686951
19498.315430	-130.801254
19503.698730	-130.438202
19509.082031	-130.737473
19514.465332	-130.598648
19519.848633	-130.520157
19525.231934	-130.918961
19530.615234	-131.050797
19535.998535	-131.124100
19541.381836	-130.484024
19546.765137	-130.629669
19552.148438	-130.703201
19557.531738	-131.063690
19562.915039	-131.086334
19568.298340	-130.527023
19573.681641	-130.955154
19579.064941	-130.496536
19584.448242	-130.862183
19589.831543	-131.085922
19595.214844	-130.813751
19600.598145	-130.382477
19605.981445	-130.868744
19611.364746	-130.622635
19616.748047	-131.075089
19622.131348	-130.749283
19627.514648	-131.063110
19632.897949	-131.130951
19638.281250	-130.850525
19643.664551	-131.254791
19649.047852	-130.624344
19654.431152	-130.740051
19659.814453	-131.403717
19665.197754	-130.578262
19670.581055	-130.982483
19675.964355	-131.308167
19681.347656	-130.242172
19686.730957	-130.816025
19692.114258	-131.080261
19697.497559	-130.352646
19702.880859	-130.745850
19708.264160	-130.650345
19713.647461	-130.798752
19719.030762	-131.032852
19724.414062	-131.129684
19729.797363	-131.406540
19735.180664	-130.810913
19740.563965	-131.112320
19745.947266	-130.572586
19751.330566	-130.671402
19756.713867	-130.532379
19762.097168	-131.686523
19767.480469	-130.294052
19772.863770	-130.630966
19778.247070	-131.388977
19783.630371	-130.575500
19789.013672	-130.720718
19794.396973	-130.903503
19799.780273	-130.575211
19805.163574	-131.186554
19810.546875	-130.699219
19815.930176	-130.879364
19821.313477	-130.775467
19826.696777	-131.049362
19832.080078	-130.912155
19837.463379	-130.763519
19842.846680	-131.017273
19848.229980	-130.686386
19853.613281	-131.143585
19858.996582	-130.827026
19864.379883	-130.893204
19869.763184	-131.038834
19875.146484	-130.712296
19880.529785	-130.773254
19885.913086	-130.707596
19891.296387	-130.642990
19896.679688	-130.699738
19902.062988	-130.844864
19907.446289	-130.486313
19912.829590	-130.765549
19918.212891	-130.458054
19923.596191	-130.588898
19928.979492	-130.584885
19934.362793	-130.427719
19939.746094	-131.116623
19945.129395	-130.530716
19950.512695	-131.531937
19955.895996	-130.873810
19961.279297	-130.402008
19966.662598	-130.657410
19972.045898	-131.266525
19977.429199	-130.790665
19982.812500	-130.780533
19988.195801	-130.692780
19993.579102	-130.712906
19998.962402	-131.104996
20004.345703	-130.986633
20009.729004	-130.790024
20015.112305	-130.877594
20020.495605	-130.872101
20025.878906	-130.587753
20031.262207	-130.681625
20036.645508	-130.984604
20042.028809	-130.846832
20047.412109	-130.566559
20052.795410	-130.479385
20058.178711	-131.344055
20063.562012	-130.866547
20068.945312	-130.736069
20074.328613	-131.072083
20079.711914	-130.886978
20085.095215	-130.505402
20090.478516	-130.904877
20095.861816	-130.800476
20101.245117	-131.088226
20106.628418	-130.858597
20112.011719	-130.786957
20117.395020	-130.835419
20122.778320	-131.008942
20128.161621	-131.415237
20133.544922	-131.150864
20138.928223	-130.117554
20144.311523	-130.905075
20149.694824	-130.838745
20155.078125	-131.177643
20160.461426	-130.958893
20165.844727	-130.784012
20171.228027	-130.905930
20176.611328	-131.153687
20181.994629	-131.029984
20187.377930	-131.082184
20192.761230	-130.953064
20198.144531	-130.187622
20203.527832	-130.812271
20208.911133	-130.448212
20214.294434	-130.722992
20219.677734	-130.915070
20225.061035	-130.812164
20230.444336	-130.747025
20235.827637	-130.904678
20241.210938	-131.463943
20246.594238	-130.749161
20251.977539	-130.711258
20257.360840	-131.186050
20262.744141	-131.074249
20268.127441	-130.687744
20273.510742	-131.122818
20278.894043	-130.437912
20284.277344	-130.630905
20289.660645	-130.663422
20295.043945	-131.086731
20300.427246	-130.762436
20305.810547	-130.505524
20311.193848	-131.180695
20316.577148	-130.910995
20321.960449	-130.966782
20327.343750	-130.701294
20332.727051	-131.161743
20338.110352	-130.771103
20343.493652	-130.362137
20348.876953	-131.212875
20354.260254	-131.197632
20359.643555	-131.001328
20365.026855	-131.342651
20370.410156	-130.930939
20375.793457	-131.126190
20381.176758	-131.233231
20386.560059	-130.495758
20391.943359	-130.473480
20397.326660	-130.946564
20402.709961	-130.593338
20408.093262	-130.753799
20413.476562	-130.395172
20418.859863	-131.215744
20424.243164	-130.813675
20429.626465	-130.539963
20435.009766	-130.696777
20440.393066	-130.619507
20445.776367	-131.026962
20451.159668	-130.847015
20456.542969	-130.903503
20461.926270	-130.540131
20467.309570	-130.692795
20472.692871	-131.277435
20478.076172	-131.148758
20483.459473	-130.997910
20488.842773	-130.838333
20494.226074	-131.029190
20499.609375	-130.614975
20504.992676	-130.697113
20510.375977	-130.699020
20515.759277	-130.785049
20521.142578	-130.931168
20526.525879	-130.968231
20531.909180	-130.699219
20537.292480	-131.125427
20542.675781	-130.643921
20548.059082	-130.702744
20553.442383	-131.382385
20558.825684	-130.811172
20564.208984	-131.148117
20569.592285	-130.513123
20574.975586	-131.096497
20580.358887	-130.775986
20585.742188	-131.294388
20591.125488	-131.238266
20596.508789	-130.319382
20601.892090	-131.403519
20607.275391	-131.025482
20612.658691	-130.547836
20618.041992	-130.741043
20623.425293	-130.966034
20628.808594	-130.366852
20634.191895	-130.638565
20639.575195	-131.343185
20644.958496	-130.828308
20650.341797	-131.326828
20655.725098	-131.102997
20661.108398	-130.927521
20666.491699	-130.992203
20671.875000	-131.205521
20677.258301	-130.916565
20682.641602	-130.593155
20688.024902	-130.711731
20693.408203	-131.001617
20698.791504	-131.398300
20704.174805	-130.887665
20709.558105	-131.511154
20714.941406	-131.069016
20720.324707	-131.709518
20725.708008	-130.688644
20731.091309	-131.334381
20736.474609	-131.496445
20741.857910	-131.277634
20747.241211	-131.301682
20752.624512	-131.282959
20758.007812	-130.924362
20763.391113	-131.184723
20768.774414	-131.098663
20774.157715	-131.134445
20779.541016	-131.455246
20784.924316	-131.402924
20790.307617	-130.585190
20795.690918	-131.222290
20801.074219	-131.263657
20806.457520	-131.985764
20811.840820	-131.166534
20817.224121	-131.705429
20822.607422	-131.413071
20827.990723	-131.880707
20833.374023	-131.361771
20838.757324	-131.738861
20844.140625	-131.857849
20849.523926	-131.621246
20854.907227	-132.163162
20860.290527	-131.571152
20865.673828	-132.068787
20871.057129	-131.373077
20876.440430	-131.884125
20881.823730	-132.119446
20887.207031	-132.013031
20892.590332	-131.940048
20897.973633	-132.196075
20903.356934	-132.086472
20908.740234	-132.369308
20914.123535	-131.624908
20919.506836	-132.123764
20924.890137	-131.993423
20930.273438	-132.105270
20935.656738	-132.453293
20941.040039	-131.809296
20946.423340	-132.307739
20951.806641	-132.874710
20957.189941	-132.231842
20962.573242	-132.599579
20967.956543	-132.092865
20973.339844	-132.688614
20978.723145	-132.372421
20984.106445	-132.646942
20989.489746	-132.173874
20994.873047	-132.523026
21000.256348	-132.950745
21005.639648	-132.506165
21011.022949	-132.919464
21016.406250	-132.766937
21021.789551	-132.875198
21027.172852	-133.158554
21032.556152	-132.891418
21037.939453	-132.941620
21043.322754	-132.871536
21048.706055	-133.195389
21054.089355	-133.113098
21059.472656	-133.307434
21064.855957	-133.111771
21070.239258	-133.517853
21075.622559	-133.089813
21081.005859	-133.507828
21086.389160	-133.178894
21091.772461	-133.341156
21097.155762	-133.783737
21102.539062	-133.477310
21107.922363	-133.604111
21113.305664	-133.712875
21118.688965	-133.531464
21124.072266	-133.875458
21129.455566	-133.533539
21134.838867	-133.775589
21140.222168	-133.827637
21145.605469	-133.796082
21150.988770	-133.858658
21156.372070	-133.927155
21161.755371	-133.952911
21167.138672	-134.137634
21172.521973	-133.801178
21177.905273	-133.988770
21183.288574	-133.978012
21188.671875	-134.075211
21194.055176	-134.098862
21199.438477	-134.117279
21204.821777	-134.125076
21210.205078	-134.153915
21215.588379	-134.093735
21220.971680	-134.198456
21226.354980	-134.269989
21231.738281	-134.198654
21237.121582	-134.150375
21242.504883	-134.436813
21247.888184	-134.401535
21253.271484	-134.234116
21258.654785	-134.405396
21264.038086	-134.323563
21269.421387	-134.386292
21274.804688	-134.404434
21280.187988	-134.388138
21285.571289	-134.395218
21290.954590	-134.509247
21296.337891	-134.278824
21301.721191	-134.558823
21307.104492	-134.356995
21312.487793	-134.427292
21317.871094	-134.588577
21323.254395	-134.334290
21328.637695	-134.585403
21334.020996	-134.478363
21339.404297	-134.395706
21344.787598	-134.654205
21350.170898	-134.411835
21355.554199	-134.544632
21360.937500	-134.511841
21366.320801	-134.511093
21371.704102	-134.532623
21377.087402	-134.542755
21382.470703	-134.555756
21387.854004	-134.579300
21393.237305	-134.462570
21398.620605	-134.597321
21404.003906	-134.564178
21409.387207	-134.510269
21414.770508	-134.608536
21420.153809	-134.517838
21425.537109	-134.559113
21430.920410	-134.583267
21436.303711	-134.521027
21441.687012	-134.582108
21447.070312	-134.565689
21452.453613	-134.546844
21457.836914	-134.578339
21463.220215	-134.576859
21468.603516	-134.562607
21473.986816	-134.595749
21479.370117	-134.536987
21484.753418	-134.591812
21490.136719	-134.560410
21495.520020	-134.586563
21500.903320	-134.562851
21506.286621	-134.581635
21511.669922	-134.561813
21517.053223	-134.586166
21522.436523	-134.569458
21527.819824	-134.582596
21533.203125	-134.581818
21538.586426	-134.560959
21543.969727	-134.594849
21549.353027	-134.571533
21554.736328	-134.573273
21560.119629	-134.590698
21565.502930	-134.574051
21570.886230	-134.580612
21576.269531	-134.572678
21581.652832	-134.582886
21587.036133	-134.586868
21592.419434	-134.578537
21597.802734	-134.576828
21603.186035	-134.583908
21608.569336	-134.580322
21613.952637	-134.578323
21619.335938	-134.582352
21624.719238	-134.580612
21630.102539	-134.580933
21635.485840	-134.582077
21640.869141	-134.581833
21646.252441	-134.579010
21651.635742	-134.583954
21657.019043	-134.580978
21662.402344	-134.580963
21667.785645	-134.582855
21673.168945	-134.581985
21678.552246	-134.581482
21683.935547	-134.581802
21689.318848	-134.581436
21694.702148	-134.581787
21700.085449	-134.582962
21705.468750	-134.581635
21710.852051	-134.582306
21716.235352	-134.582611
21721.618652	-134.582275
21727.001953	-134.582993
21732.385254	-134.582047
21737.768555	-134.582825
21743.151855	-134.582977
21748.535156	-134.582779
21753.918457	-134.583145
21759.301758	-134.582687
21764.685059	-134.582886
21770.068359	-134.583084
21775.451660	-134.583130
21780.834961	-134.583115
21786.218262	-134.583023
21791.601562	-134.583282
21796.984863	-134.583420
21802.368164	-134.583176
21807.751465	-134.583206
21813.134766	-134.583389
21818.518066	-134.583603
21823.901367	-134.583603
21829.284668	-134.583588
21834.667969	-134.583679
21840.051270	-134.583755
21845.434570	-134.583817
21850.817871	-134.583862
21856.201172	-134.583832
21861.584473	-134.584061
21866.967773	-134.584061
21872.351074	-134.584045
21877.734375	-134.584061
21883.117676	-134.584045
21888.500977	-134.583847
21893.884277	-134.583862
21899.267578	-134.584091
21904.650879	-134.584091
21910.034180	-134.584274
21915.417480	-134.584106
21920.800781	-134.584396
21926.184082	-134.584381
21931.567383	-134.584961
21936.950684	-134.584320
21942.333984	-134.584320
21947.717285	-134.584351
21953.100586	-134.584366
21958.483887	-134.584198
21963.867188	-134.584122
21969.250488	-134.584671
21974.633789	-134.584900
21980.017090	-134.584732
21985.400391	-134.583923
21990.783691	-134.584641
21996.166992	-134.584885
22001.550293	-134.585083
22006.933594	-134.583633
22012.316895	-134.584930
22017.700195	-134.584274
22023.083496	-134.584641
22028.466797	-134.584808
22033.850098	-134.584625
22039.233398	-134.584656
22044.616699	-134.584686
