Frequency (Hz)	Level (dB)
5.383301	-78.259102
10.766602	-78.139442
16.149902	-65.005402
21.533203	-51.874126
26.916504	-53.803085
32.299805	-58.461220
37.683105	-55.870369
43.066406	-52.613819
48.449707	-51.043198
53.833008	-51.947216
59.216309	-53.787731
64.599609	-55.039181
69.982910	-53.851318
75.366211	-53.183083
80.749512	-53.242313
86.132812	-55.175579
91.516113	-56.156555
96.899414	-55.521015
102.282715	-54.755104
107.666016	-54.798252
113.049316	-54.434242
118.432617	-54.395649
123.815918	-58.251865
129.199219	-59.584732
134.582520	-59.066486
139.965820	-60.322109
145.349121	-60.246334
150.732422	-58.236206
156.115723	-60.665493
161.499023	-60.039543
166.882324	-60.783745
172.265625	-63.233410
177.648926	-62.976887
183.032227	-60.565342
188.415527	-58.488094
193.798828	-60.757675
199.182129	-60.841766
204.565430	-60.609688
209.948730	-60.811169
215.332031	-61.029934
220.715332	-61.277210
226.098633	-59.475376
231.481934	-58.178944
236.865234	-56.503105
242.248535	-57.077530
247.631836	-57.903614
253.015137	-57.388569
258.398438	-57.075943
263.781738	-57.443497
269.165039	-57.731800
274.548340	-57.148624
279.931641	-57.894516
285.314941	-59.292534
290.698242	-58.914345
296.081543	-60.169174
301.464844	-60.372715
306.848145	-61.153751
312.231445	-61.544605
317.614746	-62.249119
322.998047	-62.350906
328.381348	-61.038136
333.764648	-60.274052
339.147949	-60.758774
344.531250	-60.361130
349.914551	-59.752872
355.297852	-60.559448
360.681152	-61.176830
366.064453	-60.075191
371.447754	-60.407150
376.831055	-60.738335
382.214355	-62.770161
387.597656	-63.550529
392.980957	-64.749001
398.364258	-66.050011
403.747559	-67.914108
409.130859	-67.135368
414.514160	-65.280289
419.897461	-64.489662
425.280762	-64.546814
430.664062	-65.465874
436.047363	-66.248131
441.430664	-66.564362
446.813965	-67.330658
452.197266	-67.101242
457.580566	-66.618332
462.963867	-65.693123
468.347168	-64.702194
473.730469	-65.435997
479.113770	-66.008911
484.497070	-65.716240
489.880371	-66.079453
495.263672	-66.471939
500.646973	-66.339203
506.030273	-65.910461
511.413574	-64.951958
516.796875	-63.671886
522.180176	-63.420166
527.563477	-63.522640
532.946777	-63.719738
538.330078	-64.472733
543.713379	-64.668449
549.096680	-64.948174
554.479980	-65.051521
559.863281	-65.575409
565.246582	-66.090767
570.629883	-65.863091
576.013184	-65.791641
581.396484	-64.734512
586.779785	-65.951225
592.163086	-66.113327
597.546387	-65.998199
602.929688	-67.120659
608.312988	-67.245285
613.696289	-67.792503
619.079590	-68.079185
624.462891	-66.995483
629.846191	-67.238396
635.229492	-67.316284
640.612793	-67.028526
645.996094	-67.740211
651.379395	-68.229668
656.762695	-67.985451
662.145996	-68.588051
667.529297	-68.446213
672.912598	-68.894310
678.295898	-69.869690
683.679199	-71.010429
689.062500	-70.923752
694.445801	-70.942924
699.829102	-70.778358
705.212402	-69.858116
710.595703	-68.517998
715.979004	-69.451805
721.362305	-69.848526
726.745605	-70.847069
732.128906	-70.938309
737.512207	-71.538635
742.895508	-71.824142
748.278809	-72.447014
753.662109	-73.303360
759.045410	-73.915535
764.428711	-74.405037
769.812012	-74.723816
775.195312	-74.031158
780.578613	-73.158920
785.961914	-72.702629
791.345215	-70.994644
796.728516	-70.438927
802.111816	-69.712616
807.495117	-68.681717
812.878418	-67.979309
818.261719	-67.038849
823.645020	-66.766022
829.028320	-66.612175
834.411621	-66.516731
839.794922	-66.770508
845.178223	-68.269325
850.561523	-70.051994
855.944824	-71.321266
861.328125	-73.370712
866.711426	-74.848663
872.094727	-76.249557
877.478027	-75.941727
882.861328	-74.990189
888.244629	-74.262321
893.627930	-73.902992
899.011230	-73.931511
904.394531	-73.674332
909.777832	-72.653778
915.161133	-71.970642
920.544434	-71.119675
925.927734	-70.157684
931.311035	-70.623680
936.694336	-70.985283
942.077637	-71.373802
947.460938	-70.883820
952.844238	-70.457329
958.227539	-70.326248
963.610840	-70.298233
968.994141	-68.021645
974.377441	-67.645340
979.760742	-69.618919
985.144043	-70.523460
990.527344	-70.147659
995.910645	-70.794319
1001.293945	-72.076439
1006.677246	-73.509552
1012.060547	-74.266327
1017.443848	-74.712807
1022.827148	-74.993439
1028.210449	-75.157249
1033.593750	-75.935280
1038.977051	-76.016563
1044.360352	-76.425201
1049.743652	-76.470673
1055.126953	-76.339005
1060.510254	-77.135887
1065.893555	-77.801697
1071.276855	-77.522720
1076.660156	-77.626030
1082.043457	-77.146706
1087.426758	-76.259644
1092.810059	-75.604706
1098.193359	-75.382988
1103.576660	-75.203918
1108.959961	-75.427696
1114.343262	-75.388290
1119.726562	-75.472664
1125.109863	-75.614632
1130.493164	-75.457649
1135.876465	-76.229469
1141.259766	-76.521599
1146.643066	-76.600632
1152.026367	-76.729523
1157.409668	-76.931808
1162.792969	-76.844559
1168.176270	-77.770454
1173.559570	-78.253502
1178.942871	-78.131218
1184.326172	-78.322098
1189.709473	-78.877899
1195.092773	-78.830086
1200.476074	-80.003593
1205.859375	-80.567078
1211.242676	-81.286835
1216.625977	-82.425133
1222.009277	-82.025330
1227.392578	-81.884659
1232.775879	-81.931145
1238.159180	-81.956551
1243.542480	-82.723946
1248.925781	-83.353317
1254.309082	-83.200806
1259.692383	-82.205856
1265.075684	-81.722786
1270.458984	-81.395767
1275.842285	-81.016571
1281.225586	-80.359940
1286.608887	-80.225151
1291.992188	-79.795219
1297.375488	-78.917915
1302.758789	-78.969421
1308.142090	-78.749985
1313.525391	-78.470413
1318.908691	-78.333534
1324.291992	-78.144417
1329.675293	-77.974289
1335.058594	-78.370415
1340.441895	-79.070862
1345.825195	-79.411644
1351.208496	-79.753792
1356.591797	-79.444794
1361.975098	-79.386787
1367.358398	-80.127640
1372.741699	-80.807419
1378.125000	-80.657753
1383.508301	-80.523521
1388.891602	-80.676918
1394.274902	-80.918182
1399.658203	-81.448044
1405.041504	-80.998283
1410.424805	-80.722214
1415.808105	-79.799385
1421.191406	-79.099457
1426.574707	-79.612709
1431.958008	-79.641075
1437.341309	-80.417007
1442.724609	-81.304169
1448.107910	-81.742996
1453.491211	-80.617661
1458.874512	-79.545586
1464.257812	-78.957573
1469.641113	-78.840446
1475.024414	-79.231018
1480.407715	-79.781021
1485.791016	-79.775185
1491.174316	-80.796761
1496.557617	-82.002396
1501.940918	-81.162056
1507.324219	-80.249809
1512.707520	-79.419983
1518.090820	-79.217690
1523.474121	-79.485222
1528.857422	-80.804321
1534.240723	-81.348183
1539.624023	-82.531296
1545.007324	-81.503044
1550.390625	-81.895378
1555.773926	-81.208908
1561.157227	-81.505974
1566.540527	-82.070351
1571.923828	-82.670578
1577.307129	-82.623383
1582.690430	-82.191055
1588.073730	-81.884338
1593.457031	-81.440720
1598.840332	-81.190880
1604.223633	-81.487709
1609.606934	-82.462234
1614.990234	-83.606705
1620.373535	-83.952019
1625.756836	-83.285156
1631.140137	-83.063408
1636.523438	-83.014870
1641.906738	-83.547012
1647.290039	-84.393768
1652.673340	-84.169044
1658.056641	-83.637794
1663.439941	-83.141632
1668.823242	-83.539284
1674.206543	-83.589722
1679.589844	-83.234665
1684.973145	-82.627937
1690.356445	-81.845383
1695.739746	-81.510185
1701.123047	-81.603134
1706.506348	-81.835587
1711.889648	-81.736732
1717.272949	-82.280769
1722.656250	-82.815369
1728.039551	-83.708580
1733.422852	-84.250404
1738.806152	-85.497345
1744.189453	-85.881813
1749.572754	-85.967438
1754.956055	-87.054367
1760.339355	-87.226051
1765.722656	-86.459084
1771.105957	-87.001060
1776.489258	-86.420639
1781.872559	-87.165009
1787.255859	-87.001892
1792.639160	-86.460999
1798.022461	-86.446533
1803.405762	-86.771027
1808.789062	-86.819557
1814.172363	-86.087578
1819.555664	-85.784653
1824.938965	-85.774513
1830.322266	-85.518456
1835.705566	-85.439987
1841.088867	-85.390244
1846.472168	-85.125702
1851.855469	-84.834785
1857.238770	-84.652794
1862.622070	-84.958725
1868.005371	-84.827835
1873.388672	-85.216064
1878.771973	-85.330208
1884.155273	-84.562195
1889.538574	-84.372498
1894.921875	-84.534500
1900.305176	-84.175735
1905.688477	-84.077339
1911.071777	-84.073151
1916.455078	-84.660561
1921.838379	-85.565453
1927.221680	-85.570450
1932.604980	-86.029869
1937.988281	-86.281258
1943.371582	-86.287651
1948.754883	-86.954689
1954.138184	-86.823898
1959.521484	-87.196342
1964.904785	-87.089424
1970.288086	-86.855698
1975.671387	-86.998138
1981.054688	-86.439079
1986.437988	-85.413208
1991.821289	-85.276947
1997.204590	-85.612373
2002.587891	-86.688332
2007.971191	-87.064644
2013.354492	-87.787338
2018.737793	-88.000954
2024.121094	-87.944595
2029.504395	-87.216873
2034.887695	-86.771248
2040.270996	-86.016869
2045.654297	-85.277275
2051.037598	-85.517128
2056.420898	-85.118042
2061.804199	-85.749565
2067.187500	-86.385162
2072.570801	-87.040764
2077.954102	-87.619232
2083.337402	-87.643410
2088.720703	-87.923477
2094.104004	-88.507942
2099.487305	-89.033806
2104.870605	-88.795807
2110.253906	-89.516884
2115.637207	-89.856712
2121.020508	-89.985992
2126.403809	-89.435249
2131.787109	-90.034630
2137.170410	-90.479774
2142.553711	-90.752487
2147.937012	-89.895859
2153.320312	-89.517365
2158.703613	-90.060532
2164.086914	-90.330315
2169.470215	-90.426613
2174.853516	-90.796349
2180.236816	-91.553169
2185.620117	-91.296432
2191.003418	-91.445190
2196.386719	-91.547867
2201.770020	-91.342583
2207.153320	-91.113762
2212.536621	-91.951889
2217.919922	-91.836609
2223.303223	-91.906151
2228.686523	-91.497635
2234.069824	-91.035049
2239.453125	-91.018509
2244.836426	-90.248276
2250.219727	-89.738579
2255.603027	-88.830154
2260.986328	-88.757515
2266.369629	-88.788025
2271.752930	-88.963440
2277.136230	-88.299431
2282.519531	-87.514198
2287.902832	-86.983559
2293.286133	-87.370331
2298.669434	-87.596870
2304.052734	-87.830002
2309.436035	-88.684502
2314.819336	-87.898338
2320.202637	-88.349045
2325.585938	-89.211021
2330.969238	-90.340904
2336.352539	-91.353859
2341.735840	-92.461784
2347.119141	-92.590858
2352.502441	-91.857315
2357.885742	-91.143982
2363.269043	-90.328178
2368.652344	-88.961868
2374.035645	-89.252220
2379.418945	-89.525986
2384.802246	-89.001411
2390.185547	-88.691315
2395.568848	-88.668884
2400.952148	-89.413231
2406.335449	-89.589424
2411.718750	-89.141136
2417.102051	-89.287659
2422.485352	-90.023285
2427.868652	-91.472443
2433.251953	-92.211731
2438.635254	-92.310257
2444.018555	-92.105652
2449.401855	-91.420433
2454.785156	-90.404900
2460.168457	-89.211342
2465.551758	-88.388702
2470.935059	-89.397766
2476.318359	-89.897804
2481.701660	-90.224228
2487.084961	-89.927788
2492.468262	-89.202057
2497.851562	-89.104874
2503.234863	-89.205536
2508.618164	-89.416405
2514.001465	-89.915550
2519.384766	-89.971306
2524.768066	-89.946243
2530.151367	-90.221825
2535.534668	-90.221222
2540.917969	-89.924858
2546.301270	-89.114624
2551.684570	-89.419968
2557.067871	-89.671951
2562.451172	-89.310631
2567.834473	-89.131554
2573.217773	-89.192039
2578.601074	-89.734123
2583.984375	-90.067993
2589.367676	-89.845200
2594.750977	-89.468674
2600.134277	-89.430740
2605.517578	-89.499641
2610.900879	-88.738838
2616.284180	-89.651375
2621.667480	-90.941917
2627.050781	-91.380394
2632.434082	-91.304077
2637.817383	-91.077103
2643.200684	-90.624092
2648.583984	-90.782883
2653.967285	-90.939331
2659.350586	-91.092804
2664.733887	-91.435379
2670.117188	-92.077118
2675.500488	-91.189972
2680.883789	-91.290817
2686.267090	-92.191879
2691.650391	-92.292953
2697.033691	-92.406654
2702.416992	-91.867401
2707.800293	-91.237747
2713.183594	-91.184578
2718.566895	-90.864807
2723.950195	-91.098618
2729.333496	-91.082726
2734.716797	-91.688705
2740.100098	-91.975456
2745.483398	-92.264114
2750.866699	-91.786064
2756.250000	-92.056915
2761.633301	-92.829720
2767.016602	-92.256386
2772.399902	-92.031937
2777.783203	-91.696861
2783.166504	-90.988922
2788.549805	-89.885437
2793.933105	-89.538437
2799.316406	-89.448288
2804.699707	-89.430168
2810.083008	-90.083031
2815.466309	-90.417465
2820.849609	-90.437271
2826.232910	-91.263306
2831.616211	-91.282158
2836.999512	-90.912666
2842.382812	-90.883499
2847.766113	-91.253807
2853.149414	-91.656761
2858.532715	-91.791496
2863.916016	-91.996216
2869.299316	-91.732574
2874.682617	-92.447723
2880.065918	-92.777725
2885.449219	-92.916092
2890.832520	-92.808495
2896.215820	-92.950157
2901.599121	-93.004364
2906.982422	-93.268913
2912.365723	-92.801567
2917.749023	-92.622879
2923.132324	-92.341728
2928.515625	-92.888077
2933.898926	-93.215858
2939.282227	-93.877846
2944.665527	-93.236755
2950.048828	-93.168915
2955.432129	-93.515251
2960.815430	-93.601196
2966.198730	-93.233215
2971.582031	-92.953735
2976.965332	-93.039154
2982.348633	-93.199242
2987.731934	-93.190208
2993.115234	-92.957817
2998.498535	-92.650162
3003.881836	-92.753143
3009.265137	-93.028915
3014.648438	-92.893272
3020.031738	-92.393539
3025.415039	-92.049713
3030.798340	-91.828392
3036.181641	-91.997757
3041.564941	-93.018524
3046.948242	-92.789459
3052.331543	-92.346725
3057.714844	-91.488441
3063.098145	-91.901909
3068.481445	-92.494553
3073.864746	-92.458656
3079.248047	-92.105316
3084.631348	-92.122726
3090.014648	-92.188622
3095.397949	-91.994240
3100.781250	-91.589020
3106.164551	-91.616096
3111.547852	-91.660011
3116.931152	-91.546936
3122.314453	-91.954826
3127.697754	-91.527016
3133.081055	-91.230194
3138.464355	-92.115730
3143.847656	-92.235092
3149.230957	-91.502487
3154.614258	-91.920502
3159.997559	-91.774620
3165.380859	-91.669250
3170.764160	-92.487541
3176.147461	-93.390587
3181.530762	-93.606094
3186.914062	-94.084839
3192.297363	-94.166832
3197.680664	-93.753036
3203.063965	-94.237183
3208.447266	-95.044708
3213.830566	-95.213333
3219.213867	-95.091881
3224.597168	-95.566261
3229.980469	-94.656830
3235.363770	-94.214508
3240.747070	-95.101242
3246.130371	-95.661552
3251.513672	-95.424438
3256.896973	-94.498116
3262.280273	-94.587906
3267.663574	-94.216507
3273.046875	-93.659889
3278.430176	-94.337082
3283.813477	-94.064384
3289.196777	-93.619225
3294.580078	-93.063187
3299.963379	-93.409218
3305.346680	-93.710503
3310.729980	-93.371361
3316.113281	-92.945641
3321.496582	-93.663628
3326.879883	-94.046532
3332.263184	-93.942780
3337.646484	-94.647377
3343.029785	-94.958954
3348.413086	-93.960732
3353.796387	-93.727631
3359.179688	-93.977226
3364.562988	-93.143715
3369.946289	-92.754593
3375.329590	-92.822525
3380.712891	-92.649864
3386.096191	-93.788445
3391.479492	-93.756508
3396.862793	-93.430801
3402.246094	-93.809509
3407.629395	-93.991730
3413.012695	-95.444862
3418.395996	-95.130035
3423.779297	-94.628914
3429.162598	-94.469963
3434.545898	-93.860741
3439.929199	-94.323479
3445.312500	-93.893219
3450.695801	-94.250305
3456.079102	-95.470451
3461.462402	-94.896553
3466.845703	-94.906998
3472.229004	-95.648499
3477.612305	-95.413193
3482.995605	-94.768440
3488.378906	-94.424927
3493.762207	-94.633118
3499.145508	-94.684715
3504.528809	-94.902687
3509.912109	-94.301888
3515.295410	-94.993484
3520.678711	-95.121933
3526.062012	-94.858131
3531.445312	-95.305527
3536.828613	-95.268707
3542.211914	-94.885506
3547.595215	-94.062416
3552.978516	-93.688736
3558.361816	-93.888252
3563.745117	-94.771507
3569.128418	-95.317268
3574.511719	-95.498405
3579.895020	-94.813515
3585.278320	-94.706619
3590.661621	-95.027046
3596.044922	-94.854187
3601.428223	-95.357140
3606.811523	-95.763184
3612.194824	-95.519264
3617.578125	-95.870232
3622.961426	-95.315697
3628.344727	-95.177155
3633.728027	-95.711288
3639.111328	-96.025345
3644.494629	-95.523277
3649.877930	-95.275963
3655.261230	-94.737305
3660.644531	-94.236198
3666.027832	-95.240807
3671.411133	-95.191750
3676.794434	-95.267845
3682.177734	-95.556221
3687.561035	-94.708496
3692.944336	-94.859886
3698.327637	-95.839821
3703.710938	-95.464272
3709.094238	-95.900200
3714.477539	-96.059990
3719.860840	-96.363647
3725.244141	-96.125526
3730.627441	-95.364296
3736.010742	-94.643501
3741.394043	-95.145760
3746.777344	-95.005600
3752.160645	-94.826607
3757.543945	-95.355316
3762.927246	-95.544167
3768.310547	-95.361641
3773.693848	-95.701714
3779.077148	-95.403122
3784.460449	-95.728203
3789.843750	-95.755096
3795.227051	-95.721527
3800.610352	-95.335968
3805.993652	-95.689453
3811.376953	-95.510185
3816.760254	-95.157791
3822.143555	-95.573135
3827.526855	-95.405167
3832.910156	-96.126457
3838.293457	-95.850662
3843.676758	-95.691986
3849.060059	-95.501961
3854.443359	-95.655518
3859.826660	-96.007828
3865.209961	-95.775703
3870.593262	-95.518051
3875.976562	-95.457550
3881.359863	-95.564438
3886.743164	-96.325653
3892.126465	-96.745148
3897.509766	-97.534256
3902.893066	-97.607315
3908.276367	-97.119499
3913.659668	-97.041847
3919.042969	-96.683334
3924.426270	-96.091278
3929.809570	-96.560112
3935.192871	-96.543190
3940.576172	-96.601387
3945.959473	-96.571487
3951.342773	-96.070274
3956.726074	-97.034340
3962.109375	-96.454277
3967.492676	-96.091141
3972.875977	-96.098877
3978.259277	-95.754204
3983.642578	-95.315933
3989.025879	-95.344139
3994.409180	-95.304794
3999.792480	-94.598633
4005.175781	-95.588043
4010.559082	-96.704071
4015.942383	-96.705833
4021.325684	-97.278564
4026.708984	-97.105415
4032.092285	-96.801453
4037.475586	-95.721489
4042.858887	-96.213486
4048.242188	-96.168358
4053.625488	-95.907394
4059.008789	-96.930305
4064.392090	-96.856300
4069.775391	-96.101814
4075.158691	-96.850166
4080.541992	-98.143425
4085.925293	-97.975739
4091.308594	-96.250183
4096.691895	-95.509750
4102.075195	-95.813705
4107.458496	-96.626869
4112.841797	-96.765732
4118.225098	-97.202209
4123.608398	-97.391754
4128.991699	-97.705772
4134.375000	-97.063721
4139.758301	-96.881378
4145.141602	-97.266876
4150.524902	-96.840851
4155.908203	-95.919296
4161.291504	-95.594856
4166.674805	-95.508141
4172.058105	-96.311722
4177.441406	-96.277168
4182.824707	-96.617859
4188.208008	-96.897835
4193.591309	-96.911209
4198.974609	-96.596565
4204.357910	-96.954758
4209.741211	-97.728127
4215.124512	-98.129753
4220.507812	-98.187347
4225.891113	-97.649094
4231.274414	-96.976547
4236.657715	-96.500771
4242.041016	-97.160843
4247.424316	-97.397560
4252.807617	-96.721268
4258.190918	-96.498459
4263.574219	-96.608276
4268.957520	-97.029068
4274.340820	-97.603264
4279.724121	-97.624435
4285.107422	-97.809280
4290.490723	-98.279152
4295.874023	-96.989540
4301.257324	-96.903358
4306.640625	-96.985909
4312.023926	-97.171585
4317.407227	-97.196869
4322.790527	-96.398277
4328.173828	-97.276855
4333.557129	-97.614220
4338.940430	-96.639336
4344.323730	-96.538551
4349.707031	-96.565346
4355.090332	-96.350601
4360.473633	-95.861839
4365.856934	-95.988434
4371.240234	-96.457352
4376.623535	-96.088760
4382.006836	-96.804855
4387.390137	-97.297119
4392.773438	-97.931259
4398.156738	-98.179047
4403.540039	-97.291641
4408.923340	-96.615845
4414.306641	-97.676460
4419.689941	-97.075684
4425.073242	-96.444771
4430.456543	-97.073082
4435.839844	-97.277847
4441.223145	-97.603264
4446.606445	-99.534492
4451.989746	-99.095123
4457.373047	-99.264870
4462.756348	-98.631752
4468.139648	-98.563293
4473.522949	-98.819321
4478.906250	-98.826637
4484.289551	-98.839325
4489.672852	-98.153130
4495.056152	-96.906387
4500.439453	-97.358467
4505.822754	-98.123543
4511.206055	-98.068314
4516.589355	-96.520790
4521.972656	-95.882263
4527.355957	-96.231834
4532.739258	-96.084114
4538.122559	-96.658745
4543.505859	-97.517403
4548.889160	-97.392479
4554.272461	-97.279015
4559.655762	-97.233177
4565.039062	-97.336624
4570.422363	-96.932594
4575.805664	-97.080719
4581.188965	-97.284470
4586.572266	-96.835960
4591.955566	-96.186790
4597.338867	-97.438828
4602.722168	-97.079048
4608.105469	-97.702637
4613.488770	-98.617790
4618.872070	-99.118240
4624.255371	-98.257462
4629.638672	-97.635712
4635.021973	-97.707237
4640.405273	-98.047272
4645.788574	-98.408707
4651.171875	-98.351234
4656.555176	-99.100647
4661.938477	-99.391106
4667.321777	-99.414978
4672.705078	-99.572815
4678.088379	-99.052231
4683.471680	-99.023102
4688.854980	-98.911133
4694.238281	-98.465324
4699.621582	-98.328331
4705.004883	-98.427803
4710.388184	-98.595634
4715.771484	-98.307861
4721.154785	-97.729103
4726.538086	-97.622810
4731.921387	-96.681145
4737.304688	-95.815369
4742.687988	-96.338432
4748.071289	-97.146858
4753.454590	-98.325226
4758.837891	-98.029762
4764.221191	-97.760666
4769.604492	-97.695114
4774.987793	-98.001999
4780.371094	-98.041245
4785.754395	-97.638046
4791.137695	-96.918564
4796.520996	-97.246498
4801.904297	-97.404953
4807.287598	-97.737289
4812.670898	-98.222801
4818.054199	-97.599113
4823.437500	-97.205353
4828.820801	-97.695877
4834.204102	-97.658798
4839.587402	-98.160103
4844.970703	-98.351379
4850.354004	-98.305901
4855.737305	-98.028519
4861.120605	-98.059471
4866.503906	-98.054283
4871.887207	-98.727943
4877.270508	-99.120773
4882.653809	-99.000946
4888.037109	-99.169937
4893.420410	-99.514580
4898.803711	-100.045746
4904.187012	-99.627373
4909.570312	-98.648209
4914.953613	-97.860596
4920.336914	-98.279716
4925.720215	-98.283127
4931.103516	-99.061256
4936.486816	-99.289391
4941.870117	-98.490356
4947.253418	-98.626038
4952.636719	-98.808167
4958.020020	-98.434441
4963.403320	-99.077667
4968.786621	-99.871956
4974.169922	-99.923805
4979.553223	-99.785095
4984.936523	-99.560326
4990.319824	-99.665215
4995.703125	-99.328384
5001.086426	-98.780083
5006.469727	-99.488464
5011.853027	-100.362434
5017.236328	-100.453506
5022.619629	-99.637779
5028.002930	-99.792557
5033.386230	-99.421349
5038.769531	-99.308441
5044.152832	-99.944473
5049.536133	-99.494804
5054.919434	-99.097519
5060.302734	-98.853416
5065.686035	-99.650536
5071.069336	-99.718483
5076.452637	-99.520172
5081.835938	-99.362289
5087.219238	-99.485329
5092.602539	-100.257477
5097.985840	-100.902893
5103.369141	-101.403267
5108.752441	-100.230232
5114.135742	-99.642647
5119.519043	-100.609062
5124.902344	-100.688751
5130.285645	-100.223145
5135.668945	-100.535530
5141.052246	-100.286972
5146.435547	-100.150879
5151.818848	-99.748230
5157.202148	-98.810181
5162.585449	-99.459023
5167.968750	-100.043083
5173.352051	-100.437691
5178.735352	-100.831451
5184.118652	-101.147919
5189.501953	-97.520401
5194.885254	-93.091774
5200.268555	-97.977806
5205.651855	-99.825478
5211.035156	-98.486855
5216.418457	-99.348984
5221.801758	-99.146248
5227.185059	-98.973274
5232.568359	-99.337204
5237.951660	-100.266205
5243.334961	-99.561073
5248.718262	-99.527657
5254.101562	-99.827744
5259.484863	-99.575851
5264.868164	-99.731880
5270.251465	-99.546791
5275.634766	-98.829010
5281.018066	-98.471878
5286.401367	-98.402321
5291.784668	-98.365570
5297.167969	-99.439568
5302.551270	-99.332352
5307.934570	-100.027817
5313.317871	-100.443443
5318.701172	-100.500771
5324.084473	-99.740120
5329.467773	-99.422035
5334.851074	-99.413406
5340.234375	-99.933197
5345.617676	-100.045746
5351.000977	-100.035202
5356.384277	-98.861061
5361.767578	-98.721207
5367.150879	-98.456848
5372.534180	-98.891846
5377.917480	-99.315346
5383.300781	-99.593910
5388.684082	-98.510582
5394.067383	-97.465569
5399.450684	-97.857956
5404.833984	-99.195030
5410.217285	-99.948563
5415.600586	-99.791603
5420.983887	-100.057159
5426.367188	-100.509712
5431.750488	-100.387794
5437.133789	-99.708504
5442.517090	-98.911469
5447.900391	-99.290131
5453.283691	-100.579987
5458.666992	-101.219925
5464.050293	-100.744667
5469.433594	-101.000694
5474.816895	-101.149872
5480.200195	-100.459312
5485.583496	-101.150131
5490.966797	-101.122971
5496.350098	-99.789680
5501.733398	-98.376541
5507.116699	-97.223251
5512.500000	-98.166641
5517.883301	-99.956650
5523.266602	-100.272285
5528.649902	-101.160484
5534.033203	-101.244514
5539.416504	-101.084259
5544.799805	-101.012123
5550.183105	-100.360107
5555.566406	-100.537964
5560.949707	-100.804321
5566.333008	-101.137108
5571.716309	-101.758247
5577.099609	-101.778473
5582.482910	-101.813263
5587.866211	-100.829201
5593.249512	-99.796875
5598.632812	-99.895782
5604.016113	-99.971260
5609.399414	-100.269829
5614.782715	-100.811150
5620.166016	-100.127159
5625.549316	-100.284775
5630.932617	-100.344032
5636.315918	-99.221191
5641.699219	-98.841446
5647.082520	-98.830711
5652.465820	-99.724213
5657.849121	-101.378250
5663.232422	-101.769897
5668.615723	-101.105476
5673.999023	-100.941544
5679.382324	-100.520020
5684.765625	-100.748108
5690.148926	-101.368286
5695.532227	-101.214851
5700.915527	-101.772514
5706.298828	-101.415588
5711.682129	-99.460228
5717.065430	-99.749191
5722.448730	-100.186409
5727.832031	-101.373360
5733.215332	-102.124359
5738.598633	-102.351295
5743.981934	-102.158714
5749.365234	-102.000320
5754.748535	-101.728363
5760.131836	-100.922226
5765.515137	-101.241112
5770.898438	-100.857414
5776.281738	-101.041580
5781.665039	-101.132034
5787.048340	-100.063828
5792.431641	-101.232559
5797.814941	-102.227318
5803.198242	-101.135681
5808.581543	-100.496529
5813.964844	-101.124290
5819.348145	-101.563148
5824.731445	-101.533821
5830.114746	-102.028381
5835.498047	-102.290337
5840.881348	-102.478149
5846.264648	-102.280182
5851.647949	-101.949265
5857.031250	-102.350075
5862.414551	-101.724716
5867.797852	-100.854057
5873.181152	-101.300056
5878.564453	-101.862923
5883.947754	-101.218536
5889.331055	-101.264984
5894.714355	-100.773445
5900.097656	-100.673508
5905.480957	-99.806046
5910.864258	-99.791489
5916.247559	-101.316505
5921.630859	-100.998871
5927.014160	-102.211693
5932.397461	-102.514359
5937.780762	-101.689461
5943.164062	-101.773430
5948.547363	-102.319901
5953.930664	-102.101196
5959.313965	-102.297821
5964.697266	-101.600525
5970.080566	-100.381165
5975.463867	-100.386795
5980.847168	-102.826286
5986.230469	-104.226898
5991.613770	-103.209183
5996.997070	-102.984444
6002.380371	-102.746758
6007.763672	-101.748878
6013.146973	-101.543816
6018.530273	-102.156540
6023.913574	-101.945267
6029.296875	-101.810921
6034.680176	-101.040787
6040.063477	-99.733742
6045.446777	-98.687111
6050.830078	-98.068413
6056.213379	-100.331505
6061.596680	-101.858269
6066.979980	-100.683266
6072.363281	-100.444672
6077.746582	-100.376724
6083.129883	-101.243790
6088.513184	-102.053741
6093.896484	-102.246033
6099.279785	-101.195869
6104.663086	-101.589500
6110.046387	-101.590096
6115.429688	-102.641815
6120.812988	-101.936150
6126.196289	-101.194489
6131.579590	-101.356056
6136.962891	-102.909096
6142.346191	-103.762199
6147.729492	-103.247559
6153.112793	-103.301689
6158.496094	-102.776337
6163.879395	-102.490860
6169.262695	-103.106438
6174.645996	-103.392082
6180.029297	-103.389404
6185.412598	-102.248505
6190.795898	-101.679977
6196.179199	-102.832741
6201.562500	-103.039452
6206.945801	-101.802055
6212.329102	-102.008507
6217.712402	-102.624214
6223.095703	-102.523048
6228.479004	-101.745399
6233.862305	-101.734550
6239.245605	-102.163521
6244.628906	-102.363266
6250.012207	-102.559067
6255.395508	-103.039116
6260.778809	-102.849983
6266.162109	-102.670364
6271.545410	-102.919479
6276.928711	-103.284470
6282.312012	-102.571732
6287.695312	-102.745636
6293.078613	-102.031677
6298.461914	-101.897331
6303.845215	-102.514435
6309.228516	-100.966034
6314.611816	-102.308640
6319.995117	-102.844124
6325.378418	-102.558823
6330.761719	-101.828117
6336.145020	-101.333382
6341.528320	-99.911232
6346.911621	-99.916367
6352.294922	-99.777840
6357.678223	-100.098976
6363.061523	-101.203217
6368.444824	-102.623016
6373.828125	-102.355904
6379.211426	-101.710434
6384.594727	-101.635468
6389.978027	-101.336098
6395.361328	-101.248062
6400.744629	-102.796623
6406.127930	-103.142433
6411.511230	-100.928558
6416.894531	-100.286255
6422.277832	-100.692871
6427.661133	-101.890915
6433.044434	-101.295334
6438.427734	-101.577965
6443.811035	-103.155693
6449.194336	-103.497513
6454.577637	-103.200653
6459.960938	-102.582466
6465.344238	-103.220543
6470.727539	-103.184631
6476.110840	-103.102287
6481.494141	-102.220703
6486.877441	-101.509644
6492.260742	-101.187286
6497.644043	-101.826874
6503.027344	-102.427834
6508.410645	-102.287933
6513.793945	-102.239220
6519.177246	-102.845520
6524.560547	-102.524063
6529.943848	-101.965523
6535.327148	-101.301353
6540.710449	-101.552101
6546.093750	-102.738144
6551.477051	-102.919571
6556.860352	-103.324379
6562.243652	-102.804764
6567.626953	-101.440834
6573.010254	-101.165871
6578.393555	-101.899384
6583.776855	-102.218704
6589.160156	-102.344505
6594.543457	-102.263527
6599.926758	-102.741859
6605.310059	-102.960548
6610.693359	-102.271805
6616.076660	-102.702713
6621.459961	-102.503448
6626.843262	-102.325958
6632.226562	-102.928261
6637.609863	-103.354706
6642.993164	-102.673523
6648.376465	-102.747871
6653.759766	-102.363045
6659.143066	-102.023148
6664.526367	-102.919701
6669.909668	-103.471748
6675.292969	-103.085808
6680.676270	-102.098572
6686.059570	-101.852974
6691.442871	-102.362000
6696.826172	-101.620514
6702.209473	-102.655685
6707.592773	-102.580910
6712.976074	-102.213165
6718.359375	-102.143951
6723.742676	-102.033501
6729.125977	-101.872871
6734.509277	-103.246735
6739.892578	-102.765869
6745.275879	-102.765053
6750.659180	-101.976654
6756.042480	-101.769684
6761.425781	-101.982269
6766.809082	-102.135834
6772.192383	-102.830978
6777.575684	-103.490181
6782.958984	-103.005379
6788.342285	-101.968842
6793.725586	-101.804771
6799.108887	-102.186371
6804.492188	-102.653793
6809.875488	-103.734581
6815.258789	-103.862640
6820.642090	-103.688744
6826.025391	-104.220047
6831.408691	-104.896530
6836.791992	-104.250244
6842.175293	-103.480637
6847.558594	-102.882408
6852.941895	-103.257858
6858.325195	-104.008217
6863.708496	-104.163567
6869.091797	-104.668701
6874.475098	-103.712074
6879.858398	-102.686516
6885.241699	-102.590790
6890.625000	-101.881546
6896.008301	-101.470787
6901.391602	-101.434151
6906.774902	-100.419998
6912.158203	-100.269707
6917.541504	-100.081894
6922.924805	-101.403641
6928.308105	-102.932404
6933.691406	-102.502655
6939.074707	-102.256699
6944.458008	-103.047752
6949.841309	-103.624802
6955.224609	-103.870819
6960.607910	-103.502167
6965.991211	-103.678070
6971.374512	-104.339226
6976.757812	-103.966568
6982.141113	-104.213188
6987.524414	-104.193237
6992.907715	-104.378075
6998.291016	-103.659424
7003.674316	-103.335556
7009.057617	-103.100624
7014.440918	-103.323845
7019.824219	-103.886345
7025.207520	-103.659111
7030.590820	-103.793381
7035.974121	-104.488251
7041.357422	-104.484360
7046.740723	-104.751068
7052.124023	-104.750732
7057.507324	-104.810982
7062.890625	-104.468430
7068.273926	-104.278854
7073.657227	-104.606964
7079.040527	-104.762970
7084.423828	-104.529137
7089.807129	-104.035240
7095.190430	-103.568939
7100.573730	-102.876762
7105.957031	-103.063812
7111.340332	-103.896469
7116.723633	-104.286964
7122.106934	-105.297318
7127.490234	-105.395126
7132.873535	-104.430946
7138.256836	-103.285393
7143.640137	-101.348152
7149.023438	-100.845612
7154.406738	-102.077599
7159.790039	-103.524643
7165.173340	-103.267662
7170.556641	-102.694023
7175.939941	-103.566620
7181.323242	-104.185135
7186.706543	-104.484055
7192.089844	-104.752975
7197.473145	-104.471672
7202.856445	-103.335075
7208.239746	-103.291992
7213.623047	-104.169449
7219.006348	-103.984962
7224.389648	-104.527626
7229.772949	-104.622581
7235.156250	-104.486649
7240.539551	-104.648788
7245.922852	-103.857216
7251.306152	-103.121155
7256.689453	-104.070786
7262.072754	-104.788536
7267.456055	-103.878647
7272.839355	-103.071152
7278.222656	-103.830849
7283.605957	-103.618202
7288.989258	-104.389244
7294.372559	-104.605949
7299.755859	-103.572174
7305.139160	-103.779762
7310.522461	-103.766968
7315.905762	-103.073372
7321.289062	-102.284103
7326.672363	-101.832100
7332.055664	-102.611572
7337.438965	-103.750587
7342.822266	-103.963303
7348.205566	-103.782036
7353.588867	-103.637756
7358.972168	-103.623642
7364.355469	-102.604866
7369.738770	-101.880356
7375.122070	-102.139862
7380.505371	-103.066223
7385.888672	-103.865669
7391.271973	-103.925697
7396.655273	-104.523972
7402.038574	-104.519363
7407.421875	-103.999062
7412.805176	-103.943985
7418.188477	-104.758522
7423.571777	-104.417152
7428.955078	-104.437744
7434.338379	-104.221649
7439.721680	-103.816200
7445.104980	-104.597504
7450.488281	-104.361488
7455.871582	-104.748352
7461.254883	-104.357750
7466.638184	-105.067261
7472.021484	-105.092659
7477.404785	-104.811348
7482.788086	-105.002281
7488.171387	-105.028000
7493.554688	-104.938057
7498.937988	-104.977219
7504.321289	-103.550606
7509.704590	-102.657608
7515.087891	-102.397842
7520.471191	-103.059357
7525.854492	-102.506966
7531.237793	-103.396713
7536.621094	-103.328568
7542.004395	-103.543182
7547.387695	-104.693672
7552.770996	-103.820900
7558.154297	-101.588646
7563.537598	-101.125511
7568.920898	-102.522835
7574.304199	-103.771172
7579.687500	-103.858047
7585.070801	-103.972137
7590.454102	-104.921120
7595.837402	-105.192268
7601.220703	-104.327690
7606.604004	-104.097237
7611.987305	-105.135643
7617.370605	-105.108803
7622.753906	-104.736679
7628.137207	-104.196449
7633.520508	-104.452705
7638.903809	-104.530067
7644.287109	-105.663116
7649.670410	-105.043388
7655.053711	-104.152016
7660.437012	-102.925522
7665.820312	-101.901657
7671.203613	-102.135345
7676.586914	-103.414345
7681.970215	-104.137451
7687.353516	-102.994713
7692.736816	-102.262779
7698.120117	-103.070366
7703.503418	-104.957001
7708.886719	-106.034065
7714.270020	-104.999405
7719.653320	-104.917381
7725.036621	-103.783691
7730.419922	-102.660309
7735.803223	-103.894524
7741.186523	-104.529861
7746.569824	-104.730736
7751.953125	-104.612144
7757.336426	-103.839447
7762.719727	-103.543587
7768.103027	-104.167564
7773.486328	-104.104866
7778.869629	-104.531319
7784.252930	-104.748680
7789.636230	-105.039520
7795.019531	-105.402084
7800.402832	-104.933456
7805.786133	-105.190697
7811.169434	-105.045708
7816.552734	-105.287132
7821.936035	-104.734970
7827.319336	-104.538605
7832.702637	-104.518906
7838.085938	-104.851707
7843.469238	-105.205025
7848.852539	-104.342049
7854.235840	-104.098877
7859.619141	-104.832634
7865.002441	-105.747772
7870.385742	-105.419098
7875.769043	-105.362007
7881.152344	-105.100067
7886.535645	-104.910927
7891.918945	-105.087204
7897.302246	-105.614288
7902.685547	-105.297638
7908.068848	-105.078873
7913.452148	-104.535416
7918.835449	-105.480957
7924.218750	-105.516426
7929.602051	-105.165123
7934.985352	-105.888870
7940.368652	-105.612183
7945.751953	-104.563889
7951.135254	-102.924301
7956.518555	-101.864380
7961.901855	-102.806221
7967.285156	-104.814163
7972.668457	-105.555679
7978.051758	-105.783684
7983.435059	-105.196571
7988.818359	-104.181625
7994.201660	-103.788139
7999.584961	-103.120270
8004.968262	-104.171913
8010.351562	-104.348740
8015.734863	-102.621330
8021.118164	-101.765640
8026.501465	-101.919304
8031.884766	-102.638962
8037.268066	-103.594933
8042.651367	-104.120850
8048.034668	-105.158073
8053.417969	-106.271988
8058.801270	-105.578232
8064.184570	-104.828011
8069.567871	-103.824753
8074.951172	-104.370743
8080.334473	-104.445663
8085.717773	-103.861404
8091.101074	-103.999748
8096.484375	-104.678299
8101.867676	-103.939125
8107.250977	-104.333672
8112.634277	-104.330360
8118.017578	-105.047653
8123.400879	-105.863037
8128.784180	-106.838562
8134.167480	-106.236610
8139.550781	-105.279480
8144.934082	-104.033974
8150.317383	-102.878868
8155.700684	-103.775948
8161.083984	-105.637100
8166.467285	-106.061714
8171.850586	-106.207626
8177.233887	-105.165161
8182.617188	-104.463295
8188.000488	-103.840828
8193.383789	-102.861183
8198.767090	-103.488327
8204.150391	-104.626106
8209.533691	-105.662094
8214.916992	-105.877777
8220.300293	-106.769958
8225.683594	-105.992126
8231.066895	-106.059128
8236.450195	-106.809135
8241.833496	-106.556076
8247.216797	-106.299065
8252.600098	-106.664536
8257.983398	-106.654984
8263.366699	-107.014030
8268.750000	-106.715736
8274.133301	-107.216339
8279.516602	-107.012367
8284.899902	-105.765213
8290.283203	-105.056190
8295.666504	-104.227325
8301.049805	-103.761833
8306.433105	-103.409889
8311.816406	-102.688461
8317.199707	-102.754730
8322.583008	-103.226868
8327.966309	-103.628403
8333.349609	-104.087860
8338.732910	-105.077660
8344.116211	-105.687073
8349.499512	-107.059013
8354.882812	-107.050308
8360.266113	-105.529770
8365.649414	-105.735298
8371.032715	-105.976730
8376.416016	-106.565407
8381.799316	-106.780212
8387.182617	-105.424149
8392.565918	-104.271973
8397.949219	-104.575577
8403.332520	-104.041405
8408.715820	-104.395546
8414.099121	-106.620735
8419.482422	-106.632446
8424.865723	-106.027725
8430.249023	-105.316391
8435.632324	-105.775566
8441.015625	-104.894035
8446.398926	-104.219322
8451.782227	-104.287285
8457.165527	-104.462814
8462.548828	-103.936523
8467.932129	-104.002129
8473.315430	-104.011971
8478.698730	-104.454788
8484.082031	-105.031708
8489.465332	-105.809059
8494.848633	-106.399338
8500.231934	-106.573753
8505.615234	-105.694275
8510.998535	-105.332687
8516.381836	-104.149025
8521.765137	-104.305908
8527.148438	-105.250214
8532.531738	-106.453758
8537.915039	-107.158775
8543.298340	-106.219131
8548.681641	-106.047485
8554.064941	-106.730019
8559.448242	-106.816589
8564.831543	-106.491516
8570.214844	-106.374054
8575.598145	-106.403236
8580.981445	-107.094131
8586.364746	-106.292168
8591.748047	-104.648018
8597.131348	-102.523788
8602.514648	-102.163887
8607.897949	-102.778206
8613.281250	-104.767853
8618.664551	-106.478371
8624.047852	-107.336174
8629.431152	-106.811981
8634.814453	-106.191895
8640.197754	-106.270096
8645.581055	-106.431129
8650.964355	-106.455994
8656.347656	-106.576363
8661.730957	-105.776436
8667.114258	-106.530426
8672.497559	-105.875275
8677.880859	-106.716873
8683.264160	-107.034523
8688.647461	-106.773994
8694.030762	-107.076157
8699.414062	-107.597794
8704.797363	-106.433891
8710.180664	-106.616730
8715.563965	-107.441376
8720.947266	-107.246498
8726.330566	-106.251183
8731.713867	-105.957016
8737.097168	-105.935364
8742.480469	-105.856606
8747.863770	-106.474243
8753.247070	-107.151787
8758.630371	-107.791061
8764.013672	-106.457169
8769.396973	-105.829422
8774.780273	-106.041924
8780.163574	-105.261993
8785.546875	-104.522079
8790.930176	-104.720726
8796.313477	-104.612587
8801.696777	-104.654518
8807.080078	-104.700653
8812.463379	-104.611855
8817.846680	-105.576401
8823.229980	-105.986511
8828.613281	-106.677010
8833.996582	-106.950111
8839.379883	-105.656082
8844.763184	-104.519501
8850.146484	-104.344536
8855.529785	-104.830803
8860.913086	-105.476387
8866.296387	-104.542046
8871.679688	-104.333305
8877.062988	-104.925621
8882.446289	-106.811684
8887.829590	-107.563118
8893.212891	-107.018379
8898.596191	-105.785080
8903.979492	-106.280403
8909.362793	-106.865555
8914.746094	-106.825638
8920.129395	-107.131630
8925.512695	-106.802727
8930.895996	-107.078842
8936.279297	-106.566185
8941.662598	-105.723465
8947.045898	-105.600540
8952.429199	-105.224014
8957.812500	-103.889900
8963.195801	-101.998253
8968.579102	-100.821938
8973.962402	-101.510262
8979.345703	-103.268425
8984.729004	-105.643257
8990.112305	-106.170944
8995.495605	-105.160187
9000.878906	-104.398567
9006.262207	-103.326790
9011.645508	-102.180138
9017.028809	-102.904060
9022.412109	-103.432426
9027.795410	-103.545319
9033.178711	-104.498306
9038.562012	-105.446396
9043.945312	-106.378609
9049.328613	-107.754051
9054.711914	-107.436478
9060.095215	-108.075645
9065.478516	-106.858238
9070.861816	-105.949394
9076.245117	-105.518456
9081.628418	-106.381256
9087.011719	-106.267273
9092.395020	-104.556404
9097.778320	-102.936722
9103.161621	-102.204216
9108.544922	-102.798370
9113.928223	-104.270927
9119.311523	-106.818619
9124.694824	-106.233742
9130.078125	-105.868423
9135.461426	-106.671478
9140.844727	-107.052773
9146.228027	-107.175941
9151.611328	-107.058289
9156.994629	-107.107628
9162.377930	-107.670990
9167.761230	-106.417458
9173.144531	-106.800896
9178.527832	-107.055038
9183.911133	-106.968864
9189.294434	-107.239990
9194.677734	-106.996414
9200.061035	-107.633232
9205.444336	-107.048378
9210.827637	-107.164597
9216.210938	-106.437401
9221.594238	-106.680374
9226.977539	-106.428947
9232.360840	-105.400322
9237.744141	-104.519585
9243.127441	-104.812920
9248.510742	-106.326408
9253.894043	-104.574806
9259.277344	-104.247627
9264.660645	-105.953728
9270.043945	-106.010063
9275.427246	-105.922325
9280.810547	-106.154678
9286.193848	-107.076790
9291.577148	-107.791153
9296.960449	-107.376648
9302.343750	-106.908707
9307.727051	-107.448265
9313.110352	-107.489990
9318.493652	-107.033722
9323.876953	-106.903206
9329.260254	-106.972610
9334.643555	-107.665398
9340.026855	-107.167511
9345.410156	-107.011185
9350.793457	-107.148705
9356.176758	-106.994141
9361.560059	-105.807297
9366.943359	-104.925926
9372.326660	-104.683640
9377.709961	-104.134331
9383.093262	-103.391563
9388.476562	-103.598343
9393.859863	-103.747879
9399.243164	-102.217041
9404.626465	-101.961075
9410.009766	-102.206230
9415.393066	-101.764053
9420.776367	-103.151283
9426.159668	-106.506210
9431.542969	-106.743874
9436.926270	-105.370941
9442.309570	-103.641617
9447.692871	-103.766907
9453.076172	-104.433228
9458.459473	-105.936623
9463.842773	-106.714348
9469.226074	-106.068825
9474.609375	-106.073677
9479.992676	-107.277382
9485.375977	-107.229652
9490.759277	-107.669548
9496.142578	-107.195251
9501.525879	-105.638458
9506.909180	-104.103127
9512.292480	-104.056992
9517.675781	-104.308151
9523.059082	-105.453880
9528.442383	-106.177040
9533.825684	-106.105034
9539.208984	-106.848885
9544.592285	-108.193657
9549.975586	-105.628334
9555.358887	-104.608711
9560.742188	-104.842209
9566.125488	-106.189339
9571.508789	-107.414497
9576.892090	-107.515091
9582.275391	-106.811714
9587.658691	-106.792168
9593.041992	-106.161217
9598.425293	-104.742142
9603.808594	-102.512947
9609.191895	-102.613251
9614.575195	-102.371933
9619.958496	-103.293579
9625.341797	-104.204094
9630.725098	-104.941368
9636.108398	-106.089157
9641.491699	-105.617828
9646.875000	-105.821594
9652.258301	-106.132385
9657.641602	-106.985321
9663.024902	-106.878578
9668.408203	-108.282433
9673.791504	-106.915916
9679.174805	-106.177467
9684.558105	-105.663040
9689.941406	-104.527725
9695.324707	-103.743332
9700.708008	-104.737000
9706.091309	-106.370003
9711.474609	-105.377403
9716.857910	-103.877266
9722.241211	-105.045654
9727.624512	-104.857567
9733.007812	-104.506760
9738.391113	-105.288521
9743.774414	-105.589401
9749.157715	-105.938263
9754.541016	-106.909592
9759.924316	-106.986084
9765.307617	-105.262489
9770.690918	-103.724159
9776.074219	-102.227760
9781.457520	-101.701164
9786.840820	-101.862923
9792.224121	-101.832558
9797.607422	-103.089462
9802.990723	-105.726830
9808.374023	-107.851952
9813.757324	-105.299034
9819.140625	-102.483368
9824.523926	-103.155472
9829.907227	-105.215477
9835.290527	-107.225288
9840.673828	-106.953568
9846.057129	-107.070358
9851.440430	-106.562752
9856.823730	-106.777710
9862.207031	-107.784805
9867.590332	-107.599724
9872.973633	-107.119408
9878.356934	-106.962318
9883.740234	-106.592880
9889.123535	-106.271591
9894.506836	-107.514664
9899.890137	-107.915405
9905.273438	-107.639290
9910.656738	-106.823685
9916.040039	-107.223213
9921.423340	-107.163513
9926.806641	-105.757263
9932.189941	-105.895782
9937.573242	-106.306763
9942.956543	-104.716599
9948.339844	-103.580986
9953.723145	-101.482277
9959.106445	-100.642967
9964.489746	-100.259697
9969.873047	-100.640556
9975.256348	-101.489388
9980.639648	-103.050812
9986.022949	-103.892982
9991.406250	-104.458717
9996.789551	-104.977798
10002.172852	-105.352722
10007.556152	-105.359840
10012.939453	-105.600121
10018.322754	-106.187630
10023.706055	-105.627121
10029.089355	-104.689056
10034.472656	-103.579514
10039.855957	-103.556953
10045.239258	-105.125175
10050.622559	-105.892883
10056.005859	-105.095482
10061.389160	-103.595879
10066.772461	-104.754425
10072.155762	-103.981255
10077.539062	-104.092003
10082.922363	-106.459091
10088.305664	-106.006897
10093.688965	-106.364243
10099.072266	-106.784012
10104.455566	-106.654396
10109.838867	-106.686562
10115.222168	-104.403343
10120.605469	-104.072205
10125.988770	-104.687286
10131.372070	-105.772041
10136.755371	-106.546890
10142.138672	-106.509758
10147.521973	-106.454277
10152.905273	-107.106613
10158.288574	-107.332260
10163.671875	-105.527794
10169.055176	-104.220322
10174.438477	-103.423912
10179.821777	-102.864586
10185.205078	-102.579193
10190.588379	-103.001648
10195.971680	-103.585762
10201.354980	-103.633369
10206.738281	-104.444527
10212.121582	-105.004196
10217.504883	-105.599388
10222.888184	-105.585495
10228.271484	-105.519409
10233.654785	-104.978699
10239.038086	-105.152672
10244.421387	-104.464394
10249.804688	-103.969345
10255.187988	-103.595284
10260.571289	-102.711098
10265.954590	-102.948029
10271.337891	-104.693779
10276.721191	-106.153305
10282.104492	-106.455414
10287.487793	-105.322693
10292.871094	-104.366409
10298.254395	-104.048195
10303.637695	-103.100555
10309.020996	-102.648895
10314.404297	-103.290985
10319.787598	-106.938148
10325.170898	-106.615776
10330.554199	-105.885521
10335.937500	-104.609375
10341.320801	-104.074570
10346.704102	-104.227081
10352.087402	-103.821472
10357.470703	-104.309883
10362.854004	-104.920235
10368.237305	-105.630783
10373.620605	-105.982155
10379.003906	-105.454254
10384.387207	-96.989838
10389.770508	-89.999458
10395.153809	-96.374565
10400.537109	-103.498970
10405.920410	-102.160439
10411.303711	-103.532616
10416.687012	-104.390106
10422.070312	-104.923225
10427.453613	-107.013504
10432.836914	-107.690788
10438.220215	-108.310623
10443.603516	-108.119003
10448.986816	-108.047012
10454.370117	-107.912437
10459.753418	-106.235153
10465.136719	-105.148880
10470.520020	-104.768852
10475.903320	-104.946075
10481.286621	-105.200562
10486.669922	-105.876717
10492.053223	-106.710106
10497.436523	-106.585266
10502.819824	-106.993958
10508.203125	-107.087372
10513.586426	-107.408043
10518.969727	-107.524124
10524.353027	-106.556732
10529.736328	-106.312164
10535.119629	-107.211769
10540.502930	-107.470894
10545.886230	-108.428513
10551.269531	-109.042992
10556.652832	-109.021843
10562.036133	-109.771362
10567.419434	-109.198753
10572.802734	-109.500984
10578.186035	-109.455406
10583.569336	-108.131035
10588.952637	-107.318771
10594.335938	-105.713821
10599.719238	-106.441574
10605.102539	-107.013817
10610.485840	-105.771652
10615.869141	-105.340439
10621.252441	-105.446304
10626.635742	-104.685471
10632.019043	-104.526833
10637.402344	-105.690086
10642.785645	-106.815666
10648.168945	-107.791359
10653.552246	-108.298698
10658.935547	-107.303917
10664.318848	-106.832359
10669.702148	-105.850853
10675.085449	-105.235619
10680.468750	-104.672882
10685.852051	-106.639923
10691.235352	-108.234848
10696.618652	-107.981331
10702.001953	-107.444717
10707.385254	-108.099854
10712.768555	-108.298210
10718.151855	-108.086838
10723.535156	-108.305862
10728.918457	-107.542450
10734.301758	-108.158447
10739.685059	-109.140854
10745.068359	-108.239273
10750.451660	-106.800644
10755.834961	-106.765213
10761.218262	-106.802155
10766.601562	-105.715309
10771.984863	-105.703255
10777.368164	-106.989403
10782.751465	-108.284470
10788.134766	-108.022087
10793.518066	-107.849892
10798.901367	-106.809624
10804.284668	-107.576553
10809.667969	-107.397583
10815.051270	-107.634827
10820.434570	-108.243912
10825.817871	-108.238724
10831.201172	-108.423615
10836.584473	-107.253021
10841.967773	-105.858467
10847.351074	-104.853783
10852.734375	-104.805992
10858.117676	-104.986153
10863.500977	-105.250259
10868.884277	-105.311287
10874.267578	-106.323105
10879.650879	-108.380661
10885.034180	-107.486084
10890.417480	-107.015419
10895.800781	-107.229141
10901.184082	-106.904388
10906.567383	-105.966530
10911.950684	-107.042641
10917.333984	-107.581070
10922.717285	-107.313118
10928.100586	-107.491936
10933.483887	-107.294113
10938.867188	-106.455452
10944.250488	-107.859978
10949.633789	-109.552734
10955.017090	-108.660568
10960.400391	-107.268906
10965.783691	-106.157722
10971.166992	-105.024513
10976.550293	-105.149597
10981.933594	-105.637703
10987.316895	-106.546516
10992.700195	-107.844391
10998.083496	-109.552528
11003.466797	-108.311554
11008.850098	-107.822060
11014.233398	-107.603844
11019.616699	-108.985519
11025.000000	-109.514793
11030.383301	-109.339058
11035.766602	-109.135735
11041.149902	-108.384331
11046.533203	-108.885307
11051.916504	-109.062828
11057.299805	-108.311668
11062.683105	-107.794441
11068.066406	-108.089897
11073.449707	-108.621498
11078.833008	-107.671104
11084.216309	-106.616234
11089.599609	-105.840233
11094.982910	-104.891029
11100.366211	-105.354858
11105.749512	-106.153351
11111.132812	-106.603348
11116.516113	-106.641785
11121.899414	-106.261276
11127.282715	-106.357025
11132.666016	-105.814598
11138.049316	-105.880974
11143.432617	-107.001373
11148.815918	-107.217384
11154.199219	-106.110519
11159.582520	-106.639168
11164.965820	-106.970879
11170.349121	-107.187546
11175.732422	-107.694946
11181.115723	-108.713943
11186.499023	-108.809677
11191.882324	-107.254860
11197.265625	-107.181984
11202.648926	-107.567490
11208.032227	-107.650887
11213.415527	-106.469368
11218.798828	-106.052170
11224.182129	-106.802284
11229.565430	-107.648476
11234.948730	-107.770119
11240.332031	-106.618721
11245.715332	-106.461250
11251.098633	-106.536827
11256.481934	-106.027351
11261.865234	-106.230743
11267.248535	-105.364189
11272.631836	-104.412468
11278.015137	-106.012856
11283.398438	-108.033577
11288.781738	-108.348946
11294.165039	-107.732750
11299.548340	-107.676231
11304.931641	-108.759262
11310.314941	-109.058449
11315.698242	-108.729187
11321.081543	-109.919380
11326.464844	-110.264336
11331.848145	-109.603394
11337.231445	-109.062645
11342.614746	-110.197647
11347.998047	-109.660759
11353.381348	-109.136711
11358.764648	-108.629128
11364.147949	-107.913971
11369.531250	-107.814903
11374.914551	-107.621887
11380.297852	-107.188950
11385.681152	-107.388748
11391.064453	-108.074791
11396.447754	-107.653206
11401.831055	-108.143501
11407.214355	-108.303009
11412.597656	-108.997574
11417.980957	-107.831291
11423.364258	-106.885986
11428.747559	-107.388199
11434.130859	-107.577362
11439.514160	-107.738289
11444.897461	-107.562546
11450.280762	-106.836868
11455.664062	-106.070076
11461.047363	-105.716263
11466.430664	-106.196465
11471.813965	-106.949432
11477.197266	-107.966995
11482.580566	-108.396416
11487.963867	-107.558434
11493.347168	-107.668205
11498.730469	-107.831223
11504.113770	-108.161606
11509.497070	-108.712830
11514.880371	-108.537445
11520.263672	-108.817146
11525.646973	-109.294434
11531.030273	-108.947975
11536.413574	-107.279091
11541.796875	-105.622322
11547.180176	-105.983910
11552.563477	-108.519791
11557.946777	-109.228302
11563.330078	-110.369705
11568.713379	-110.436874
11574.096680	-110.195312
11579.479980	-109.358612
11584.863281	-109.093925
11590.246582	-108.830254
11595.629883	-107.778900
11601.013184	-107.075203
11606.396484	-107.171638
11611.779785	-107.098984
11617.163086	-108.286179
11622.546387	-109.236168
11627.929688	-109.089989
11633.312988	-108.933174
11638.696289	-109.584511
11644.079590	-109.745255
11649.462891	-109.976334
11654.846191	-110.184036
11660.229492	-109.334747
11665.612793	-108.819214
11670.996094	-109.184792
11676.379395	-109.499153
11681.762695	-108.986000
11687.145996	-107.721169
11692.529297	-107.403938
11697.912598	-108.521332
11703.295898	-109.356178
11708.679199	-108.832123
11714.062500	-107.412636
11719.445801	-107.681938
11724.829102	-107.127541
11730.212402	-106.616173
11735.595703	-106.857483
11740.979004	-108.135536
11746.362305	-108.572853
11751.745605	-107.849388
11757.128906	-108.612724
11762.512207	-109.328308
11767.895508	-109.680206
11773.278809	-108.984230
11778.662109	-108.689011
11784.045410	-108.978928
11789.428711	-109.766914
11794.812012	-110.771355
11800.195312	-110.016838
11805.578613	-109.627136
11810.961914	-109.610527
11816.345215	-108.991554
11821.728516	-108.617599
11827.111816	-109.054047
11832.495117	-108.731384
11837.878418	-108.992073
11843.261719	-109.437035
11848.645020	-110.169785
11854.028320	-107.553802
11859.411621	-105.351654
11864.794922	-105.512497
11870.178223	-106.289078
11875.561523	-107.821068
11880.944824	-109.549377
11886.328125	-108.675041
11891.711426	-106.537880
11897.094727	-107.458649
11902.478027	-107.880447
11907.861328	-108.643883
11913.244629	-108.484581
11918.627930	-107.441322
11924.011230	-108.139572
11929.394531	-108.779396
11934.777832	-108.076439
11940.161133	-107.579384
11945.544434	-106.789459
11950.927734	-106.853119
11956.311035	-107.638741
11961.694336	-108.772522
11967.077637	-109.374229
11972.460938	-109.537888
11977.844238	-108.590950
11983.227539	-108.732109
11988.610840	-108.811714
11993.994141	-108.704178
11999.377441	-109.071564
12004.760742	-108.624565
12010.144043	-109.500862
12015.527344	-109.506401
12020.910645	-109.224739
12026.293945	-109.002815
12031.677246	-109.294083
12037.060547	-108.815948
12042.443848	-108.604866
12047.827148	-108.794273
12053.210449	-108.461365
12058.593750	-107.695549
12063.977051	-107.824081
12069.360352	-107.758469
12074.743652	-108.952156
12080.126953	-109.735222
12085.510254	-109.228867
12090.893555	-108.396416
12096.276855	-109.210121
12101.660156	-109.539696
12107.043457	-108.929138
12112.426758	-108.269302
12117.810059	-108.077850
12123.193359	-108.496315
12128.576660	-108.866302
12133.959961	-109.713524
12139.343262	-109.581573
12144.726562	-109.321465
12150.109863	-109.574623
12155.493164	-109.412857
12160.876465	-109.386375
12166.259766	-109.625748
12171.643066	-108.233643
12177.026367	-107.827728
12182.409668	-108.879890
12187.792969	-109.266800
12193.176270	-110.363686
12198.559570	-110.430992
12203.942871	-110.535614
12209.326172	-110.155724
12214.709473	-109.397263
12220.092773	-109.707901
12225.476074	-109.881111
12230.859375	-110.353470
12236.242676	-110.210983
12241.625977	-109.265038
12247.009277	-109.859978
12252.392578	-109.959023
12257.775879	-108.910454
12263.159180	-109.018135
12268.542480	-108.271629
12273.925781	-106.434906
12279.309082	-106.650856
12284.692383	-107.009285
12290.075684	-107.378510
12295.458984	-107.145668
12300.842285	-107.440788
12306.225586	-108.084648
12311.608887	-108.041527
12316.992188	-107.197182
12322.375488	-106.463249
12327.758789	-107.499092
12333.142090	-109.007202
12338.525391	-110.094948
12343.908691	-110.262917
12349.291992	-109.506142
12354.675293	-109.267082
12360.058594	-108.802925
12365.441895	-108.035187
12370.825195	-109.109680
12376.208496	-109.465233
12381.591797	-109.051620
12386.975098	-108.057564
12392.358398	-108.381439
12397.741699	-109.509987
12403.125000	-110.252510
12408.508301	-110.451935
12413.891602	-110.094810
12419.274902	-109.100258
12424.658203	-108.719460
12430.041504	-108.302826
12435.424805	-107.716385
12440.808105	-108.218544
12446.191406	-109.129295
12451.574707	-109.277412
12456.958008	-108.942604
12462.341309	-109.748131
12467.724609	-110.454803
12473.107910	-110.526939
12478.491211	-110.530434
12483.874512	-110.173843
12489.257812	-109.847878
12494.641113	-109.356110
12500.024414	-109.750328
12505.407715	-109.874817
12510.791016	-109.912323
12516.174316	-109.502914
12521.557617	-108.658989
12526.940918	-108.333191
12532.324219	-109.939133
12537.707520	-109.995224
12543.090820	-108.176605
12548.474121	-107.592697
12553.857422	-107.625420
12559.240723	-108.513702
12564.624023	-109.298271
12570.007324	-109.486130
12575.390625	-108.642769
12580.773926	-109.431625
12586.157227	-109.496437
12591.540527	-109.823082
12596.923828	-110.266571
12602.307129	-110.947815
12607.690430	-109.880516
12613.073730	-109.885727
12618.457031	-110.487740
12623.840332	-110.891388
12629.223633	-110.545227
12634.606934	-109.932869
12639.990234	-110.259094
12645.373535	-109.415115
12650.756836	-110.135345
12656.140137	-110.889915
12661.523438	-110.410912
12666.906738	-110.764519
12672.290039	-111.217873
12677.673340	-111.345749
12683.056641	-111.068146
12688.439941	-110.745422
12693.823242	-110.848328
12699.206543	-111.105553
12704.589844	-110.685944
12709.973145	-111.290474
12715.356445	-109.575050
12720.739746	-108.591248
12726.123047	-108.317345
12731.506348	-108.762482
12736.889648	-108.478493
12742.272949	-108.256203
12747.656250	-108.771561
12753.039551	-109.657928
12758.422852	-109.972115
12763.806152	-109.759956
12769.189453	-109.928146
12774.572754	-109.269363
12779.956055	-109.670349
12785.339355	-110.996780
12790.722656	-110.912262
12796.105957	-111.011490
12801.489258	-111.433975
12806.872559	-110.628822
12812.255859	-110.895905
12817.639160	-111.076469
12823.022461	-110.810677
12828.405762	-110.383179
12833.789062	-110.374222
12839.172363	-109.380013
12844.555664	-108.300644
12849.938965	-108.359657
12855.322266	-108.812744
12860.705566	-110.466667
12866.088867	-109.155434
12871.472168	-107.233055
12876.855469	-106.450691
12882.238770	-106.687027
12887.622070	-107.792023
12893.005371	-109.532639
12898.388672	-109.363174
12903.771973	-107.729103
12909.155273	-108.149971
12914.538574	-109.150230
12919.921875	-110.565285
12925.305176	-110.664253
12930.688477	-110.026169
12936.071777	-108.968048
12941.455078	-109.018631
12946.838379	-109.485512
12952.221680	-111.048866
12957.604980	-110.647430
12962.988281	-110.300987
12968.371582	-110.396652
12973.754883	-110.436043
12979.138184	-109.968010
12984.521484	-109.915726
12989.904785	-109.774315
12995.288086	-109.379532
13000.671387	-110.204140
13006.054688	-110.095528
13011.437988	-108.592880
13016.821289	-107.586082
13022.204590	-107.829758
13027.587891	-108.446655
13032.971191	-109.286629
13038.354492	-109.789856
13043.737793	-109.994415
13049.121094	-110.616997
13054.504395	-110.704681
13059.887695	-110.477867
13065.270996	-110.376686
13070.654297	-110.124077
13076.037598	-110.166344
13081.420898	-110.089699
13086.804199	-109.865593
13092.187500	-109.461685
13097.570801	-108.950218
13102.954102	-109.127144
13108.337402	-109.877731
13113.720703	-109.875473
13119.104004	-109.160095
13124.487305	-109.839836
13129.870605	-110.344414
13135.253906	-109.917503
13140.637207	-109.915146
13146.020508	-110.502838
13151.403809	-110.664680
13156.787109	-110.245964
13162.170410	-110.268318
13167.553711	-109.053932
13172.937012	-107.824524
13178.320312	-108.203217
13183.703613	-108.780426
13189.086914	-108.518456
13194.470215	-107.899620
13199.853516	-106.067238
13205.236816	-105.432129
13210.620117	-106.424736
13216.003418	-106.773438
13221.386719	-106.935043
13226.770020	-107.354004
13232.153320	-107.687057
13237.536621	-107.991028
13242.919922	-106.671661
13248.303223	-106.473442
13253.686523	-107.435371
13259.069824	-106.746307
13264.453125	-106.667152
13269.836426	-106.776146
13275.219727	-107.003555
13280.603027	-106.862762
13285.986328	-106.161598
13291.369629	-105.463837
13296.752930	-106.445061
13302.136230	-106.743866
13307.519531	-106.812813
13312.902832	-107.071144
13318.286133	-107.252258
13323.669434	-106.953514
13329.052734	-107.310844
13334.436035	-106.842705
13339.819336	-106.255905
13345.202637	-105.619766
13350.585938	-104.957153
13355.969238	-104.862297
13361.352539	-105.578583
13366.735840	-106.471497
13372.119141	-107.393082
13377.502441	-108.168045
13382.885742	-108.336899
13388.269043	-108.030754
13393.652344	-106.802475
13399.035645	-105.737762
13404.418945	-104.699059
13409.802246	-104.293068
13415.185547	-106.179741
13420.568848	-107.388260
13425.952148	-107.322189
13431.335449	-106.877922
13436.718750	-105.987244
13442.102051	-104.649551
13447.485352	-105.190544
13452.868652	-105.656258
13458.251953	-106.420151
13463.635254	-107.533333
13469.018555	-107.993347
13474.401855	-107.642586
13479.785156	-108.725548
13485.168457	-109.096313
13490.551758	-109.977554
13495.935059	-110.051506
13501.318359	-108.954765
13506.701660	-107.759567
13512.084961	-107.504471
13517.468262	-107.640060
13522.851562	-106.890839
13528.234863	-107.410934
13533.618164	-108.985626
13539.001465	-110.014908
13544.384766	-109.207794
13549.768066	-109.154800
13555.151367	-108.540039
13560.534668	-107.099609
13565.917969	-106.328743
13571.301270	-106.127838
13576.684570	-107.403893
13582.067871	-108.745445
13587.451172	-109.178970
13592.834473	-109.220222
13598.217773	-110.074211
13603.601074	-110.348343
13608.984375	-109.849098
13614.367676	-110.042702
13619.750977	-109.880592
13625.134277	-109.377876
13630.517578	-109.631561
13635.900879	-109.862335
13641.284180	-110.797546
13646.667480	-110.417168
13652.050781	-109.618507
13657.434082	-109.189217
13662.817383	-108.994263
13668.200684	-108.222588
13673.583984	-107.706680
13678.967285	-106.710480
13684.350586	-106.229805
13689.733887	-107.157784
13695.117188	-107.265678
13700.500488	-107.791985
13705.883789	-109.150406
13711.267090	-110.502640
13716.650391	-110.938721
13722.033691	-110.818939
13727.416992	-109.476151
13732.800293	-108.516945
13738.183594	-108.224312
13743.566895	-108.915871
13748.950195	-109.436066
13754.333496	-109.903122
13759.716797	-109.448914
13765.100098	-109.730072
13770.483398	-108.934425
13775.866699	-109.564255
13781.250000	-110.003456
13786.633301	-110.157845
13792.016602	-109.839684
13797.399902	-110.211418
13802.783203	-109.690323
13808.166504	-109.450302
13813.549805	-108.621773
13818.933105	-107.133400
13824.316406	-106.304123
13829.699707	-107.415215
13835.083008	-108.685715
13840.466309	-106.558334
13845.849609	-97.611244
13851.232910	-99.030029
13856.616211	-107.839752
13861.999512	-109.510674
13867.382812	-109.326843
13872.766113	-108.325539
13878.149414	-108.755737
13883.532715	-108.530441
13888.916016	-108.700020
13894.299316	-109.235847
13899.682617	-109.879799
13905.065918	-109.593697
13910.449219	-109.156708
13915.832520	-109.760468
13921.215820	-109.558617
13926.599121	-111.051575
13931.982422	-110.860115
13937.365723	-110.039551
13942.749023	-109.037376
13948.132324	-109.926819
13953.515625	-109.958176
13958.898926	-109.842079
13964.282227	-109.774948
13969.665527	-109.320473
13975.048828	-109.880615
13980.432129	-110.950706
13985.815430	-110.966713
13991.198730	-109.872414
13996.582031	-109.045303
14001.965332	-106.959663
14007.348633	-107.221901
14012.731934	-108.574196
14018.115234	-107.625465
14023.498535	-107.625519
14028.881836	-107.498199
14034.265137	-108.266922
14039.648438	-108.182899
14045.031738	-108.350609
14050.415039	-107.930786
14055.798340	-109.386192
14061.181641	-109.222389
14066.564941	-108.452553
14071.948242	-108.036537
14077.331543	-108.052567
14082.714844	-108.713577
14088.098145	-109.829414
14093.481445	-111.261497
14098.864746	-110.307190
14104.248047	-108.921700
14109.631348	-108.217682
14115.014648	-107.174484
14120.397949	-107.295341
14125.781250	-108.501671
14131.164551	-109.420250
14136.547852	-109.814621
14141.931152	-110.426453
14147.314453	-109.456100
14152.697754	-108.851990
14158.081055	-110.006271
14163.464355	-110.714218
14168.847656	-109.426987
14174.230957	-107.656662
14179.614258	-106.460991
14184.997559	-107.062241
14190.380859	-108.256775
14195.764160	-106.909294
14201.147461	-106.129112
14206.530762	-106.932587
14211.914062	-107.445732
14217.297363	-108.365715
14222.680664	-109.790878
14228.063965	-110.107101
14233.447266	-109.385506
14238.830566	-108.927338
14244.213867	-108.804985
14249.597168	-109.518631
14254.980469	-109.179672
14260.363770	-108.804199
14265.747070	-108.754417
14271.130371	-109.495750
14276.513672	-108.801361
14281.896973	-108.441322
14287.280273	-107.782715
14292.663574	-107.744019
14298.046875	-107.917946
14303.430176	-109.009163
14308.813477	-109.306358
14314.196777	-109.357124
14319.580078	-108.768730
14324.963379	-109.463623
14330.346680	-109.788216
14335.729980	-109.788033
14341.113281	-109.508423
14346.496582	-107.778145
14351.879883	-105.988495
14357.263184	-105.826500
14362.646484	-106.443123
14368.029785	-106.762169
14373.413086	-107.967087
14378.796387	-108.589226
14384.179688	-109.354240
14389.562988	-109.019394
14394.946289	-107.487312
14400.329590	-106.710770
14405.712891	-106.774025
14411.096191	-106.577225
14416.479492	-107.323357
14421.862793	-108.575829
14427.246094	-108.754433
14432.629395	-109.357452
14438.012695	-109.107895
14443.395996	-108.791542
14448.779297	-108.206009
14454.162598	-108.261581
14459.545898	-108.283836
14464.929199	-107.927177
14470.312500	-109.275505
14475.695801	-108.771255
14481.079102	-108.275711
14486.462402	-109.249657
14491.845703	-108.370171
14497.229004	-108.318703
14502.612305	-108.792252
14507.995605	-109.155045
14513.378906	-109.399666
14518.762207	-109.874786
14524.145508	-108.982903
14529.528809	-109.149323
14534.912109	-108.721886
14540.295410	-108.919510
14545.678711	-108.989769
14551.062012	-108.882149
14556.445312	-108.820824
14561.828613	-108.740593
14567.211914	-109.060425
14572.595215	-109.068176
14577.978516	-109.372887
14583.361816	-110.152298
14588.745117	-109.097702
14594.128418	-108.863792
14599.511719	-109.042641
14604.895020	-108.673553
14610.278320	-108.784447
14615.661621	-107.548019
14621.044922	-106.291893
14626.428223	-105.186562
14631.811523	-104.751144
14637.194824	-105.759453
14642.578125	-107.236984
14647.961426	-109.168945
14653.344727	-109.146812
14658.728027	-108.743530
14664.111328	-108.578224
14669.494629	-108.497261
14674.877930	-108.547256
14680.261230	-108.531815
14685.644531	-108.101654
14691.027832	-107.193192
14696.411133	-106.469589
14701.794434	-105.586830
14707.177734	-106.817711
14712.561035	-108.204727
14717.944336	-108.222633
14723.327637	-108.132942
14728.710938	-108.278839
14734.094238	-108.436020
14739.477539	-108.338158
14744.860840	-108.457741
14750.244141	-108.444824
14755.627441	-108.083710
14761.010742	-109.005119
14766.394043	-109.244720
14771.777344	-108.988342
14777.160645	-109.257523
14782.543945	-108.745293
14787.927246	-107.521721
14793.310547	-107.159508
14798.693848	-107.765877
14804.077148	-108.121780
14809.460449	-107.914619
14814.843750	-107.275139
14820.227051	-108.025597
14825.610352	-108.863174
14830.993652	-108.975822
14836.376953	-108.849472
14841.760254	-108.413879
14847.143555	-108.686737
14852.526855	-108.691116
14857.910156	-109.179108
14863.293457	-108.272659
14868.676758	-108.014389
14874.060059	-107.705727
14879.443359	-108.738960
14884.826660	-108.531082
14890.209961	-108.296089
14895.593262	-108.526283
14900.976562	-108.684174
14906.359863	-108.540764
14911.743164	-108.968178
14917.126465	-109.219002
14922.509766	-108.055565
14927.893066	-106.225609
14933.276367	-105.331131
14938.659668	-105.324379
14944.042969	-106.426399
14949.426270	-107.783195
14954.809570	-107.339073
14960.192871	-107.741890
14965.576172	-108.690979
14970.959473	-108.182251
14976.342773	-108.283043
14981.726074	-108.588036
14987.109375	-107.880264
14992.492676	-107.995255
14997.875977	-108.405899
15003.259277	-108.833855
15008.642578	-108.887344
15014.025879	-108.562614
15019.409180	-108.403587
15024.792480	-108.803391
15030.175781	-108.644867
15035.559082	-108.225670
15040.942383	-108.155724
15046.325684	-107.909752
15051.708984	-108.024361
15057.092285	-107.682518
15062.475586	-107.591019
15067.858887	-108.063179
15073.242188	-108.803749
15078.625488	-107.739441
15084.008789	-106.416435
15089.392090	-106.316154
15094.775391	-106.867561
15100.158691	-107.160583
15105.541992	-107.308594
15110.925293	-107.825050
15116.308594	-107.675377
15121.691895	-107.693550
15127.075195	-107.873749
15132.458496	-107.699463
15137.841797	-108.639893
15143.225098	-108.262650
15148.608398	-107.761864
15153.991699	-107.138397
15159.375000	-105.774879
15164.758301	-106.472969
15170.141602	-107.204086
15175.524902	-107.177452
15180.908203	-107.212280
15186.291504	-107.225243
15191.674805	-107.128418
15197.058105	-107.184097
15202.441406	-107.335220
15207.824707	-107.898956
15213.208008	-108.184692
15218.591309	-108.091179
15223.974609	-109.192322
15229.357910	-109.080330
15234.741211	-108.246925
15240.124512	-108.183990
15245.507812	-108.019829
15250.891113	-108.406464
15256.274414	-108.420341
15261.657715	-108.145699
15267.041016	-108.078514
15272.424316	-108.553886
15277.807617	-108.838135
15283.190918	-108.263626
15288.574219	-108.342209
15293.957520	-108.313202
15299.340820	-107.959343
15304.724121	-107.591888
15310.107422	-106.870605
15315.490723	-107.014885
15320.874023	-107.029091
15326.257324	-107.943451
15331.640625	-108.451088
15337.023926	-108.020058
15342.407227	-107.653458
15347.790527	-108.136101
15353.173828	-107.788773
15358.557129	-108.025658
15363.940430	-107.996033
15369.323730	-108.603439
15374.707031	-108.202866
15380.090332	-107.904861
15385.473633	-108.603218
15390.856934	-108.385529
15396.240234	-108.197701
15401.623535	-107.685493
15407.006836	-107.493484
15412.390137	-106.857887
15417.773438	-106.510071
15423.156738	-105.977066
15428.540039	-106.021973
15433.923340	-106.435242
15439.306641	-106.967651
15444.689941	-107.668800
15450.073242	-108.426445
15455.456543	-108.022835
15460.839844	-108.014633
15466.223145	-107.529251
15471.606445	-107.368729
15476.989746	-106.195374
15482.373047	-105.718788
15487.756348	-105.355843
15493.139648	-105.331856
15498.522949	-107.344208
15503.906250	-107.498459
15509.289551	-107.997002
15514.672852	-107.689934
15520.056152	-107.899780
15525.439453	-108.353516
15530.822754	-108.188919
15536.206055	-107.342323
15541.589355	-107.935539
15546.972656	-107.855721
15552.355957	-108.278656
15557.739258	-108.009201
15563.122559	-107.721542
15568.505859	-107.543205
15573.889160	-108.408882
15579.272461	-108.034393
15584.655762	-107.620811
15590.039062	-107.588135
15595.422363	-107.583611
15600.805664	-107.299324
15606.188965	-107.170448
15611.572266	-106.877022
15616.955566	-106.344643
15622.338867	-106.202568
15627.722168	-105.950226
15633.105469	-105.823708
15638.488770	-106.474007
15643.872070	-106.456802
15649.255371	-106.553307
15654.638672	-107.428261
15660.021973	-107.849174
15665.405273	-107.913383
15670.788574	-106.962440
15676.171875	-106.905807
15681.555176	-106.563095
15686.938477	-106.270576
15692.321777	-106.865677
15697.705078	-107.421783
15703.088379	-107.638985
15708.471680	-105.783707
15713.854980	-107.873291
15719.238281	-108.230255
15724.621582	-107.907364
15730.004883	-108.167847
15735.388184	-107.425056
15740.771484	-107.312447
15746.154785	-106.154465
15751.538086	-105.342247
15756.921387	-104.993004
15762.304688	-105.558395
15767.687988	-106.056984
15773.071289	-107.380981
15778.454590	-107.837715
15783.837891	-108.106918
15789.221191	-107.933067
15794.604492	-108.569107
15799.987793	-108.840263
15805.371094	-108.770935
15810.754395	-108.169922
15816.137695	-108.756248
15821.520996	-108.979126
15826.904297	-109.081146
15832.287598	-109.114014
15837.670898	-108.384323
15843.054199	-108.826317
15848.437500	-108.308640
15853.820801	-108.459892
15859.204102	-108.355865
15864.587402	-108.525429
15869.970703	-107.384094
15875.354004	-106.944031
15880.737305	-107.023598
15886.120605	-108.222168
15891.503906	-108.415222
15896.887207	-107.275459
15902.270508	-107.512917
15907.653809	-107.857048
15913.037109	-108.455734
15918.420410	-108.528130
15923.803711	-108.583229
15929.187012	-108.430000
15934.570312	-108.869507
15939.953613	-108.564522
15945.336914	-108.413002
15950.720215	-108.664162
15956.103516	-108.555962
15961.486816	-108.944763
15966.870117	-109.291237
15972.253418	-108.990318
15977.636719	-109.494949
15983.020020	-111.689758
15988.403320	-113.557243
15993.786621	-115.822746
15999.169922	-120.765343
16004.553223	-126.995728
16009.936523	-128.922623
16015.319824	-128.354324
16020.703125	-127.887291
16026.086426	-129.217087
16031.469727	-129.724106
16036.853027	-129.761505
16042.236328	-129.848389
16047.619629	-129.893280
16053.002930	-130.468246
16058.386230	-130.183289
16063.769531	-130.005966
16069.152832	-130.112381
16074.536133	-130.273712
16079.919434	-130.234894
16085.302734	-130.577164
16090.686035	-130.373703
16096.069336	-130.295425
16101.452637	-130.222534
16106.835938	-130.374847
16112.219238	-130.229904
16117.602539	-130.048508
16122.985840	-130.580399
16128.369141	-130.136459
16133.752441	-130.843567
16139.135742	-130.702118
16144.519043	-129.810562
16149.902344	-130.453812
16155.285645	-130.103577
16160.668945	-129.850143
16166.052246	-130.619034
16171.435547	-130.223389
16176.818848	-130.105957
16182.202148	-130.273056
16187.585449	-130.035370
16192.968750	-130.097244
16198.352051	-130.625778
16203.735352	-130.614746
16209.118652	-130.151428
16214.501953	-130.752151
16219.885254	-130.391342
16225.268555	-130.228989
16230.651855	-130.430878
16236.035156	-130.453003
16241.418457	-130.455154
16246.801758	-130.522034
16252.185059	-130.139206
16257.568359	-130.762451
16262.951660	-129.980133
16268.334961	-130.161697
16273.718262	-130.186279
16279.101562	-130.519012
16284.484863	-130.508514
16289.868164	-130.304672
16295.251465	-130.200348
16300.634766	-130.406143
16306.018066	-130.221848
16311.401367	-129.982422
16316.784668	-130.676727
16322.167969	-129.987091
16327.551270	-130.552475
16332.934570	-130.567902
16338.317871	-130.134109
16343.701172	-130.631119
16349.084473	-129.811157
16354.467773	-130.749374
16359.851074	-130.399399
16365.234375	-129.920074
16370.617676	-130.359390
16376.000977	-130.219681
16381.384277	-130.477448
16386.767578	-130.498962
16392.150879	-130.070084
16397.534180	-130.039169
16402.917480	-130.555786
16408.300781	-130.248871
16413.684082	-130.552185
16419.067383	-130.452957
16424.450684	-130.366882
16429.833984	-130.545105
16435.217285	-130.223480
16440.600586	-130.157639
16445.983887	-130.439377
16451.367188	-130.115067
16456.750488	-130.902100
16462.133789	-129.961517
16467.517090	-130.279144
16472.900391	-130.407150
16478.283691	-130.135635
16483.666992	-130.446304
16489.050293	-130.514099
16494.433594	-130.479767
16499.816895	-130.377472
16505.200195	-130.351746
16510.583496	-130.609055
16515.966797	-129.959961
16521.350098	-130.845749
16526.733398	-129.811157
16532.116699	-130.450439
16537.500000	-130.569839
16542.883301	-130.307648
16548.266602	-130.225220
16553.649902	-130.500244
16559.033203	-130.387558
16564.416504	-130.174377
16569.799805	-130.161621
16575.183105	-130.209198
16580.566406	-130.671158
16585.949707	-130.396637
16591.333008	-130.495895
16596.716309	-130.487152
16602.099609	-130.504425
16607.482910	-130.659225
16612.866211	-130.301910
16618.249512	-130.529541
16623.632812	-130.367493
16629.016113	-130.060318
16634.399414	-130.406265
16639.782715	-130.353638
16645.166016	-130.208145
16650.549316	-130.583389
16655.932617	-130.077179
16661.315918	-130.532761
16666.699219	-130.980240
16672.082520	-130.350510
16677.465820	-130.302963
16682.849121	-130.707275
16688.232422	-130.370743
16693.615723	-130.591492
16698.999023	-130.572052
16704.382324	-130.329147
16709.765625	-130.880447
16715.148926	-130.203629
16720.532227	-130.509888
16725.915527	-129.515228
16731.298828	-130.859009
16736.682129	-130.257492
16742.065430	-130.259430
16747.448730	-130.570389
16752.832031	-130.197372
16758.215332	-130.596863
16763.598633	-130.573364
16768.981934	-130.244461
16774.365234	-130.675491
16779.748535	-130.543045
16785.131836	-130.572006
16790.515137	-130.556747
16795.898438	-130.509201
16801.281738	-130.433868
16806.665039	-130.311005
16812.048340	-130.207565
16817.431641	-130.752518
16822.814941	-129.853867
16828.198242	-130.435654
16833.581543	-130.547226
16838.964844	-130.503799
16844.348145	-130.540543
16849.731445	-130.627365
16855.114746	-130.380768
16860.498047	-130.320129
16865.881348	-130.330566
16871.264648	-130.448166
16876.647949	-130.642700
16882.031250	-130.195679
16887.414551	-130.881119
16892.797852	-130.334564
16898.181152	-130.432816
16903.564453	-129.951904
16908.947754	-130.327927
16914.331055	-130.380905
16919.714355	-130.756775
16925.097656	-130.335785
16930.480957	-130.687149
16935.864258	-130.466736
16941.247559	-130.322372
16946.630859	-130.558594
16952.014160	-130.741745
16957.397461	-130.504578
16962.780762	-130.229416
16968.164062	-130.192276
16973.547363	-130.536057
16978.930664	-130.628601
16984.313965	-130.518448
16989.697266	-130.387970
16995.080566	-130.650436
17000.463867	-130.326675
17005.847168	-130.735153
17011.230469	-130.303741
17016.613770	-130.035110
17021.997070	-130.015045
17027.380371	-130.622437
17032.763672	-130.767700
17038.146973	-130.201828
17043.530273	-130.254791
17048.913574	-130.346085
17054.296875	-130.342087
17059.680176	-130.849167
17065.063477	-130.080093
17070.446777	-130.575836
17075.830078	-130.443665
17081.213379	-130.376358
17086.596680	-130.408005
17091.979980	-129.828812
17097.363281	-130.818878
17102.746582	-130.209747
17108.129883	-130.527512
17113.513184	-130.756622
17118.896484	-130.179321
17124.279785	-130.640900
17129.663086	-130.396393
17135.046387	-130.531799
17140.429688	-130.337570
17145.812988	-130.938644
17151.196289	-130.746887
17156.579590	-130.006683
17161.962891	-130.448059
17167.346191	-130.524902
17172.729492	-130.457565
17178.112793	-130.624405
17183.496094	-130.576065
17188.879395	-130.470383
17194.262695	-130.783676
17199.645996	-130.129425
17205.029297	-130.364578
17210.412598	-131.107697
17215.795898	-130.108627
17221.179199	-130.256973
17226.562500	-130.370758
17231.945801	-130.047562
17237.329102	-130.586304
17242.712402	-129.975891
17248.095703	-130.380203
17253.479004	-130.323410
17258.862305	-130.422714
17264.245605	-130.482742
17269.628906	-130.261353
17275.012207	-130.098892
17280.395508	-130.794037
17285.778809	-130.317688
17291.162109	-130.497299
17296.545410	-130.517395
17301.928711	-130.655029
17307.312012	-130.104965
17312.695312	-130.592392
17318.078613	-130.376892
17323.461914	-130.298767
17328.845215	-131.165497
17334.228516	-130.474731
17339.611816	-130.579453
17344.995117	-130.656418
17350.378418	-130.341095
17355.761719	-131.063385
17361.145020	-130.139923
17366.528320	-130.409332
17371.911621	-130.462982
17377.294922	-130.581940
17382.678223	-130.469315
17388.061523	-130.628937
17393.444824	-130.659393
17398.828125	-131.048508
17404.211426	-130.294067
17409.594727	-130.732742
17414.978027	-130.686722
17420.361328	-130.478500
17425.744629	-130.401505
17431.127930	-130.730255
17436.511230	-130.894669
17441.894531	-129.982651
17447.277832	-130.879227
17452.661133	-129.931915
17458.044434	-130.266418
17463.427734	-130.023468
17468.811035	-130.868546
17474.194336	-130.075500
17479.577637	-130.507278
17484.960938	-130.832001
17490.344238	-130.449371
17495.727539	-130.542282
17501.110840	-130.388397
17506.494141	-130.511703
17511.877441	-130.603882
17517.260742	-130.628601
17522.644043	-130.303421
17528.027344	-130.137817
17533.410645	-130.362701
17538.793945	-130.480270
17544.177246	-130.548660
17549.560547	-130.406113
17554.943848	-130.540985
17560.327148	-130.647568
17565.710449	-130.595673
17571.093750	-130.022949
17576.477051	-130.424301
17581.860352	-130.809937
17587.243652	-130.585464
17592.626953	-130.606964
17598.010254	-129.977051
17603.393555	-130.844727
17608.776855	-130.171616
17614.160156	-130.805191
17619.543457	-130.671799
17624.926758	-130.786484
17630.310059	-130.618988
17635.693359	-130.461761
17641.076660	-130.491547
17646.459961	-130.294022
17651.843262	-130.071640
17657.226562	-130.788879
17662.609863	-130.307220
17667.993164	-130.978119
17673.376465	-130.250748
17678.759766	-130.832687
17684.143066	-130.467896
17689.526367	-130.319351
17694.909668	-130.392761
17700.292969	-130.279694
17705.676270	-130.466568
17711.059570	-130.200394
17716.442871	-130.793808
17721.826172	-130.557770
17727.209473	-130.633682
17732.592773	-130.749619
17737.976074	-130.452408
17743.359375	-130.592621
17748.742676	-130.967590
17754.125977	-130.453110
17759.509277	-130.377579
17764.892578	-130.960800
17770.275879	-130.425568
17775.659180	-130.770813
17781.042480	-130.329254
17786.425781	-130.557480
17791.809082	-130.367355
17797.192383	-130.728912
17802.575684	-130.299316
17807.958984	-130.567535
17813.342285	-130.547348
17818.725586	-131.173141
17824.108887	-130.764084
17829.492188	-130.255402
17834.875488	-130.286377
17840.258789	-130.734894
17845.642090	-130.437378
17851.025391	-130.691330
17856.408691	-130.578842
17861.791992	-130.172058
17867.175293	-130.590378
17872.558594	-130.333313
17877.941895	-130.133652
17883.325195	-130.441574
17888.708496	-130.570251
17894.091797	-130.302170
17899.475098	-130.635010
17904.858398	-130.279358
17910.241699	-130.479156
17915.625000	-130.651917
17921.008301	-130.511108
17926.391602	-130.405182
17931.774902	-130.700851
17937.158203	-130.305893
17942.541504	-130.915939
17947.924805	-130.582794
17953.308105	-130.161880
17958.691406	-130.843231
17964.074707	-130.658249
17969.458008	-130.333313
17974.841309	-130.737961
17980.224609	-130.628052
17985.607910	-130.369751
17990.991211	-130.563141
17996.374512	-130.763046
18001.757812	-130.439377
18007.141113	-130.963913
18012.524414	-130.419525
18017.907715	-130.705215
18023.291016	-130.595169
18028.674316	-130.488663
18034.057617	-130.757675
18039.440918	-130.982697
18044.824219	-130.614014
18050.207520	-130.485992
18055.590820	-130.751923
18060.974121	-130.650482
18066.357422	-130.402527
18071.740723	-130.061356
18077.124023	-130.298737
18082.507324	-130.608200
18087.890625	-130.793579
18093.273926	-130.672195
18098.657227	-130.814636
18104.040527	-130.541733
18109.423828	-130.340591
18114.807129	-130.614243
18120.190430	-130.488007
18125.573730	-130.083023
18130.957031	-130.731125
18136.340332	-130.859528
18141.723633	-130.591705
18147.106934	-130.482376
18152.490234	-130.873657
18157.873535	-130.339676
18163.256836	-130.695938
18168.640137	-130.768738
18174.023438	-130.125076
18179.406738	-130.656433
18184.790039	-130.531052
18190.173340	-130.496948
18195.556641	-130.707214
18200.939941	-130.684723
18206.323242	-130.257568
18211.706543	-130.811829
18217.089844	-129.865952
18222.473145	-130.515945
18227.856445	-131.071350
18233.239746	-130.274155
18238.623047	-130.605103
18244.006348	-130.316055
18249.389648	-130.684586
18254.772949	-130.036346
18260.156250	-130.968201
18265.539551	-130.400742
18270.922852	-130.440704
18276.306152	-130.705399
18281.689453	-130.574768
18287.072754	-130.383972
18292.456055	-130.604263
18297.839355	-130.373306
18303.222656	-130.735199
18308.605957	-130.582336
18313.989258	-130.733658
18319.372559	-130.708817
18324.755859	-130.507690
18330.139160	-130.151703
18335.522461	-130.955490
18340.905762	-130.519394
18346.289062	-131.029129
18351.672363	-130.297806
18357.055664	-130.691681
18362.438965	-130.518433
18367.822266	-130.115326
18373.205566	-130.686996
18378.588867	-130.895844
18383.972168	-131.005402
18389.355469	-130.946228
18394.738770	-130.827560
18400.122070	-130.450089
18405.505371	-130.231781
18410.888672	-130.586700
18416.271973	-130.637451
18421.655273	-130.644348
18427.038574	-130.737595
18432.421875	-130.630844
18437.805176	-130.286041
18443.188477	-130.352814
18448.571777	-130.406235
18453.955078	-130.770905
18459.338379	-130.593704
18464.721680	-130.458237
18470.104980	-131.022583
18475.488281	-130.329178
18480.871582	-130.808807
18486.254883	-130.182785
18491.638184	-130.031494
18497.021484	-131.022171
18502.404785	-130.280670
18507.788086	-130.552673
18513.171387	-130.799316
18518.554688	-130.021133
18523.937988	-130.708786
18529.321289	-130.618729
18534.704590	-130.420212
18540.087891	-130.655609
18545.471191	-130.741180
18550.854492	-130.649292
18556.237793	-130.854233
18561.621094	-130.398285
18567.004395	-130.486069
18572.387695	-130.745514
18577.770996	-130.679428
18583.154297	-131.024048
18588.537598	-130.854782
18593.920898	-130.526627
18599.304199	-130.559814
18604.687500	-130.247131
18610.070801	-130.472443
18615.454102	-130.593781
18620.837402	-130.387527
18626.220703	-130.717499
18631.604004	-130.769897
18636.987305	-131.129807
18642.370605	-130.308868
18647.753906	-131.253693
18653.137207	-130.514771
18658.520508	-130.573608
18663.903809	-131.061050
18669.287109	-130.713776
18674.670410	-130.973526
18680.053711	-130.898743
18685.437012	-130.686478
18690.820312	-130.676926
18696.203613	-130.582916
18701.586914	-131.001984
18706.970215	-130.263153
18712.353516	-130.709702
18717.736816	-130.749130
18723.120117	-130.373917
18728.503418	-130.534088
18733.886719	-130.642258
18739.270020	-130.502899
18744.653320	-130.515152
18750.036621	-130.798050
18755.419922	-130.119522
18760.803223	-130.605652
18766.186523	-130.644623
18771.569824	-130.898788
18776.953125	-130.357697
18782.336426	-130.108414
18787.719727	-130.505173
18793.103027	-130.354980
18798.486328	-130.642029
18803.869629	-131.017990
18809.252930	-130.432083
18814.636230	-130.477371
18820.019531	-130.681244
18825.402832	-130.577087
18830.786133	-130.873917
18836.169434	-130.372406
18841.552734	-130.772202
18846.936035	-131.045135
18852.319336	-130.372253
18857.702637	-130.516449
18863.085938	-130.754730
18868.469238	-130.532089
18873.852539	-130.589874
18879.235840	-130.841812
18884.619141	-130.216583
18890.002441	-131.096558
18895.385742	-130.360672
18900.769043	-130.938309
18906.152344	-130.006592
18911.535645	-131.234207
18916.918945	-130.512848
18922.302246	-130.674545
18927.685547	-130.226837
18933.068848	-129.945282
18938.452148	-130.899033
18943.835449	-130.638596
18949.218750	-130.668945
18954.602051	-130.291107
18959.985352	-130.563385
18965.368652	-130.351898
18970.751953	-130.556000
18976.135254	-130.965164
18981.518555	-130.782227
18986.901855	-130.355011
18992.285156	-130.597534
18997.668457	-130.463242
19003.051758	-130.118988
19008.435059	-131.017136
19013.818359	-130.537338
19019.201660	-130.544952
19024.584961	-130.470551
19029.968262	-131.008408
19035.351562	-130.865234
19040.734863	-130.634506
19046.118164	-130.505371
19051.501465	-130.914352
19056.884766	-130.517410
19062.268066	-130.373672
19067.651367	-130.706314
19073.034668	-130.905548
19078.417969	-130.333481
19083.801270	-131.206665
19089.184570	-130.434830
19094.567871	-130.336792
19099.951172	-130.189072
19105.334473	-131.040543
19110.717773	-130.937103
19116.101074	-130.861664
19121.484375	-130.874008
19126.867676	-130.574905
19132.250977	-130.501099
19137.634277	-130.726334
19143.017578	-130.667053
19148.400879	-130.542053
19153.784180	-130.378876
19159.167480	-130.448273
19164.550781	-130.286118
19169.934082	-130.585846
19175.317383	-130.566772
19180.700684	-130.592911
19186.083984	-130.296616
19191.467285	-130.701904
19196.850586	-130.379120
19202.233887	-130.610687
19207.617188	-130.366821
19213.000488	-130.589493
19218.383789	-131.062057
19223.767090	-130.365280
19229.150391	-130.878174
19234.533691	-130.874069
19239.916992	-130.424866
19245.300293	-130.399963
19250.683594	-131.129715
19256.066895	-130.338303
19261.450195	-130.504303
19266.833496	-130.521973
19272.216797	-130.775452
19277.600098	-130.754654
19282.983398	-130.346954
19288.366699	-130.817123
19293.750000	-130.088821
19299.133301	-131.112335
19304.516602	-130.252701
19309.899902	-130.409164
19315.283203	-130.308426
19320.666504	-130.686600
19326.049805	-130.539688
19331.433105	-130.332657
19336.816406	-130.562225
19342.199707	-130.742462
19347.583008	-130.526947
19352.966309	-130.679916
19358.349609	-130.416763
19363.732910	-130.971191
19369.116211	-130.568954
19374.499512	-130.153442
19379.882812	-131.088287
19385.266113	-130.703796
19390.649414	-130.872147
19396.032715	-130.747421
19401.416016	-130.330460
19406.799316	-130.673569
19412.182617	-131.002899
19417.565918	-130.175049
19422.949219	-130.694534
19428.332520	-130.450562
19433.715820	-130.721909
19439.099121	-130.406616
19444.482422	-131.137222
19449.865723	-130.466919
19455.249023	-131.074249
19460.632324	-130.193497
19466.015625	-130.668243
19471.398926	-130.202164
19476.782227	-130.296677
19482.165527	-130.660156
19487.548828	-130.901047
19492.932129	-130.985229
19498.315430	-130.574722
19503.698730	-131.152893
19509.082031	-130.302551
19514.465332	-130.477432
19519.848633	-130.260803
19525.231934	-130.204956
19530.615234	-130.662628
19535.998535	-130.306412
19541.381836	-130.153793
19546.765137	-130.670441
19552.148438	-130.708160
19557.531738	-130.999329
19562.915039	-130.569626
19568.298340	-130.274597
19573.681641	-130.476181
19579.064941	-130.835175
19584.448242	-130.709198
19589.831543	-130.534775
19595.214844	-130.715637
19600.598145	-130.567627
19605.981445	-130.547928
19611.364746	-130.875275
19616.748047	-130.915451
19622.131348	-130.734024
19627.514648	-130.647537
19632.897949	-130.552826
19638.281250	-130.521698
19643.664551	-131.035065
19649.047852	-130.753189
19654.431152	-130.663544
19659.814453	-131.128296
19665.197754	-130.647308
19670.581055	-130.600510
19675.964355	-131.194809
19681.347656	-130.779312
19686.730957	-130.930283
19692.114258	-130.649979
19697.497559	-131.022842
19702.880859	-130.730759
19708.264160	-130.436615
19713.647461	-130.571823
19719.030762	-130.902176
19724.414062	-130.719543
19729.797363	-130.545517
19735.180664	-130.530563
19740.563965	-131.250214
19745.947266	-130.161163
19751.330566	-130.990891
19756.713867	-130.709335
19762.097168	-130.398956
19767.480469	-130.951141
19772.863770	-130.837753
19778.247070	-130.629395
19783.630371	-130.441772
19789.013672	-130.667252
19794.396973	-130.606339
19799.780273	-130.541306
19805.163574	-130.789581
19810.546875	-130.812302
19815.930176	-130.765625
19821.313477	-130.382843
19826.696777	-130.557083
19832.080078	-130.597687
19837.463379	-130.876694
19842.846680	-130.434280
19848.229980	-130.960678
19853.613281	-130.451111
19858.996582	-131.119568
19864.379883	-130.627518
19869.763184	-130.649780
19875.146484	-130.745285
19880.529785	-130.273895
19885.913086	-130.378281
19891.296387	-131.146576
19896.679688	-130.339844
19902.062988	-130.919220
19907.446289	-130.783218
19912.829590	-130.863693
19918.212891	-130.659241
19923.596191	-130.324249
19928.979492	-130.882690
19934.362793	-130.732025
19939.746094	-130.912491
19945.129395	-131.179581
19950.512695	-130.864594
19955.895996	-130.293991
19961.279297	-130.922165
19966.662598	-130.515182
19972.045898	-130.649338
19977.429199	-130.524200
19982.812500	-130.512726
19988.195801	-130.678909
19993.579102	-130.335403
19998.962402	-130.675339
20004.345703	-130.412781
20009.729004	-131.092270
20015.112305	-130.752579
20020.495605	-130.640396
20025.878906	-130.246277
20031.262207	-130.341782
20036.645508	-130.421524
20042.028809	-131.091614
20047.412109	-130.472473
20052.795410	-130.270538
20058.178711	-130.451920
20063.562012	-130.835312
20068.945312	-130.263321
20074.328613	-130.311966
20079.711914	-130.950745
20085.095215	-130.501175
20090.478516	-130.715515
20095.861816	-130.811371
20101.245117	-130.760468
20106.628418	-130.637054
20112.011719	-130.811157
20117.395020	-130.720627
20122.778320	-130.966705
20128.161621	-130.777832
20133.544922	-130.608353
20138.928223	-130.465469
20144.311523	-130.809891
20149.694824	-130.642426
20155.078125	-130.346100
20160.461426	-130.659927
20165.844727	-131.316742
20171.228027	-130.709885
20176.611328	-131.118530
20181.994629	-130.774826
20187.377930	-130.841217
20192.761230	-130.597809
20198.144531	-130.758652
20203.527832	-130.777817
20208.911133	-130.698624
20214.294434	-131.123383
20219.677734	-130.683014
20225.061035	-131.094193
20230.444336	-130.378540
20235.827637	-130.537384
20241.210938	-130.183548
20246.594238	-130.601105
20251.977539	-130.613007
20257.360840	-130.628632
20262.744141	-130.453186
20268.127441	-130.731354
20273.510742	-130.768967
20278.894043	-130.839523
20284.277344	-130.430328
20289.660645	-130.557144
20295.043945	-130.441040
20300.427246	-130.929733
20305.810547	-130.781662
20311.193848	-130.536270
20316.577148	-130.613892
20321.960449	-130.541183
20327.343750	-130.971130
20332.727051	-130.894638
20338.110352	-131.023743
20343.493652	-130.550400
20348.876953	-130.895905
20354.260254	-131.118088
20359.643555	-130.391464
20365.026855	-131.257782
20370.410156	-130.541473
20375.793457	-130.779648
20381.176758	-131.209717
20386.560059	-130.607895
20391.943359	-130.697250
20397.326660	-130.787888
20402.709961	-131.113281
20408.093262	-130.661423
20413.476562	-131.030441
20418.859863	-130.715546
20424.243164	-130.568207
20429.626465	-130.869949
20435.009766	-130.376038
20440.393066	-130.357376
20445.776367	-130.853394
20451.159668	-131.115753
20456.542969	-130.669189
20461.926270	-130.437820
20467.309570	-130.492584
20472.692871	-130.910080
20478.076172	-130.664551
20483.459473	-130.812103
20488.842773	-130.438843
20494.226074	-130.734924
20499.609375	-130.506653
20504.992676	-130.966431
20510.375977	-130.775497
20515.759277	-130.729630
20521.142578	-130.240784
20526.525879	-130.546738
20531.909180	-130.230713
20537.292480	-131.161499
20542.675781	-131.074493
20548.059082	-130.753189
20553.442383	-131.324127
20558.825684	-130.701752
20564.208984	-130.912323
20569.592285	-130.543915
20574.975586	-130.533096
20580.358887	-130.410339
20585.742188	-131.249619
20591.125488	-130.390884
20596.508789	-130.997971
20601.892090	-130.739456
20607.275391	-130.764374
20612.658691	-130.517303
20618.041992	-130.765625
20623.425293	-130.733917
20628.808594	-130.655136
20634.191895	-130.107300
20639.575195	-131.220703
20644.958496	-130.669800
20650.341797	-130.976028
20655.725098	-131.007202
20661.108398	-130.940598
20666.491699	-130.659943
20671.875000	-131.120834
20677.258301	-130.571335
20682.641602	-130.887283
20688.024902	-131.496567
20693.408203	-130.361267
20698.791504	-131.269089
20704.174805	-130.937714
20709.558105	-130.616180
20714.941406	-131.142258
20720.324707	-131.033905
20725.708008	-131.356613
20731.091309	-130.985962
20736.474609	-130.762451
20741.857910	-131.177856
20747.241211	-130.679382
20752.624512	-130.928192
20758.007812	-131.046234
20763.391113	-131.019440
20768.774414	-131.316223
20774.157715	-131.030304
20779.541016	-130.926910
20784.924316	-131.078964
20790.307617	-131.200912
20795.690918	-131.359482
20801.074219	-130.999756
20806.457520	-131.307388
20811.840820	-131.265366
20817.224121	-131.417358
20822.607422	-130.751465
20827.990723	-131.414780
20833.374023	-131.779343
20838.757324	-131.056961
20844.140625	-131.556778
20849.523926	-131.524719
20854.907227	-131.170944
20860.290527	-131.762482
20865.673828	-131.149704
20871.057129	-131.851898
20876.440430	-131.270065
20881.823730	-131.728500
20887.207031	-132.115265
20892.590332	-131.688828
20897.973633	-132.076813
20903.356934	-132.129028
20908.740234	-131.878586
20914.123535	-131.892776
20919.506836	-132.285065
20924.890137	-131.909027
20930.273438	-131.917496
20935.656738	-131.882355
20941.040039	-132.162445
20946.423340	-132.273773
20951.806641	-132.244553
20957.189941	-132.277817
20962.573242	-132.301544
20967.956543	-132.260086
20973.339844	-132.313080
20978.723145	-132.122589
20984.106445	-132.633011
20989.489746	-132.235855
20994.873047	-132.508606
21000.256348	-132.558121
21005.639648	-132.641144
21011.022949	-132.537750
21016.406250	-132.654251
21021.789551	-132.674957
21027.172852	-132.685013
21032.556152	-132.841034
21037.939453	-132.337448
21043.322754	-133.093811
21048.706055	-132.980911
21054.089355	-132.816376
21059.472656	-132.935455
21064.855957	-133.098526
21070.239258	-133.020096
21075.622559	-133.247314
21081.005859	-132.971725
21086.389160	-133.229004
21091.772461	-133.348984
21097.155762	-133.126755
21102.539062	-133.285202
21107.922363	-133.539581
21113.305664	-132.989532
21118.688965	-133.751709
21124.072266	-133.359543
21129.455566	-133.447281
21134.838867	-133.193832
21140.222168	-133.607864
21145.605469	-133.588211
21150.988770	-133.332901
21156.372070	-133.904755
21161.755371	-133.525696
21167.138672	-133.604294
21172.521973	-133.747467
21177.905273	-133.741074
21183.288574	-133.787094
21188.671875	-133.705536
21194.055176	-133.878128
21199.438477	-133.612061
21204.821777	-133.884476
21210.205078	-133.913071
21215.588379	-133.807236
21220.971680	-134.030182
21226.354980	-133.881149
21231.738281	-133.915390
21237.121582	-133.891708
21242.504883	-134.073090
21247.888184	-134.071365
21253.271484	-133.771362
21258.654785	-134.076096
21264.038086	-134.076172
21269.421387	-134.058868
21274.804688	-134.097473
21280.187988	-134.070984
21285.571289	-134.115250
21290.954590	-134.042404
21296.337891	-134.134796
21301.721191	-134.068817
21307.104492	-134.136292
21312.487793	-134.103668
21317.871094	-134.216721
21323.254395	-134.052017
21328.637695	-134.182404
21334.020996	-134.200439
21339.404297	-134.111954
21344.787598	-134.178711
21350.170898	-134.245453
21355.554199	-134.185226
21360.937500	-134.112274
21366.320801	-134.258621
21371.704102	-134.196411
21377.087402	-134.179092
21382.470703	-134.247086
21387.854004	-134.185806
21393.237305	-134.230820
21398.620605	-134.197739
21404.003906	-134.240387
21409.387207	-134.220154
21414.770508	-134.222519
21420.153809	-134.196564
21425.537109	-134.285217
21430.920410	-134.187469
21436.303711	-134.229095
21441.687012	-134.249863
21447.070312	-134.218506
21452.453613	-134.234344
21457.836914	-134.249207
21463.220215	-134.222855
21468.603516	-134.258759
21473.986816	-134.235641
21479.370117	-134.235184
21484.753418	-134.252487
21490.136719	-134.237076
21495.520020	-134.242874
21500.903320	-134.255524
21506.286621	-134.231003
21511.669922	-134.263062
21517.053223	-134.219635
21522.436523	-134.263092
21527.819824	-134.234528
21533.203125	-134.244873
21538.586426	-134.250061
21543.969727	-134.251511
21549.353027	-134.238358
21554.736328	-134.257263
21560.119629	-134.238678
21565.502930	-134.250473
21570.886230	-134.249725
21576.269531	-134.245697
21581.652832	-134.249237
21587.036133	-134.246490
21592.419434	-134.247818
21597.802734	-134.251770
21603.186035	-134.244766
21608.569336	-134.246307
21613.952637	-134.255676
21619.335938	-134.243301
21624.719238	-134.250824
21630.102539	-134.253265
21635.485840	-134.244476
21640.869141	-134.253250
21646.252441	-134.247147
21651.635742	-134.250214
21657.019043	-134.247696
21662.402344	-134.251389
21667.785645	-134.249588
21673.168945	-134.251541
21678.552246	-134.248596
21683.935547	-134.250305
21689.318848	-134.250870
21694.702148	-134.250549
21700.085449	-134.250854
21705.468750	-134.250351
21710.852051	-134.250214
21716.235352	-134.250854
21721.618652	-134.250793
21727.001953	-134.250793
21732.385254	-134.251648
21737.768555	-134.250519
21743.151855	-134.251373
21748.535156	-134.251221
21753.918457	-134.250992
21759.301758	-134.251541
21764.685059	-134.251419
21770.068359	-134.251648
21775.451660	-134.251312
21780.834961	-134.251053
21786.218262	-134.251831
21791.601562	-134.251678
21796.984863	-134.251968
21802.368164	-134.251740
21807.751465	-134.251434
21813.134766	-134.251755
21818.518066	-134.251282
21823.901367	-134.251801
21829.284668	-134.252045
21834.667969	-134.251938
21840.051270	-134.252045
21845.434570	-134.252090
21850.817871	-134.252304
21856.201172	-134.252213
21861.584473	-134.252411
21866.967773	-134.252121
21872.351074	-134.252213
21877.734375	-134.252350
21883.117676	-134.252472
21888.500977	-134.252319
21893.884277	-134.252563
21899.267578	-134.252502
21904.650879	-134.252472
21910.034180	-134.252472
21915.417480	-134.252731
21920.800781	-134.252670
21926.184082	-134.252838
21931.567383	-134.253052
21936.950684	-134.252762
21942.333984	-134.252823
21947.717285	-134.252258
21953.100586	-134.252838
21958.483887	-134.252716
21963.867188	-134.252792
21969.250488	-134.253067
21974.633789	-134.252686
21980.017090	-134.252625
21985.400391	-134.252548
21990.783691	-134.253342
21996.166992	-134.252762
22001.550293	-134.252182
22006.933594	-134.252411
22012.316895	-134.253036
22017.700195	-134.253067
22023.083496	-134.252747
22028.466797	-134.252655
22033.850098	-134.253128
22039.233398	-134.252991
22044.616699	-134.253113
