Frequency (Hz)	Level (dB)
5.383301	-70.193596
10.766602	-70.361603
16.149902	-62.930504
21.533203	-51.243874
26.916504	-52.451736
32.299805	-52.812943
37.683105	-48.493286
43.066406	-44.684681
48.449707	-42.598118
53.833008	-41.482841
59.216309	-40.980801
64.599609	-40.671326
69.982910	-41.140991
75.366211	-42.046597
80.749512	-43.673878
86.132812	-43.704002
91.516113	-44.208076
96.899414	-43.925434
102.282715	-43.216824
107.666016	-43.022797
113.049316	-43.179508
118.432617	-44.137184
123.815918	-45.287762
129.199219	-46.013424
134.582520	-46.357738
139.965820	-46.652733
145.349121	-46.809017
150.732422	-47.513268
156.115723	-48.454197
161.499023	-48.557274
166.882324	-48.778580
172.265625	-48.573338
177.648926	-50.124416
183.032227	-52.191299
188.415527	-50.903980
193.798828	-51.157589
199.182129	-51.721802
204.565430	-53.006584
209.948730	-53.774914
215.332031	-53.290142
220.715332	-52.157703
226.098633	-51.281929
231.481934	-49.382561
236.865234	-48.120663
242.248535	-48.000469
247.631836	-46.843231
253.015137	-45.838634
258.398438	-46.128933
263.781738	-46.412895
269.165039	-47.031651
274.548340	-47.133053
279.931641	-47.988430
285.314941	-47.312988
290.698242	-46.846485
296.081543	-46.963257
301.464844	-47.325256
306.848145	-48.647049
312.231445	-49.281464
317.614746	-50.389519
322.998047	-51.382954
328.381348	-50.071251
333.764648	-48.620716
339.147949	-48.387146
344.531250	-48.627804
349.914551	-49.037354
355.297852	-49.528297
360.681152	-49.784328
366.064453	-50.384533
371.447754	-51.012039
376.831055	-52.124256
382.214355	-52.824730
387.597656	-53.561760
392.980957	-54.153297
398.364258	-54.786144
403.747559	-54.317616
409.130859	-53.565395
414.514160	-52.413437
419.897461	-52.513668
425.280762	-52.681305
430.664062	-53.105091
436.047363	-53.482182
441.430664	-53.916832
446.813965	-53.333355
452.197266	-53.919224
457.580566	-53.583950
462.963867	-53.019211
468.347168	-53.270237
473.730469	-53.542904
479.113770	-52.806492
484.497070	-54.456505
489.880371	-55.042240
495.263672	-54.248962
500.646973	-52.797688
506.030273	-52.415264
511.413574	-52.282360
516.796875	-51.561146
522.180176	-51.357746
527.563477	-51.200489
532.946777	-50.572216
538.330078	-50.627357
543.713379	-51.282707
549.096680	-52.130539
554.479980	-53.397358
559.863281	-54.776447
565.246582	-55.433064
570.629883	-55.173409
576.013184	-54.333832
581.396484	-53.225403
586.779785	-52.752674
592.163086	-52.930027
597.546387	-52.896412
602.929688	-53.017830
608.312988	-52.686989
613.696289	-52.713467
619.079590	-53.188858
624.462891	-52.992767
629.846191	-52.533005
635.229492	-52.812950
640.612793	-54.029472
645.996094	-55.527225
651.379395	-56.364712
656.762695	-57.551216
662.145996	-56.943611
667.529297	-56.248188
672.912598	-55.135525
678.295898	-54.401012
683.679199	-54.968952
689.062500	-55.352837
694.445801	-56.326836
699.829102	-57.194321
705.212402	-57.502323
710.595703	-57.891212
715.979004	-57.473454
721.362305	-56.777088
726.745605	-56.819530
732.128906	-56.674641
737.512207	-57.038986
742.895508	-57.787537
748.278809	-58.380802
753.662109	-59.375046
759.045410	-59.845798
764.428711	-59.565235
769.812012	-59.045158
775.195312	-59.071972
780.578613	-57.981407
785.961914	-56.754055
791.345215	-55.907436
796.728516	-54.683441
802.111816	-53.618565
807.495117	-52.850143
812.878418	-52.195709
818.261719	-51.914730
823.645020	-51.936607
829.028320	-52.309246
834.411621	-51.878990
839.794922	-52.666698
845.178223	-53.344105
850.561523	-54.914509
855.944824	-56.713810
861.328125	-58.330456
866.711426	-59.906612
872.094727	-60.404243
877.478027	-61.109165
882.861328	-60.511055
888.244629	-59.366085
893.627930	-58.593731
899.011230	-59.083481
904.394531	-59.979565
909.777832	-59.802158
915.161133	-59.269226
920.544434	-59.130314
925.927734	-58.917938
931.311035	-59.084652
936.694336	-58.369381
942.077637	-57.898201
947.460938	-56.943153
952.844238	-56.089413
958.227539	-55.420959
963.610840	-54.930679
968.994141	-55.221386
974.377441	-54.987541
979.760742	-54.767448
985.144043	-54.709023
990.527344	-53.959827
995.910645	-55.212700
1001.293945	-55.602921
1006.677246	-56.483509
1012.060547	-57.220249
1017.443848	-57.675667
1022.827148	-58.065205
1028.210449	-58.398472
1033.593750	-59.156731
1038.977051	-59.516575
1044.360352	-59.630013
1049.743652	-59.955772
1055.126953	-60.516052
1060.510254	-59.878822
1065.893555	-60.465530
1071.276855	-60.942570
1076.660156	-60.798595
1082.043457	-59.728168
1087.426758	-59.014301
1092.810059	-58.136627
1098.193359	-57.637730
1103.576660	-57.505825
1108.959961	-57.096725
1114.343262	-58.081741
1119.726562	-58.825104
1125.109863	-59.126682
1130.493164	-59.134605
1135.876465	-58.803368
1141.259766	-59.659527
1146.643066	-59.630611
1152.026367	-59.749901
1157.409668	-60.228027
1162.792969	-60.303486
1168.176270	-60.450813
1173.559570	-60.522335
1178.942871	-60.318665
1184.326172	-60.758152
1189.709473	-60.785862
1195.092773	-61.161716
1200.476074	-61.890572
1205.859375	-63.011372
1211.242676	-64.421158
1216.625977	-64.952896
1222.009277	-65.227135
1227.392578	-65.114342
1232.775879	-65.326439
1238.159180	-65.045143
1243.542480	-65.569511
1248.925781	-65.624161
1254.309082	-65.119354
1259.692383	-64.526146
1265.075684	-62.980579
1270.458984	-61.193146
1275.842285	-60.978821
1281.225586	-60.668903
1286.608887	-60.453014
1291.992188	-60.286278
1297.375488	-59.981255
1302.758789	-60.154610
1308.142090	-59.844700
1313.525391	-59.849316
1318.908691	-59.571117
1324.291992	-58.999214
1329.675293	-58.596859
1335.058594	-58.885834
1340.441895	-59.869888
1345.825195	-59.969322
1351.208496	-60.350693
1356.591797	-60.753887
1361.975098	-61.276943
1367.358398	-61.652603
1372.741699	-61.375389
1378.125000	-60.455284
1383.508301	-60.731915
1388.891602	-61.064083
1394.274902	-62.210953
1399.658203	-62.769993
1405.041504	-63.681034
1410.424805	-63.935394
1415.808105	-63.526535
1421.191406	-62.620815
1426.574707	-61.749081
1431.958008	-61.879913
1437.341309	-61.830818
1442.724609	-62.334587
1448.107910	-63.076580
1453.491211	-63.060909
1458.874512	-62.895142
1464.257812	-61.913170
1469.641113	-61.474125
1475.024414	-60.791756
1480.407715	-61.165634
1485.791016	-60.867199
1491.174316	-60.988705
1496.557617	-60.927635
1501.940918	-60.676971
1507.324219	-60.786049
1512.707520	-60.629128
1518.090820	-60.487038
1523.474121	-60.508324
1528.857422	-61.699383
1534.240723	-62.531445
1539.624023	-62.648777
1545.007324	-62.329922
1550.390625	-62.315990
1555.773926	-61.909138
1561.157227	-61.607349
1566.540527	-62.055416
1571.923828	-62.321625
1577.307129	-62.406437
1582.690430	-62.247578
1588.073730	-62.068783
1593.457031	-62.011662
1598.840332	-62.115662
1604.223633	-62.150158
1609.606934	-62.937790
1614.990234	-64.449142
1620.373535	-64.869560
1625.756836	-65.267479
1631.140137	-66.207909
1636.523438	-66.955589
1641.906738	-66.995094
1647.290039	-66.245667
1652.673340	-65.808060
1658.056641	-66.370934
1663.439941	-66.309944
1668.823242	-66.536446
1674.206543	-66.439766
1679.589844	-66.354118
1684.973145	-66.064743
1690.356445	-65.666969
1695.739746	-65.628967
1701.123047	-64.641182
1706.506348	-63.851898
1711.889648	-63.580975
1717.272949	-63.153515
1722.656250	-62.794807
1728.039551	-63.493763
1733.422852	-64.506706
1738.806152	-65.174675
1744.189453	-66.043526
1749.572754	-66.604202
1754.956055	-67.494820
1760.339355	-68.318542
1765.722656	-67.935112
1771.105957	-68.376511
1776.489258	-68.457954
1781.872559	-67.659866
1787.255859	-66.629723
1792.639160	-67.511780
1798.022461	-68.331200
1803.405762	-66.919380
1808.789062	-65.907387
1814.172363	-65.995430
1819.555664	-66.035690
1824.938965	-66.225708
1830.322266	-65.680298
1835.705566	-65.954460
1841.088867	-65.620461
1846.472168	-65.405113
1851.855469	-65.223755
1857.238770	-65.310043
1862.622070	-65.670807
1868.005371	-65.668282
1873.388672	-65.153862
1878.771973	-64.587181
1884.155273	-64.120125
1889.538574	-63.646633
1894.921875	-63.078953
1900.305176	-62.808453
1905.688477	-62.952072
1911.071777	-62.693176
1916.455078	-63.070602
1921.838379	-63.628696
1927.221680	-64.056747
1932.604980	-64.744926
1937.988281	-65.234947
1943.371582	-66.102226
1948.754883	-66.189598
1954.138184	-65.839485
1959.521484	-66.016083
1964.904785	-66.442322
1970.288086	-65.520691
1975.671387	-64.985207
1981.054688	-64.618629
1986.437988	-64.499573
1991.821289	-65.054375
1997.204590	-65.274879
2002.587891	-65.470329
2007.971191	-65.709160
2013.354492	-66.205681
2018.737793	-66.502617
2024.121094	-66.538231
2029.504395	-65.613503
2034.887695	-64.371208
2040.270996	-64.261177
2045.654297	-63.591457
2051.037598	-62.924206
2056.420898	-63.055637
2061.804199	-63.942902
2067.187500	-64.439056
2072.570801	-64.942093
2077.954102	-65.534187
2083.337402	-65.937332
2088.720703	-66.100975
2094.104004	-66.554985
2099.487305	-67.025764
2104.870605	-67.104820
2110.253906	-67.844635
2115.637207	-68.086349
2121.020508	-68.890182
2126.403809	-69.884483
2131.787109	-69.932274
2137.170410	-70.423546
2142.553711	-71.684998
2147.937012	-71.323219
2153.320312	-70.824074
2158.703613	-70.831772
2164.086914	-71.290154
2169.470215	-70.775124
2174.853516	-70.744614
2180.236816	-70.712631
2185.620117	-70.703957
2191.003418	-70.848251
2196.386719	-71.237259
2201.770020	-71.589478
2207.153320	-72.144272
2212.536621	-72.023483
2217.919922	-72.115784
2223.303223	-71.463112
2228.686523	-71.785385
2234.069824	-71.770393
2239.453125	-70.557678
2244.836426	-70.065842
2250.219727	-70.022255
2255.603027	-68.946404
2260.986328	-68.132431
2266.369629	-68.001549
2271.752930	-68.962906
2277.136230	-68.532318
2282.519531	-68.634338
2287.902832	-69.034508
2293.286133	-67.998055
2298.669434	-67.703842
2304.052734	-67.470535
2309.436035	-67.128746
2314.819336	-67.387878
2320.202637	-68.048973
2325.585938	-68.551910
2330.969238	-69.089127
2336.352539	-70.253212
2341.735840	-71.382439
2347.119141	-71.873047
2352.502441	-71.679993
2357.885742	-70.818649
2363.269043	-70.658974
2368.652344	-71.116158
2374.035645	-70.751770
2379.418945	-70.308647
2384.802246	-69.208572
2390.185547	-68.721054
2395.568848	-68.396828
2400.952148	-68.175446
2406.335449	-69.034119
2411.718750	-69.232681
2417.102051	-68.456551
2422.485352	-68.822578
2427.868652	-70.001732
2433.251953	-70.681496
2438.635254	-70.565529
2444.018555	-70.118408
2449.401855	-70.180878
2454.785156	-69.532028
2460.168457	-69.291359
2465.551758	-68.619286
2470.935059	-68.453728
2476.318359	-68.584808
2481.701660	-68.851784
2487.084961	-69.280853
2492.468262	-70.320526
2497.851562	-70.166344
2503.234863	-69.749451
2508.618164	-68.591591
2514.001465	-69.027435
2519.384766	-69.465759
2524.768066	-70.103699
2530.151367	-70.605911
2535.534668	-70.761742
2540.917969	-70.546471
2546.301270	-70.104004
2551.684570	-69.126167
2557.067871	-68.536362
2562.451172	-67.962746
2567.834473	-67.683014
2573.217773	-67.746170
2578.601074	-67.977173
2583.984375	-67.761635
2589.367676	-67.342163
2594.750977	-67.737076
2600.134277	-67.435722
2605.517578	-67.864410
2610.900879	-68.095680
2616.284180	-68.494766
2621.667480	-69.108925
2627.050781	-69.711823
2632.434082	-69.798820
2637.817383	-70.377548
2643.200684	-70.206169
2648.583984	-70.006073
2653.967285	-69.879707
2659.350586	-70.719978
2664.733887	-71.733360
2670.117188	-72.103973
2675.500488	-71.648338
2680.883789	-71.761375
2686.267090	-71.623848
2691.650391	-71.691078
2697.033691	-72.428551
2702.416992	-72.837555
2707.800293	-72.908150
2713.183594	-72.905357
2718.566895	-72.797577
2723.950195	-72.380707
2729.333496	-71.528351
2734.716797	-71.214546
2740.100098	-71.294273
2745.483398	-70.253624
2750.866699	-69.722527
2756.250000	-69.560776
2761.633301	-70.430565
2767.016602	-71.056770
2772.399902	-71.588531
2777.783203	-71.378326
2783.166504	-70.294579
2788.549805	-69.907440
2793.933105	-69.160431
2799.316406	-68.533699
2804.699707	-68.218605
2810.083008	-69.181854
2815.466309	-68.996880
2820.849609	-69.188156
2826.232910	-69.765045
2831.616211	-70.747597
2836.999512	-70.902969
2842.382812	-70.748482
2847.766113	-70.940926
2853.149414	-70.471077
2858.532715	-70.603058
2863.916016	-70.005714
2869.299316	-70.082489
2874.682617	-70.410767
2880.065918	-70.378822
2885.449219	-70.439575
2890.832520	-70.657997
2896.215820	-70.930603
2901.599121	-71.537346
2906.982422	-71.889702
2912.365723	-71.729919
2917.749023	-73.078392
2923.132324	-72.884705
2928.515625	-72.439568
2933.898926	-72.704025
2939.282227	-71.716866
2944.665527	-70.893257
2950.048828	-71.135880
2955.432129	-71.208298
2960.815430	-71.045784
2966.198730	-71.551498
2971.582031	-71.240829
2976.965332	-70.728989
2982.348633	-70.518394
2987.731934	-70.297272
2993.115234	-70.543610
2998.498535	-70.337166
3003.881836	-70.147209
3009.265137	-69.974213
3014.648438	-69.696342
3020.031738	-69.250465
3025.415039	-68.444176
3030.798340	-68.009872
3036.181641	-67.916855
3041.564941	-68.654419
3046.948242	-68.785034
3052.331543	-68.825165
3057.714844	-69.598244
3063.098145	-69.898369
3068.481445	-69.445976
3073.864746	-69.588280
3079.248047	-68.813965
3084.631348	-68.451523
3090.014648	-68.559883
3095.397949	-68.469589
3100.781250	-68.040115
3106.164551	-68.093857
3111.547852	-69.270493
3116.931152	-69.721558
3122.314453	-69.811806
3127.697754	-69.364258
3133.081055	-69.951607
3138.464355	-69.490509
3143.847656	-70.196716
3149.230957	-71.233101
3154.614258	-70.723083
3159.997559	-70.669868
3165.380859	-70.089333
3170.764160	-69.989410
3176.147461	-70.679230
3181.530762	-70.571373
3186.914062	-70.165192
3192.297363	-69.861725
3197.680664	-70.695236
3203.063965	-71.479370
3208.447266	-71.686386
3213.830566	-72.332855
3219.213867	-73.194199
3224.597168	-73.254181
3229.980469	-73.068092
3235.363770	-72.852089
3240.747070	-72.842514
3246.130371	-72.609154
3251.513672	-72.256912
3256.896973	-72.346786
3262.280273	-72.442772
3267.663574	-72.179909
3273.046875	-72.515091
3278.430176	-71.427109
3283.813477	-71.514114
3289.196777	-71.531967
3294.580078	-71.753914
3299.963379	-72.131187
3305.346680	-71.646675
3310.729980	-71.957565
3316.113281	-72.193604
3321.496582	-72.159180
3326.879883	-71.860123
3332.263184	-71.979568
3337.646484	-72.113205
3343.029785	-71.275749
3348.413086	-70.741272
3353.796387	-70.348976
3359.179688	-70.424774
3364.562988	-69.885384
3369.946289	-69.553246
3375.329590	-69.639503
3380.712891	-70.568771
3386.096191	-71.761169
3391.479492	-72.216454
3396.862793	-72.015678
3402.246094	-71.555885
3407.629395	-71.494843
3413.012695	-72.107925
3418.395996	-72.526718
3423.779297	-72.722702
3429.162598	-72.436790
3434.545898	-72.118294
3439.929199	-72.237152
3445.312500	-72.743118
3450.695801	-72.966881
3456.079102	-73.828911
3461.462402	-74.335999
3466.845703	-74.462524
3472.229004	-74.555328
3477.612305	-74.739105
3482.995605	-74.097923
3488.378906	-74.036720
3493.762207	-73.436981
3499.145508	-72.889122
3504.528809	-73.157417
3509.912109	-73.065582
3515.295410	-73.141777
3520.678711	-73.908546
3526.062012	-73.383217
3531.445312	-72.926315
3536.828613	-73.121651
3542.211914	-72.714531
3547.595215	-71.898697
3552.978516	-71.368782
3558.361816	-71.484474
3563.745117	-72.664703
3569.128418	-73.083473
3574.511719	-73.384995
3579.895020	-72.734337
3585.278320	-72.528091
3590.661621	-72.114647
3596.044922	-71.479042
3601.428223	-72.157883
3606.811523	-72.468040
3612.194824	-72.589844
3617.578125	-72.496513
3622.961426	-72.357140
3628.344727	-72.474976
3633.728027	-72.425728
3639.111328	-72.064888
3644.494629	-71.685318
3649.877930	-71.290680
3655.261230	-71.732544
3660.644531	-72.024834
3666.027832	-71.994865
3671.411133	-71.977570
3676.794434	-72.716660
3682.177734	-73.580109
3687.561035	-73.691170
3692.944336	-73.318649
3698.327637	-73.056953
3703.710938	-72.932922
3709.094238	-73.487816
3714.477539	-72.982262
3719.860840	-72.376694
3725.244141	-72.534615
3730.627441	-73.478607
3736.010742	-73.647324
3741.394043	-73.800568
3746.777344	-74.759201
3752.160645	-75.266380
3757.543945	-76.149467
3762.927246	-76.037628
3768.310547	-75.934441
3773.693848	-75.499878
3779.077148	-74.574432
3784.460449	-75.088028
3789.843750	-74.862679
3795.227051	-74.516899
3800.610352	-75.155617
3805.993652	-74.615723
3811.376953	-74.818542
3816.760254	-74.728058
3822.143555	-74.116364
3827.526855	-73.819847
3832.910156	-73.567741
3838.293457	-73.077866
3843.676758	-73.414841
3849.060059	-73.759346
3854.443359	-74.015427
3859.826660	-74.388924
3865.209961	-74.481209
3870.593262	-75.039070
3875.976562	-75.069283
3881.359863	-75.166718
3886.743164	-75.100899
3892.126465	-75.594574
3897.509766	-75.777733
3902.893066	-75.408379
3908.276367	-74.891029
3913.659668	-75.659378
3919.042969	-75.561852
3924.426270	-75.539154
3929.809570	-76.098564
3935.192871	-75.523651
3940.576172	-76.570656
3945.959473	-77.121529
3951.342773	-76.598053
3956.726074	-76.533371
3962.109375	-76.557503
3967.492676	-76.592690
3972.875977	-76.618591
3978.259277	-76.253227
3983.642578	-75.946625
3989.025879	-76.625618
3994.409180	-76.457443
3999.792480	-76.750313
4005.175781	-76.701462
4010.559082	-76.924767
4015.942383	-76.523476
4021.325684	-75.751022
4026.708984	-75.208740
4032.092285	-75.728363
4037.475586	-76.003624
4042.858887	-76.109070
4048.242188	-76.576797
4053.625488	-75.832794
4059.008789	-75.909294
4064.392090	-75.824562
4069.775391	-76.077652
4075.158691	-76.483711
4080.541992	-75.518852
4085.925293	-75.487320
4091.308594	-75.036934
4096.691895	-74.319656
4102.075195	-74.626472
4107.458496	-75.290329
4112.841797	-74.604980
4118.225098	-74.929359
4123.608398	-74.574127
4128.991699	-74.433380
4134.375000	-74.371834
4139.758301	-73.900673
4145.141602	-74.184319
4150.524902	-74.566193
4155.908203	-74.682083
4161.291504	-74.999199
4166.674805	-75.302879
4172.058105	-75.054199
4177.441406	-74.251579
4182.824707	-73.583099
4188.208008	-73.476624
4193.591309	-74.386177
4198.974609	-74.941757
4204.357910	-75.276115
4209.741211	-75.599289
4215.124512	-75.269302
4220.507812	-74.900223
4225.891113	-74.323944
4231.274414	-73.945236
4236.657715	-74.343605
4242.041016	-74.221268
4247.424316	-74.489700
4252.807617	-75.073502
4258.190918	-74.749084
4263.574219	-74.586380
4268.957520	-74.911171
4274.340820	-74.512917
4279.724121	-74.454681
4285.107422	-74.528687
4290.490723	-74.774673
4295.874023	-75.115051
4301.257324	-75.285362
4306.640625	-76.119942
4312.023926	-76.159134
4317.407227	-76.042625
4322.790527	-76.514351
4328.173828	-77.110573
4333.557129	-77.158829
4338.940430	-76.486519
4344.323730	-76.175934
4349.707031	-75.501869
4355.090332	-75.443031
4360.473633	-75.286598
4365.856934	-74.822411
4371.240234	-74.801933
4376.623535	-75.522209
4382.006836	-75.990517
4387.390137	-75.999001
4392.773438	-75.931458
4398.156738	-76.275208
4403.540039	-76.355797
4408.923340	-76.060684
4414.306641	-76.467552
4419.689941	-76.100395
4425.073242	-77.094727
4430.456543	-76.920029
4435.839844	-76.909073
4441.223145	-77.153145
4446.606445	-77.164688
4451.989746	-76.425941
4457.373047	-76.041435
4462.756348	-76.590836
4468.139648	-77.155922
4473.522949	-76.803490
4478.906250	-77.424049
4484.289551	-77.277664
4489.672852	-76.887955
4495.056152	-77.460007
4500.439453	-77.105080
4505.822754	-77.167839
4511.206055	-77.878937
4516.589355	-77.743690
4521.972656	-77.546150
4527.355957	-77.364517
4532.739258	-77.077324
4538.122559	-76.919106
4543.505859	-76.313286
4548.889160	-75.756195
4554.272461	-75.807732
4559.655762	-75.498962
4565.039062	-75.380463
4570.422363	-75.689529
4575.805664	-75.913223
4581.188965	-76.154381
4586.572266	-76.364716
4591.955566	-76.892319
4597.338867	-77.240578
4602.722168	-77.258194
4608.105469	-77.591194
4613.488770	-78.189583
4618.872070	-78.168488
4624.255371	-78.226807
4629.638672	-77.175850
4635.021973	-76.935501
4640.405273	-77.176811
4645.788574	-77.049477
4651.171875	-76.672356
4656.555176	-76.468674
4661.938477	-76.408554
4667.321777	-76.636086
4672.705078	-76.669067
4678.088379	-76.878571
4683.471680	-77.102127
4688.854980	-76.516602
4694.238281	-76.207069
4699.621582	-75.642044
4705.004883	-76.056786
4710.388184	-75.673920
4715.771484	-76.029892
4721.154785	-76.397095
4726.538086	-76.484802
4731.921387	-76.971687
4737.304688	-76.631943
4742.687988	-76.845680
4748.071289	-76.589363
4753.454590	-76.431526
4758.837891	-76.884979
4764.221191	-76.921631
4769.604492	-76.889023
4774.987793	-77.091705
4780.371094	-76.742180
4785.754395	-76.832802
4791.137695	-76.974663
4796.520996	-76.611824
4801.904297	-77.129623
4807.287598	-76.803185
4812.670898	-76.977684
4818.054199	-77.564087
4823.437500	-78.133156
4828.820801	-77.357468
4834.204102	-77.607971
4839.587402	-78.375679
4844.970703	-78.295143
4850.354004	-79.004204
4855.737305	-79.112694
4861.120605	-78.665627
4866.503906	-78.622940
4871.887207	-78.546516
4877.270508	-78.902527
4882.653809	-78.415138
4888.037109	-78.787422
4893.420410	-79.176865
4898.803711	-79.122185
4904.187012	-78.934090
4909.570312	-78.718979
4914.953613	-78.809158
4920.336914	-78.556473
4925.720215	-78.380707
4931.103516	-78.384811
4936.486816	-78.321724
4941.870117	-77.475410
4947.253418	-77.235359
4952.636719	-77.049202
4958.020020	-76.954399
4963.403320	-76.787048
4968.786621	-77.097702
4974.169922	-76.818062
4979.553223	-77.313248
4984.936523	-77.648239
4990.319824	-77.762901
4995.703125	-77.935997
5001.086426	-78.383774
5006.469727	-78.635445
5011.853027	-78.168045
5017.236328	-78.178947
5022.619629	-78.686974
5028.002930	-78.768303
5033.386230	-79.086861
5038.769531	-79.082726
5044.152832	-78.478172
5049.536133	-78.912582
5054.919434	-78.517166
5060.302734	-78.770790
5065.686035	-78.691483
5071.069336	-79.150154
5076.452637	-78.892670
5081.835938	-78.609764
5087.219238	-78.520042
5092.602539	-78.338890
5097.985840	-79.584320
5103.369141	-80.144875
5108.752441	-80.436165
5114.135742	-80.503258
5119.519043	-80.125282
5124.902344	-80.375175
5130.285645	-80.346313
5135.668945	-80.794258
5141.052246	-80.834656
5146.435547	-80.332916
5151.818848	-79.895248
5157.202148	-80.296379
5162.585449	-80.400360
5167.968750	-80.405357
5173.352051	-80.287224
5178.735352	-79.973282
5184.118652	-79.511642
5189.501953	-79.861588
5194.885254	-80.081207
5200.268555	-80.268463
5205.651855	-80.566017
5211.035156	-80.241814
5216.418457	-79.892265
5221.801758	-79.750809
5227.185059	-79.418076
5232.568359	-80.314857
5237.951660	-80.544167
5243.334961	-79.908356
5248.718262	-80.145615
5254.101562	-79.926422
5259.484863	-80.404182
5264.868164	-80.505104
5270.251465	-80.928368
5275.634766	-81.269073
5281.018066	-81.365105
5286.401367	-80.500748
5291.784668	-80.178841
5297.167969	-79.119507
5302.551270	-78.940186
5307.934570	-78.963959
5313.317871	-79.657913
5318.701172	-79.324173
5324.084473	-79.276604
5329.467773	-79.180183
5334.851074	-79.014778
5340.234375	-78.715141
5345.617676	-78.735397
5351.000977	-79.134071
5356.384277	-79.927467
5361.767578	-80.761864
5367.150879	-80.868607
5372.534180	-80.732269
5377.917480	-80.785614
5383.300781	-80.511833
5388.684082	-79.892509
5394.067383	-79.317696
5399.450684	-79.102203
5404.833984	-78.957016
5410.217285	-78.971664
5415.600586	-78.725372
5420.983887	-78.917336
5426.367188	-78.704918
5431.750488	-79.079384
5437.133789	-78.628326
5442.517090	-78.174393
5447.900391	-78.433983
5453.283691	-78.769302
5458.666992	-79.351761
5464.050293	-79.403099
5469.433594	-79.176865
5474.816895	-79.697914
5480.200195	-80.083916
5485.583496	-80.174271
5490.966797	-79.852448
5496.350098	-79.735260
5501.733398	-79.861305
5507.116699	-80.227829
5512.500000	-80.062744
5517.883301	-79.409927
5523.266602	-79.124756
5528.649902	-79.168602
5534.033203	-79.930267
5539.416504	-79.502930
5544.799805	-79.439674
5550.183105	-79.924141
5555.566406	-80.122910
5560.949707	-79.798012
5566.333008	-79.760399
5571.716309	-79.912292
5577.099609	-80.505249
5582.482910	-80.680519
5587.866211	-80.677719
5593.249512	-80.142235
5598.632812	-80.089043
5604.016113	-80.853416
5609.399414	-81.179199
5614.782715	-81.021889
5620.166016	-80.411774
5625.549316	-79.382561
5630.932617	-78.842415
5636.315918	-79.188332
5641.699219	-79.655998
5647.082520	-79.844841
5652.465820	-80.199966
5657.849121	-80.293457
5663.232422	-79.663231
5668.615723	-79.583534
5673.999023	-79.778122
5679.382324	-79.489311
5684.765625	-79.481033
5690.148926	-80.232666
5695.532227	-80.183479
5700.915527	-80.322975
5706.298828	-80.963158
5711.682129	-81.013603
5717.065430	-81.233269
5722.448730	-82.090813
5727.832031	-82.270309
5733.215332	-82.566048
5738.598633	-82.689369
5743.981934	-83.005241
5749.365234	-82.392632
5754.748535	-82.690704
5760.131836	-83.648018
5765.515137	-83.549248
5770.898438	-82.995125
5776.281738	-82.533722
5781.665039	-82.733299
5787.048340	-82.660469
5792.431641	-82.685577
5797.814941	-82.508591
5803.198242	-81.813690
5808.581543	-82.001678
5813.964844	-82.561478
5819.348145	-82.061546
5824.731445	-81.503151
5830.114746	-81.410553
5835.498047	-82.108116
5840.881348	-82.620811
5846.264648	-82.067467
5851.647949	-83.013680
5857.031250	-82.185936
5862.414551	-81.458855
5867.797852	-81.817993
5873.181152	-82.125305
5878.564453	-82.310638
5883.947754	-82.506996
5889.331055	-82.260109
5894.714355	-82.445450
5900.097656	-82.652016
5905.480957	-82.767075
5910.864258	-82.751831
5916.247559	-82.472359
5921.630859	-82.534210
5927.014160	-82.868858
5932.397461	-83.097931
5937.780762	-82.670090
5943.164062	-82.601768
5948.547363	-83.245667
5953.930664	-83.196083
5959.313965	-82.130867
5964.697266	-81.706055
5970.080566	-81.610008
5975.463867	-81.366005
5980.847168	-81.438980
5986.230469	-82.246994
5991.613770	-82.710228
5996.997070	-82.574783
6002.380371	-82.346596
6007.763672	-81.575638
6013.146973	-81.461769
6018.530273	-81.531395
6023.913574	-82.222160
6029.296875	-82.277939
6034.680176	-81.470467
6040.063477	-82.115395
6045.446777	-82.685211
6050.830078	-82.793167
6056.213379	-82.151695
6061.596680	-82.481728
6066.979980	-82.817505
6072.363281	-82.355217
6077.746582	-82.198288
6083.129883	-82.399826
6088.513184	-82.337593
6093.896484	-82.413704
6099.279785	-81.252968
6104.663086	-80.926094
6110.046387	-81.220428
6115.429688	-80.970795
6120.812988	-81.345192
6126.196289	-82.088531
6131.579590	-82.215286
6136.962891	-82.743256
6142.346191	-82.597931
6147.729492	-82.505440
6153.112793	-82.938210
6158.496094	-82.919662
6163.879395	-82.948494
6169.262695	-82.348175
6174.645996	-82.488792
6180.029297	-82.787811
6185.412598	-82.183754
6190.795898	-81.955666
6196.179199	-82.428680
6201.562500	-82.508881
6206.945801	-82.653214
6212.329102	-82.813393
6217.712402	-82.385025
6223.095703	-82.541588
6228.479004	-82.233505
6233.862305	-82.628609
6239.245605	-82.370842
6244.628906	-82.219444
6250.012207	-82.881844
6255.395508	-83.121223
6260.778809	-83.346870
6266.162109	-83.341873
6271.545410	-83.278809
6276.928711	-82.742310
6282.312012	-82.968933
6287.695312	-82.288498
6293.078613	-82.403091
6298.461914	-82.110176
6303.845215	-81.524940
6309.228516	-81.245628
6314.611816	-81.257675
6319.995117	-81.009727
6325.378418	-80.797722
6330.761719	-81.470253
6336.145020	-81.482346
6341.528320	-81.776520
6346.911621	-81.642647
6352.294922	-81.978348
6357.678223	-82.037056
6363.061523	-82.381371
6368.444824	-83.310242
6373.828125	-82.942955
6379.211426	-82.570000
6384.594727	-82.414345
6389.978027	-82.640213
6395.361328	-83.336815
6400.744629	-83.611923
6406.127930	-83.822525
6411.511230	-83.154373
6416.894531	-82.296677
6422.277832	-82.941795
6427.661133	-83.088181
6433.044434	-82.798836
6438.427734	-82.801338
6443.811035	-83.044609
6449.194336	-83.964676
6454.577637	-84.043022
6459.960938	-83.871155
6465.344238	-83.780060
6470.727539	-82.887733
6476.110840	-82.435120
6481.494141	-82.552483
6486.877441	-82.111160
6492.260742	-81.868813
6497.644043	-82.066132
6503.027344	-82.239349
6508.410645	-82.437790
6513.793945	-81.901657
6519.177246	-82.085197
6524.560547	-82.323593
6529.943848	-82.246544
6535.327148	-82.588623
6540.710449	-82.910439
6546.093750	-82.015579
6551.477051	-82.704567
6556.860352	-82.607506
6562.243652	-82.347961
6567.626953	-81.900894
6573.010254	-82.138908
6578.393555	-82.559250
6583.776855	-82.805016
6589.160156	-82.690933
6594.543457	-82.972908
6599.926758	-82.618294
6605.310059	-82.252213
6610.693359	-81.803978
6616.076660	-81.555016
6621.459961	-81.424263
6626.843262	-81.643204
6632.226562	-81.930138
6637.609863	-82.260139
6642.993164	-82.380943
6648.376465	-81.850594
6653.759766	-80.974167
6659.143066	-81.302193
6664.526367	-81.927101
6669.909668	-81.646309
6675.292969	-81.333771
6680.676270	-81.730949
6686.059570	-81.599518
6691.442871	-81.970505
6696.826172	-82.341644
6702.209473	-83.013161
6707.592773	-82.737274
6712.976074	-82.743118
6718.359375	-81.467926
6723.742676	-81.125839
6729.125977	-81.359482
6734.509277	-81.153778
6739.892578	-80.683441
6745.275879	-80.592278
6750.659180	-80.702187
6756.042480	-80.753334
6761.425781	-81.386253
6766.809082	-81.458916
6772.192383	-81.788582
6777.575684	-81.876656
6782.958984	-81.813942
6788.342285	-82.561714
6793.725586	-83.590614
6799.108887	-83.529961
6804.492188	-82.958084
6809.875488	-83.003632
6815.258789	-83.001648
6820.642090	-82.191307
6826.025391	-81.912338
6831.408691	-82.598579
6836.791992	-82.376266
6842.175293	-82.689659
6847.558594	-83.193893
6852.941895	-83.076836
6858.325195	-83.077255
6863.708496	-83.280853
6869.091797	-83.127350
6874.475098	-82.980156
6879.858398	-83.227203
6885.241699	-83.046722
6890.625000	-83.277466
6896.008301	-82.954224
6901.391602	-82.767990
6906.774902	-82.409325
6912.158203	-82.395210
6917.541504	-82.905968
6922.924805	-82.078575
6928.308105	-82.044685
6933.691406	-82.529846
6939.074707	-82.789719
6944.458008	-82.146187
6949.841309	-82.147316
6955.224609	-82.317558
6960.607910	-82.073692
6965.991211	-82.487839
6971.374512	-82.661873
6976.757812	-82.156982
6982.141113	-81.891327
6987.524414	-82.206566
6992.907715	-82.839561
6998.291016	-82.581734
7003.674316	-82.511444
7009.057617	-82.245834
7014.440918	-81.661667
7019.824219	-82.510010
7025.207520	-82.874588
7030.590820	-82.901833
7035.974121	-83.504295
7041.357422	-84.125732
7046.740723	-84.789246
7052.124023	-83.584114
7057.507324	-83.443375
7062.890625	-83.386749
7068.273926	-82.413567
7073.657227	-82.757828
7079.040527	-82.417442
7084.423828	-82.520226
7089.807129	-83.635780
7095.190430	-83.939812
7100.573730	-83.736504
7105.957031	-83.716133
7111.340332	-84.091942
7116.723633	-83.255508
7122.106934	-83.035294
7127.490234	-83.249733
7132.873535	-82.040443
7138.256836	-82.642967
7143.640137	-82.913223
7149.023438	-82.737350
7154.406738	-82.621025
7159.790039	-82.764244
7165.173340	-83.145370
7170.556641	-83.201340
7175.939941	-83.114136
7181.323242	-83.019432
7186.706543	-83.150406
7192.089844	-83.582207
7197.473145	-83.734505
7202.856445	-84.141457
7208.239746	-84.170128
7213.623047	-83.946991
7219.006348	-83.472435
7224.389648	-83.509262
7229.772949	-83.734612
7235.156250	-84.190674
7240.539551	-84.307114
7245.922852	-84.479744
7251.306152	-84.479515
7256.689453	-84.941734
7262.072754	-84.741409
7267.456055	-84.850632
7272.839355	-84.568375
7278.222656	-84.185638
7283.605957	-83.867920
7288.989258	-83.688019
7294.372559	-83.294609
7299.755859	-83.118988
7305.139160	-82.405670
7310.522461	-82.102097
7315.905762	-82.488869
7321.289062	-82.976891
7326.672363	-82.926720
7332.055664	-83.028587
7337.438965	-83.285194
7342.822266	-83.936180
7348.205566	-83.736023
7353.588867	-83.694023
7358.972168	-84.107445
7364.355469	-84.279266
7369.738770	-83.650368
7375.122070	-84.064919
7380.505371	-84.377312
7385.888672	-84.193817
7391.271973	-84.269165
7396.655273	-83.670441
7402.038574	-83.262627
7407.421875	-83.497375
7412.805176	-83.647301
7418.188477	-83.132256
7423.571777	-83.076164
7428.955078	-83.551254
7434.338379	-83.383514
7439.721680	-83.549942
7445.104980	-83.595596
7450.488281	-83.697685
7455.871582	-83.988304
7461.254883	-84.651672
7466.638184	-84.216812
7472.021484	-84.841621
7477.404785	-85.210754
7482.788086	-85.172783
7488.171387	-85.577209
7493.554688	-85.056374
7498.937988	-84.558014
7504.321289	-84.699188
7509.704590	-84.298294
7515.087891	-84.040047
7520.471191	-84.175034
7525.854492	-84.437828
7531.237793	-84.483238
7536.621094	-84.637482
7542.004395	-85.087921
7547.387695	-85.265915
7552.770996	-85.224236
7558.154297	-84.700348
7563.537598	-84.916908
7568.920898	-85.649002
7574.304199	-85.497360
7579.687500	-85.295868
7585.070801	-85.303604
7590.454102	-85.545990
7595.837402	-84.549896
7601.220703	-84.296280
7606.604004	-85.342384
7611.987305	-85.057533
7617.370605	-84.224129
7622.753906	-84.495651
7628.137207	-84.123589
7633.520508	-84.154701
7638.903809	-84.059601
7644.287109	-83.771393
7649.670410	-84.422348
7655.053711	-84.441032
7660.437012	-83.775948
7665.820312	-83.810295
7671.203613	-83.544327
7676.586914	-84.242218
7681.970215	-84.360512
7687.353516	-84.235672
7692.736816	-84.010025
7698.120117	-84.214104
7703.503418	-84.089211
7708.886719	-84.134148
7714.270020	-84.847694
7719.653320	-84.930931
7725.036621	-85.522057
7730.419922	-85.881393
7735.803223	-85.993553
7741.186523	-85.532158
7746.569824	-85.270134
7751.953125	-85.107338
7757.336426	-85.300247
7762.719727	-85.621178
7768.103027	-84.822311
7773.486328	-84.378708
7778.869629	-84.892082
7784.252930	-84.915916
7789.636230	-84.515594
7795.019531	-84.749535
7800.402832	-84.962128
7805.786133	-85.118370
7811.169434	-85.078903
7816.552734	-85.063950
7821.936035	-85.608986
7827.319336	-85.420555
7832.702637	-85.654533
7838.085938	-85.790520
7843.469238	-85.868797
7848.852539	-85.919907
7854.235840	-85.561127
7859.619141	-85.581871
7865.002441	-85.370117
7870.385742	-85.618553
7875.769043	-85.444550
7881.152344	-85.281448
7886.535645	-85.015938
7891.918945	-84.586334
7897.302246	-84.421783
7902.685547	-83.946861
7908.068848	-84.096718
7913.452148	-84.440773
7918.835449	-84.554344
7924.218750	-84.802658
7929.602051	-85.028488
7934.985352	-84.951561
7940.368652	-84.472740
7945.751953	-84.962204
7951.135254	-85.172066
7956.518555	-85.898521
7961.901855	-86.327286
7967.285156	-86.911041
7972.668457	-87.093567
7978.051758	-86.639793
7983.435059	-86.646706
7988.818359	-86.016434
7994.201660	-85.603493
7999.584961	-84.974541
8004.968262	-85.284454
8010.351562	-86.124573
8015.734863	-86.593048
8021.118164	-86.877441
8026.501465	-86.371582
8031.884766	-85.743111
8037.268066	-86.040245
8042.651367	-86.363617
8048.034668	-86.225105
8053.417969	-85.855522
8058.801270	-85.791870
8064.184570	-85.902359
8069.567871	-85.654579
8074.951172	-85.308769
8080.334473	-85.444786
8085.717773	-85.274597
8091.101074	-85.368256
8096.484375	-85.789619
8101.867676	-85.963501
8107.250977	-85.673561
8112.634277	-85.330658
8118.017578	-85.289543
8123.400879	-85.473160
8128.784180	-85.897003
8134.167480	-86.301277
8139.550781	-85.870903
8144.934082	-85.872635
8150.317383	-85.883408
8155.700684	-86.282143
8161.083984	-85.628990
8166.467285	-85.304619
8171.850586	-86.487160
8177.233887	-86.092484
8182.617188	-85.690483
8188.000488	-85.671745
8193.383789	-85.759254
8198.767090	-86.593063
8204.150391	-86.752541
8209.533691	-86.288040
8214.916992	-86.073471
8220.300293	-85.584793
8225.683594	-86.272446
8231.066895	-86.913521
8236.450195	-86.957863
8241.833496	-87.320160
8247.216797	-87.097015
8252.600098	-87.014297
8257.983398	-87.365746
8263.366699	-87.677094
8268.750000	-87.062309
8274.133301	-86.788498
8279.516602	-87.086861
8284.899902	-86.834114
8290.283203	-86.712318
8295.666504	-86.949646
8301.049805	-87.222694
8306.433105	-87.030975
8311.816406	-87.383659
8317.199707	-87.039459
8322.583008	-87.209114
8327.966309	-87.159248
8333.349609	-87.334824
8338.732910	-87.097633
8344.116211	-87.977821
8349.499512	-87.862061
8354.882812	-86.742310
8360.266113	-86.607880
8365.649414	-87.057907
8371.032715	-86.833786
8376.416016	-86.574211
8381.799316	-86.668373
8387.182617	-86.157181
8392.565918	-86.093910
8397.949219	-85.702797
8403.332520	-85.688126
8408.715820	-86.140900
8414.099121	-86.610664
8419.482422	-86.320961
8424.865723	-86.171440
8430.249023	-86.222282
8435.632324	-85.711784
8441.015625	-85.603416
8446.398926	-85.597389
8451.782227	-86.041672
8457.165527	-86.099007
8462.548828	-85.766273
8467.932129	-85.664696
8473.315430	-86.229462
8478.698730	-86.640160
8484.082031	-87.000740
8489.465332	-86.798027
8494.848633	-86.731422
8500.231934	-87.038055
8505.615234	-87.508926
8510.998535	-87.674995
8516.381836	-87.772652
8521.765137	-88.425346
8527.148438	-87.606728
8532.531738	-87.087677
8537.915039	-87.014771
8543.298340	-87.702164
8548.681641	-87.125053
8554.064941	-87.087959
8559.448242	-86.487190
8564.831543	-85.716011
8570.214844	-85.782608
8575.598145	-85.622665
8580.981445	-85.722557
8586.364746	-86.290031
8591.748047	-86.185677
8597.131348	-85.663322
8602.514648	-85.498093
8607.897949	-85.961464
8613.281250	-85.958710
8618.664551	-86.418839
8624.047852	-86.290619
8629.431152	-86.299301
8634.814453	-86.471375
8640.197754	-86.862572
8645.581055	-87.013657
8650.964355	-86.813011
8656.347656	-86.786499
8661.730957	-86.503159
8667.114258	-85.870850
8672.497559	-85.741127
8677.880859	-86.492668
8683.264160	-87.169991
8688.647461	-87.034142
8694.030762	-86.865257
8699.414062	-86.780258
8704.797363	-87.151085
8710.180664	-87.141106
8715.563965	-86.749023
8720.947266	-86.723045
8726.330566	-86.536446
8731.713867	-86.372429
8737.097168	-86.742004
8742.480469	-86.889465
8747.863770	-86.592537
8753.247070	-86.210686
8758.630371	-85.937218
8764.013672	-85.998543
8769.396973	-85.372490
8774.780273	-85.177536
8780.163574	-86.095673
8785.546875	-86.261787
8790.930176	-86.444099
8796.313477	-86.296501
8801.696777	-85.877052
8807.080078	-86.553032
8812.463379	-86.646072
8817.846680	-86.904877
8823.229980	-87.545448
8828.613281	-87.896896
8833.996582	-87.720192
8839.379883	-87.161278
8844.763184	-87.603607
8850.146484	-87.666618
8855.529785	-87.579453
8860.913086	-86.757965
8866.296387	-86.912163
8871.679688	-86.610641
8877.062988	-86.430634
8882.446289	-86.511024
8887.829590	-87.040604
8893.212891	-86.770462
8898.596191	-87.437721
8903.979492	-88.271812
8909.362793	-87.794968
8914.746094	-87.813377
8920.129395	-88.454872
8925.512695	-88.684937
8930.895996	-88.714767
8936.279297	-88.863762
8941.662598	-88.948051
8947.045898	-88.204147
8952.429199	-88.493118
8957.812500	-88.225540
8963.195801	-88.250679
8968.579102	-88.627983
8973.962402	-88.466377
8979.345703	-88.060074
8984.729004	-87.347656
8990.112305	-87.923523
8995.495605	-88.024078
9000.878906	-87.602798
9006.262207	-87.444420
9011.645508	-87.622498
9017.028809	-87.875633
9022.412109	-87.898048
9027.795410	-87.819824
9033.178711	-87.793236
9038.562012	-87.624557
9043.945312	-87.154510
9049.328613	-87.565414
9054.711914	-87.691040
9060.095215	-88.511520
9065.478516	-88.734474
9070.861816	-88.624184
9076.245117	-88.987129
9081.628418	-88.556229
9087.011719	-87.737862
9092.395020	-87.535820
9097.778320	-88.257889
9103.161621	-88.005142
9108.544922	-87.932411
9113.928223	-88.297386
9119.311523	-88.700401
9124.694824	-88.655159
9130.078125	-88.405052
9135.461426	-88.679626
9140.844727	-88.531082
9146.228027	-87.780434
9151.611328	-87.756660
9156.994629	-87.712059
9162.377930	-87.849594
9167.761230	-87.892609
9173.144531	-88.688919
9178.527832	-88.949104
9183.911133	-89.267654
9189.294434	-88.969582
9194.677734	-88.503723
9200.061035	-89.005348
9205.444336	-88.927338
9210.827637	-89.834312
9216.210938	-90.336769
9221.594238	-90.156044
9226.977539	-89.824860
9232.360840	-89.714401
9237.744141	-89.535332
9243.127441	-89.118126
9248.510742	-89.496788
9253.894043	-89.708458
9259.277344	-90.014374
9264.660645	-89.558746
9270.043945	-88.850937
9275.427246	-88.393524
9280.810547	-88.095345
9286.193848	-87.933525
9291.577148	-88.194252
9296.960449	-87.686531
9302.343750	-87.868256
9307.727051	-87.999344
9313.110352	-88.362625
9318.493652	-88.224022
9323.876953	-87.945702
9329.260254	-88.131920
9334.643555	-89.242889
9340.026855	-89.204239
9345.410156	-88.666382
9350.793457	-89.213646
9356.176758	-89.193687
9361.560059	-88.638161
9366.943359	-88.676025
9372.326660	-88.543243
9377.709961	-88.787285
9383.093262	-89.266739
9388.476562	-89.292397
9393.859863	-89.242966
9399.243164	-89.958794
9404.626465	-89.747452
9410.009766	-89.622147
9415.393066	-89.385345
9420.776367	-89.045074
9426.159668	-89.207512
9431.542969	-89.984718
9436.926270	-90.611771
9442.309570	-90.261345
9447.692871	-90.966011
9453.076172	-90.780457
9458.459473	-89.850510
9463.842773	-89.821205
9469.226074	-90.320755
9474.609375	-90.792046
9479.992676	-90.184868
9485.375977	-89.983955
9490.759277	-90.448601
9496.142578	-90.417412
9501.525879	-90.606468
9506.909180	-91.183823
9512.292480	-90.802986
9517.675781	-90.484756
9523.059082	-89.924736
9528.442383	-89.587898
9533.825684	-89.222542
9539.208984	-89.710648
9544.592285	-89.683693
9549.975586	-89.550568
9555.358887	-89.368698
9560.742188	-89.680214
9566.125488	-89.545052
9571.508789	-89.625000
9576.892090	-89.617729
9582.275391	-89.573349
9587.658691	-88.679489
9593.041992	-89.111107
9598.425293	-90.061401
9603.808594	-90.181229
9609.191895	-89.844193
9614.575195	-89.265602
9619.958496	-88.817909
9625.341797	-89.156013
9630.725098	-89.098907
9636.108398	-89.779922
9641.491699	-89.304878
9646.875000	-88.970535
9652.258301	-89.213676
9657.641602	-89.512642
9663.024902	-89.985619
9668.408203	-89.972008
9673.791504	-90.388641
9679.174805	-91.493713
9684.558105	-90.904343
9689.941406	-91.029724
9695.324707	-91.789597
9700.708008	-91.407730
9706.091309	-90.596474
9711.474609	-90.046730
9716.857910	-89.941406
9722.241211	-89.969086
9727.624512	-90.579132
9733.007812	-90.120323
9738.391113	-89.394707
9743.774414	-89.990494
9749.157715	-90.448669
9754.541016	-90.489532
9759.924316	-90.821007
9765.307617	-90.318192
9770.690918	-90.611824
9776.074219	-91.143791
9781.457520	-91.014427
9786.840820	-90.137207
9792.224121	-90.132668
9797.607422	-89.967476
9802.990723	-89.967934
9808.374023	-90.495544
9813.757324	-90.095741
9819.140625	-89.927284
9824.523926	-90.636719
9829.907227	-91.309593
9835.290527	-91.539963
9840.673828	-91.682678
9846.057129	-91.694969
9851.440430	-91.599350
9856.823730	-91.261574
9862.207031	-90.833954
9867.590332	-90.593758
9872.973633	-90.143188
9878.356934	-89.988495
9883.740234	-90.341064
9889.123535	-90.318565
9894.506836	-90.734497
9899.890137	-91.790222
9905.273438	-92.002472
9910.656738	-91.655304
9916.040039	-91.320717
9921.423340	-91.405960
9926.806641	-91.560951
9932.189941	-91.855583
9937.573242	-90.907150
9942.956543	-90.843643
9948.339844	-89.522926
9953.723145	-89.092422
9959.106445	-90.109436
9964.489746	-90.559303
9969.873047	-90.475296
9975.256348	-90.632477
9980.639648	-90.562294
9986.022949	-90.560699
9991.406250	-90.905121
9996.789551	-90.386917
10002.172852	-90.565086
10007.556152	-91.129562
10012.939453	-90.752014
10018.322754	-91.156815
10023.706055	-91.183937
10029.089355	-91.051544
10034.472656	-90.393677
10039.855957	-90.451767
10045.239258	-90.190018
10050.622559	-90.068527
10056.005859	-90.122139
10061.389160	-90.826538
10066.772461	-91.055298
10072.155762	-90.326836
10077.539062	-90.354622
10082.922363	-90.214836
10088.305664	-90.521721
10093.688965	-90.693504
10099.072266	-90.264130
10104.455566	-90.421776
10109.838867	-90.968216
10115.222168	-90.721291
10120.605469	-90.686859
10125.988770	-91.157082
10131.372070	-90.430603
10136.755371	-90.388695
10142.138672	-90.653496
10147.521973	-90.159187
10152.905273	-90.538536
10158.288574	-91.002441
10163.671875	-90.979362
10169.055176	-90.802406
10174.438477	-90.909599
10179.821777	-90.724495
10185.205078	-90.449844
10190.588379	-89.857483
10195.971680	-90.351120
10201.354980	-90.901466
10206.738281	-91.203545
10212.121582	-91.790771
10217.504883	-91.726112
10222.888184	-91.935158
10228.271484	-91.194229
10233.654785	-91.237015
10239.038086	-91.422539
10244.421387	-90.938477
10249.804688	-91.351471
10255.187988	-91.469139
10260.571289	-90.962814
10265.954590	-90.594887
10271.337891	-91.155540
10276.721191	-91.731491
10282.104492	-92.004410
10287.487793	-91.428383
10292.871094	-91.298157
10298.254395	-91.300156
10303.637695	-91.601959
10309.020996	-90.244728
10314.404297	-90.139320
10319.787598	-90.111000
10325.170898	-89.768211
10330.554199	-89.434792
10335.937500	-89.530273
10341.320801	-89.621819
10346.704102	-90.072540
10352.087402	-90.061630
10357.470703	-90.685913
10362.854004	-90.380493
10368.237305	-90.324532
10373.620605	-90.319710
10379.003906	-89.892899
10384.387207	-89.842163
10389.770508	-88.631279
10395.153809	-90.380745
10400.537109	-90.722572
10405.920410	-90.622406
10411.303711	-91.287766
10416.687012	-91.713448
10422.070312	-91.077499
10427.453613	-90.774818
10432.836914	-90.636505
10438.220215	-91.018707
10443.603516	-91.188148
10448.986816	-90.755516
10454.370117	-91.284027
10459.753418	-91.299400
10465.136719	-91.452934
10470.520020	-90.830826
10475.903320	-90.258270
10481.286621	-90.457062
10486.669922	-90.927155
10492.053223	-90.504341
10497.436523	-90.645096
10502.819824	-91.310654
10508.203125	-91.427422
10513.586426	-91.310524
10518.969727	-91.407242
10524.353027	-91.326454
10529.736328	-91.197876
10535.119629	-91.392197
10540.502930	-91.372513
10545.886230	-91.078918
10551.269531	-91.509796
10556.652832	-91.671425
10562.036133	-91.406097
10567.419434	-91.431786
10572.802734	-90.985832
10578.186035	-90.480080
10583.569336	-90.715553
10588.952637	-90.966171
10594.335938	-90.840408
10599.719238	-90.726524
10605.102539	-91.831589
10610.485840	-92.104851
10615.869141	-91.747002
10621.252441	-91.895905
10626.635742	-92.064697
10632.019043	-92.155769
10637.402344	-92.197403
10642.785645	-92.615715
10648.168945	-92.615814
10653.552246	-92.049980
10658.935547	-92.134209
10664.318848	-91.959198
10669.702148	-92.242088
10675.085449	-92.237190
10680.468750	-91.771698
10685.852051	-91.562630
10691.235352	-91.794868
10696.618652	-91.748436
10702.001953	-91.244949
10707.385254	-91.291557
10712.768555	-92.118889
10718.151855	-92.028938
10723.535156	-92.519302
10728.918457	-92.603027
10734.301758	-92.263733
10739.685059	-91.647278
10745.068359	-91.574974
10750.451660	-91.651733
10755.834961	-91.832642
10761.218262	-90.892586
10766.601562	-91.198395
10771.984863	-91.206573
10777.368164	-91.449272
10782.751465	-91.805222
10788.134766	-91.789818
10793.518066	-92.066795
10798.901367	-91.868073
10804.284668	-92.350853
10809.667969	-91.804672
10815.051270	-91.448418
10820.434570	-91.478508
10825.817871	-90.890533
10831.201172	-90.679703
10836.584473	-90.856041
10841.967773	-90.268936
10847.351074	-89.782234
10852.734375	-90.243866
10858.117676	-90.725098
10863.500977	-91.343559
10868.884277	-91.338921
10874.267578	-92.095627
10879.650879	-91.898033
10885.034180	-92.370346
10890.417480	-93.087738
10895.800781	-92.699638
10901.184082	-92.656868
10906.567383	-92.863266
10911.950684	-93.443054
10917.333984	-93.073029
10922.717285	-92.426682
10928.100586	-92.033882
10933.483887	-92.234917
10938.867188	-91.950706
10944.250488	-91.595505
10949.633789	-92.439568
10955.017090	-92.827835
10960.400391	-92.289246
10965.783691	-92.423386
10971.166992	-92.111740
10976.550293	-92.277100
10981.933594	-92.692215
10987.316895	-92.393456
10992.700195	-92.178436
10998.083496	-92.246674
11003.466797	-92.080925
11008.850098	-92.097069
11014.233398	-92.408752
11019.616699	-92.542274
11025.000000	-92.525101
11030.383301	-92.226433
11035.766602	-92.089813
11041.149902	-91.327545
11046.533203	-91.746651
11051.916504	-92.380928
11057.299805	-92.291687
11062.683105	-92.605690
11068.066406	-93.202751
11073.449707	-92.862366
11078.833008	-93.366974
11084.216309	-93.244728
11089.599609	-92.743500
11094.982910	-92.595612
11100.366211	-92.242775
11105.749512	-92.496086
11111.132812	-91.781570
11116.516113	-92.098183
11121.899414	-92.139999
11127.282715	-92.015472
11132.666016	-92.281242
11138.049316	-92.217339
11143.432617	-92.831474
11148.815918	-92.989662
11154.199219	-92.985672
11159.582520	-93.405205
11164.965820	-93.199829
11170.349121	-93.100151
11175.732422	-93.699478
11181.115723	-93.171127
11186.499023	-94.055984
11191.882324	-93.976204
11197.265625	-93.279457
11202.648926	-94.087799
11208.032227	-93.274994
11213.415527	-93.231758
11218.798828	-93.588127
11224.182129	-92.935020
11229.565430	-93.261284
11234.948730	-93.145973
11240.332031	-93.380112
11245.715332	-93.367836
11251.098633	-93.387047
11256.481934	-92.629829
11261.865234	-92.869278
11267.248535	-93.122276
11272.631836	-93.410065
11278.015137	-93.612022
11283.398438	-93.597595
11288.781738	-93.162369
11294.165039	-92.814438
11299.548340	-92.811485
11304.931641	-93.408844
11310.314941	-93.077408
11315.698242	-92.985939
11321.081543	-92.072861
11326.464844	-92.176323
11331.848145	-92.204941
11337.231445	-92.124260
11342.614746	-91.891251
11347.998047	-92.483307
11353.381348	-92.350861
11358.764648	-93.034676
11364.147949	-93.127922
11369.531250	-93.356735
11374.914551	-92.670372
11380.297852	-92.579964
11385.681152	-92.769135
11391.064453	-92.470428
11396.447754	-93.298622
11401.831055	-93.673531
11407.214355	-93.333267
11412.597656	-93.455757
11417.980957	-93.085136
11423.364258	-93.054581
11428.747559	-93.190804
11434.130859	-93.489395
11439.514160	-93.007500
11444.897461	-93.686897
11450.280762	-93.311234
11455.664062	-93.206421
11461.047363	-93.398132
11466.430664	-93.214348
11471.813965	-92.961967
11477.197266	-92.788467
11482.580566	-92.597900
11487.963867	-92.533737
11493.347168	-92.678307
11498.730469	-92.535126
11504.113770	-92.729523
11509.497070	-93.208832
11514.880371	-93.021484
11520.263672	-92.371956
11525.646973	-92.529228
11531.030273	-91.964256
11536.413574	-92.179169
11541.796875	-92.691925
11547.180176	-92.166962
11552.563477	-92.227272
11557.946777	-92.955330
11563.330078	-93.414734
11568.713379	-93.310135
11574.096680	-93.189682
11579.479980	-92.785713
11584.863281	-92.783882
11590.246582	-93.014168
11595.629883	-92.747063
11601.013184	-92.796928
11606.396484	-92.824509
11611.779785	-92.830727
11617.163086	-93.123871
11622.546387	-92.949791
11627.929688	-93.095322
11633.312988	-93.066902
11638.696289	-92.379318
11644.079590	-92.880081
11649.462891	-93.104347
11654.846191	-93.642578
11660.229492	-93.847168
11665.612793	-94.031288
11670.996094	-93.833611
11676.379395	-94.003021
11681.762695	-93.878296
11687.145996	-93.126579
11692.529297	-93.408264
11697.912598	-92.960861
11703.295898	-93.387375
11708.679199	-92.897873
11714.062500	-92.658653
11719.445801	-93.268013
11724.829102	-93.448723
11730.212402	-93.491348
11735.595703	-93.346947
11740.979004	-92.774773
11746.362305	-92.667122
11751.745605	-92.723541
11757.128906	-93.035599
11762.512207	-93.457733
11767.895508	-93.507805
11773.278809	-93.415001
11778.662109	-93.315384
11784.045410	-92.972717
11789.428711	-92.337791
11794.812012	-93.222694
11800.195312	-93.276382
11805.578613	-92.603378
11810.961914	-92.626526
11816.345215	-92.599236
11821.728516	-92.461823
11827.111816	-92.901955
11832.495117	-92.728699
11837.878418	-92.143448
11843.261719	-92.217712
11848.645020	-92.108780
11854.028320	-92.446754
11859.411621	-92.474777
11864.794922	-92.753098
11870.178223	-92.644814
11875.561523	-93.230522
11880.944824	-93.237038
11886.328125	-93.342773
11891.711426	-93.422981
11897.094727	-93.430496
11902.478027	-93.301468
11907.861328	-93.441727
11913.244629	-93.349815
11918.627930	-93.424911
11924.011230	-93.279678
11929.394531	-93.355164
11934.777832	-94.200485
11940.161133	-94.619461
11945.544434	-94.256943
11950.927734	-93.795471
11956.311035	-93.782227
11961.694336	-93.793755
11967.077637	-93.999084
11972.460938	-93.715118
11977.844238	-93.733368
11983.227539	-93.493645
11988.610840	-93.503441
11993.994141	-93.727615
11999.377441	-93.355309
12004.760742	-92.869370
12010.144043	-93.030602
12015.527344	-93.183228
12020.910645	-93.240990
12026.293945	-93.008240
12031.677246	-93.414978
12037.060547	-93.570374
12042.443848	-93.601448
12047.827148	-93.512749
12053.210449	-93.775055
12058.593750	-94.170471
12063.977051	-94.490074
12069.360352	-95.243080
12074.743652	-95.118225
12080.126953	-95.381775
12085.510254	-95.254990
12090.893555	-94.755806
12096.276855	-95.054146
12101.660156	-94.671631
12107.043457	-93.917351
12112.426758	-94.530022
12117.810059	-94.497711
12123.193359	-94.368141
12128.576660	-94.592445
12133.959961	-93.586632
12139.343262	-93.467461
12144.726562	-93.403435
12150.109863	-93.979202
12155.493164	-93.602684
12160.876465	-93.443222
12166.259766	-93.734810
12171.643066	-93.724251
12177.026367	-93.706970
12182.409668	-93.499191
12187.792969	-93.701721
12193.176270	-93.760994
12198.559570	-93.847519
12203.942871	-94.130150
12209.326172	-94.333176
12214.709473	-94.410736
12220.092773	-94.280411
12225.476074	-93.150497
12230.859375	-93.652649
12236.242676	-94.345810
12241.625977	-94.870277
12247.009277	-95.030853
12252.392578	-94.935280
12257.775879	-94.426804
12263.159180	-94.594597
12268.542480	-94.914940
12273.925781	-94.622765
12279.309082	-94.398018
12284.692383	-93.702461
12290.075684	-93.634323
12295.458984	-93.698479
12300.842285	-94.234680
12306.225586	-93.747620
12311.608887	-93.579941
12316.992188	-93.357155
12322.375488	-93.802391
12327.758789	-94.704956
12333.142090	-95.005157
12338.525391	-94.835007
12343.908691	-94.563950
12349.291992	-94.471039
12354.675293	-94.316887
12360.058594	-94.745430
12365.441895	-94.567780
12370.825195	-94.534729
12376.208496	-95.156120
12381.591797	-94.570534
12386.975098	-94.281242
12392.358398	-94.027840
12397.741699	-93.871979
12403.125000	-94.169571
12408.508301	-93.399178
12413.891602	-93.942429
12419.274902	-94.591064
12424.658203	-94.647453
12430.041504	-95.047241
12435.424805	-95.468971
12440.808105	-95.767159
12446.191406	-95.657173
12451.574707	-95.194885
12456.958008	-95.004845
12462.341309	-94.773491
12467.724609	-94.828407
12473.107910	-95.067062
12478.491211	-95.748192
12483.874512	-95.853081
12489.257812	-96.583290
12494.641113	-96.407173
12500.024414	-96.769005
12505.407715	-96.537079
12510.791016	-95.152473
12516.174316	-95.962799
12521.557617	-95.353539
12526.940918	-95.425331
12532.324219	-95.272614
12537.707520	-95.212723
12543.090820	-95.230247
12548.474121	-95.889870
12553.857422	-95.686501
12559.240723	-95.540909
12564.624023	-94.988945
12570.007324	-95.498924
12575.390625	-95.296288
12580.773926	-94.881927
12586.157227	-94.790337
12591.540527	-94.714088
12596.923828	-95.551407
12602.307129	-95.271553
12607.690430	-95.131042
12613.073730	-94.556129
12618.457031	-94.714188
12623.840332	-94.492386
12629.223633	-94.709969
12634.606934	-94.965096
12639.990234	-95.198174
12645.373535	-95.214203
12650.756836	-95.848000
12656.140137	-95.955833
12661.523438	-95.769653
12666.906738	-95.828262
12672.290039	-96.140938
12677.673340	-96.266731
12683.056641	-95.820480
12688.439941	-95.896179
12693.823242	-95.948486
12699.206543	-95.366165
12704.589844	-95.483307
12709.973145	-96.139732
12715.356445	-95.086189
12720.739746	-95.065445
12726.123047	-95.392464
12731.506348	-95.596024
12736.889648	-95.444275
12742.272949	-95.683739
12747.656250	-96.092903
12753.039551	-96.308136
12758.422852	-96.484344
12763.806152	-96.335320
12769.189453	-96.142784
12774.572754	-96.293404
12779.956055	-96.654274
12785.339355	-96.662514
12790.722656	-96.185455
12796.105957	-97.135826
12801.489258	-97.516258
12806.872559	-97.211037
12812.255859	-96.531075
12817.639160	-96.735329
12823.022461	-96.811821
12828.405762	-96.321556
12833.789062	-96.477753
12839.172363	-96.641304
12844.555664	-96.273750
12849.938965	-95.802406
12855.322266	-96.557495
12860.705566	-96.672165
12866.088867	-97.141380
12871.472168	-97.562592
12876.855469	-97.375946
12882.238770	-97.725639
12887.622070	-97.733856
12893.005371	-97.869148
12898.388672	-98.349434
12903.771973	-97.752502
12909.155273	-97.619957
12914.538574	-97.725861
12919.921875	-97.112984
12925.305176	-97.222633
12930.688477	-97.127029
12936.071777	-97.631828
12941.455078	-97.362373
12946.838379	-97.446259
12952.221680	-97.679276
12957.604980	-97.610313
12962.988281	-96.941856
12968.371582	-96.441162
12973.754883	-95.955078
12979.138184	-97.194649
12984.521484	-97.637390
12989.904785	-97.963028
12995.288086	-97.593002
13000.671387	-97.408455
13006.054688	-97.423752
13011.437988	-97.632904
13016.821289	-97.777939
13022.204590	-97.676842
13027.587891	-98.039780
13032.971191	-97.413582
13038.354492	-97.475143
13043.737793	-98.032791
13049.121094	-97.732079
13054.504395	-97.468346
13059.887695	-97.099953
13065.270996	-97.387604
13070.654297	-97.695656
13076.037598	-98.072960
13081.420898	-97.283371
13086.804199	-96.105042
13092.187500	-96.544456
13097.570801	-97.023941
13102.954102	-96.792320
13108.337402	-96.678406
13113.720703	-96.954811
13119.104004	-96.519196
13124.487305	-96.515656
13129.870605	-97.036278
13135.253906	-96.768349
13140.637207	-96.709206
13146.020508	-97.634048
13151.403809	-97.255226
13156.787109	-97.274864
13162.170410	-97.061172
13167.553711	-97.427681
13172.937012	-97.475754
13178.320312	-97.237068
13183.703613	-97.106636
13189.086914	-97.107224
13194.470215	-96.666550
13199.853516	-96.576462
13205.236816	-96.579178
13210.620117	-97.084663
13216.003418	-96.675728
13221.386719	-96.754845
13226.770020	-96.699310
13232.153320	-96.942734
13237.536621	-96.948196
13242.919922	-97.016632
13248.303223	-97.018776
13253.686523	-96.567078
13259.069824	-96.709145
13264.453125	-96.210983
13269.836426	-97.025185
13275.219727	-96.998917
13280.603027	-97.431381
13285.986328	-96.960800
13291.369629	-97.124245
13296.752930	-97.766350
13302.136230	-97.699287
13307.519531	-96.886215
13312.902832	-96.260033
13318.286133	-96.450623
13323.669434	-96.283905
13329.052734	-96.846458
13334.436035	-97.406143
13339.819336	-97.616768
13345.202637	-97.439972
13350.585938	-97.415825
13355.969238	-97.453926
13361.352539	-97.476250
13366.735840	-98.198570
13372.119141	-98.099808
13377.502441	-98.278214
13382.885742	-98.619675
13388.269043	-98.705132
13393.652344	-99.064308
13399.035645	-98.858543
13404.418945	-99.197342
13409.802246	-97.963943
13415.185547	-97.856316
13420.568848	-97.788918
13425.952148	-97.085716
13431.335449	-97.374588
13436.718750	-96.708984
13442.102051	-97.355812
13447.485352	-96.870529
13452.868652	-96.667473
13458.251953	-97.106331
13463.635254	-97.316986
13469.018555	-96.479584
13474.401855	-96.766479
13479.785156	-97.422676
13485.168457	-97.179863
13490.551758	-96.787979
13495.935059	-96.619934
13501.318359	-97.087608
13506.701660	-96.751419
13512.084961	-96.771431
13517.468262	-97.108276
13522.851562	-97.387711
13528.234863	-97.947021
13533.618164	-97.767288
13539.001465	-96.614639
13544.384766	-96.203857
13549.768066	-96.660553
13555.151367	-96.965599
13560.534668	-97.201210
13565.917969	-96.962540
13571.301270	-96.563232
13576.684570	-97.827469
13582.067871	-97.871338
13587.451172	-97.630272
13592.834473	-98.288895
13598.217773	-97.997467
13603.601074	-98.294998
13608.984375	-98.283150
13614.367676	-98.605057
13619.750977	-97.978531
13625.134277	-97.861626
13630.517578	-97.547867
13635.900879	-97.259323
13641.284180	-97.295601
13646.667480	-98.002983
13652.050781	-98.295181
13657.434082	-98.632942
13662.817383	-98.302162
13668.200684	-98.299522
13673.583984	-98.527863
13678.967285	-98.005623
13684.350586	-97.310585
13689.733887	-97.671509
13695.117188	-98.270363
13700.500488	-98.199944
13705.883789	-98.040390
13711.267090	-98.493561
13716.650391	-98.686707
13722.033691	-98.211418
13727.416992	-98.386826
13732.800293	-98.607101
13738.183594	-97.723259
13743.566895	-96.838707
13748.950195	-96.879379
13754.333496	-97.141075
13759.716797	-96.893456
13765.100098	-96.787613
13770.483398	-97.322609
13775.866699	-97.842346
13781.250000	-97.863663
13786.633301	-98.736824
13792.016602	-98.435410
13797.399902	-98.732895
13802.783203	-99.200073
13808.166504	-98.958084
13813.549805	-98.909920
13818.933105	-98.680336
13824.316406	-98.240868
13829.699707	-98.074707
13835.083008	-97.795929
13840.466309	-97.376259
13845.849609	-95.847595
13851.232910	-97.959625
13856.616211	-98.074768
13861.999512	-98.044510
13867.382812	-98.100830
13872.766113	-98.519157
13878.149414	-99.053947
13883.532715	-98.553764
13888.916016	-98.630089
13894.299316	-98.457436
13899.682617	-98.560181
13905.065918	-98.857788
13910.449219	-98.815895
13915.832520	-98.960518
13921.215820	-99.083916
13926.599121	-98.519737
13931.982422	-99.247444
13937.365723	-99.132706
13942.749023	-98.782387
13948.132324	-99.438843
13953.515625	-99.251076
13958.898926	-98.665077
13964.282227	-98.317429
13969.665527	-98.243233
13975.048828	-97.925690
13980.432129	-97.359726
13985.815430	-97.365112
13991.198730	-97.543182
13996.582031	-97.425133
14001.965332	-97.322441
14007.348633	-97.743210
14012.731934	-97.046333
14018.115234	-97.066284
14023.498535	-97.629158
14028.881836	-98.594292
14034.265137	-98.583427
14039.648438	-98.063332
14045.031738	-98.488930
14050.415039	-99.069687
14055.798340	-98.594780
14061.181641	-97.971382
14066.564941	-97.865303
14071.948242	-97.762299
14077.331543	-97.568649
14082.714844	-97.954926
14088.098145	-97.765976
14093.481445	-98.191864
14098.864746	-98.735641
14104.248047	-98.668419
14109.631348	-99.022339
14115.014648	-98.969986
14120.397949	-98.713554
14125.781250	-98.926796
14131.164551	-98.699295
14136.547852	-99.362923
14141.931152	-99.830612
14147.314453	-99.669785
14152.697754	-99.500069
14158.081055	-99.276268
14163.464355	-99.205849
14168.847656	-98.914230
14174.230957	-98.506271
14179.614258	-98.635323
14184.997559	-98.544922
14190.380859	-98.468475
14195.764160	-97.669952
14201.147461	-97.848412
14206.530762	-98.418686
14211.914062	-98.426117
14217.297363	-98.350441
14222.680664	-98.125992
14228.063965	-98.086807
14233.447266	-98.067329
14238.830566	-97.872269
14244.213867	-98.043068
14249.597168	-98.018875
14254.980469	-97.124680
14260.363770	-97.364182
14265.747070	-97.800980
14271.130371	-98.127266
14276.513672	-98.565590
14281.896973	-98.438927
14287.280273	-98.648636
14292.663574	-98.954750
14298.046875	-98.968643
14303.430176	-99.359482
14308.813477	-99.263954
14314.196777	-99.136986
14319.580078	-99.255478
14324.963379	-98.617584
14330.346680	-98.524269
14335.729980	-98.348076
14341.113281	-98.356873
14346.496582	-98.607979
14351.879883	-99.039864
14357.263184	-98.614426
14362.646484	-98.164879
14368.029785	-98.508926
14373.413086	-98.382126
14378.796387	-98.309288
14384.179688	-98.453903
14389.562988	-97.944397
14394.946289	-97.719627
14400.329590	-97.655754
14405.712891	-97.655884
14411.096191	-97.417107
14416.479492	-97.624680
14421.862793	-97.494987
14427.246094	-97.927368
14432.629395	-97.327621
14438.012695	-97.059494
14443.395996	-96.788490
14448.779297	-96.643051
14454.162598	-97.402885
14459.545898	-97.828941
14464.929199	-97.346680
14470.312500	-97.414642
14475.695801	-97.716225
14481.079102	-97.816742
14486.462402	-97.731323
14491.845703	-97.840073
14497.229004	-97.726486
14502.612305	-97.718155
14507.995605	-98.036484
14513.378906	-98.204140
14518.762207	-98.499779
14524.145508	-98.617172
14529.528809	-98.875107
14534.912109	-98.588501
14540.295410	-98.555771
14545.678711	-99.014549
14551.062012	-99.254883
14556.445312	-99.253639
14561.828613	-98.991180
14567.211914	-98.739639
14572.595215	-99.113724
14577.978516	-99.178711
14583.361816	-98.798737
14588.745117	-97.971046
14594.128418	-97.836777
14599.511719	-98.076050
14604.895020	-98.147156
14610.278320	-98.224976
14615.661621	-98.203682
14621.044922	-98.319809
14626.428223	-98.493614
14631.811523	-98.982742
14637.194824	-99.236328
14642.578125	-98.489403
14647.961426	-98.376083
14653.344727	-98.756714
14658.728027	-98.255402
14664.111328	-98.120140
14669.494629	-97.925552
14674.877930	-98.228111
14680.261230	-98.578506
14685.644531	-98.563354
14691.027832	-98.424522
14696.411133	-98.420616
14701.794434	-98.613747
14707.177734	-98.110863
14712.561035	-97.925613
14717.944336	-98.314972
14723.327637	-97.725540
14728.710938	-97.146721
14734.094238	-97.285225
14739.477539	-96.467178
14744.860840	-96.853882
14750.244141	-97.125053
14755.627441	-97.243202
14761.010742	-98.158180
14766.394043	-97.929642
14771.777344	-98.179512
14777.160645	-98.151237
14782.543945	-97.726341
14787.927246	-98.434967
14793.310547	-98.461906
14798.693848	-98.442810
14804.077148	-98.925087
14809.460449	-99.195076
14814.843750	-99.389389
14820.227051	-98.760048
14825.610352	-99.217438
14830.993652	-98.791733
14836.376953	-98.826576
14841.760254	-98.492424
14847.143555	-98.241913
14852.526855	-98.474365
14857.910156	-98.232521
14863.293457	-98.286423
14868.676758	-98.363747
14874.060059	-98.099251
14879.443359	-98.503525
14884.826660	-98.848412
14890.209961	-99.199730
14895.593262	-98.886345
14900.976562	-98.739983
14906.359863	-98.818062
14911.743164	-99.164688
14917.126465	-99.342079
14922.509766	-98.909691
14927.893066	-99.248283
14933.276367	-97.984978
14938.659668	-98.023689
14944.042969	-98.457611
14949.426270	-98.618675
14954.809570	-98.869827
14960.192871	-98.795837
14965.576172	-98.917389
14970.959473	-98.870209
14976.342773	-98.505203
14981.726074	-98.349091
14987.109375	-98.722656
14992.492676	-98.633629
14997.875977	-98.472916
15003.259277	-98.688072
15008.642578	-98.482735
15014.025879	-98.927689
15019.409180	-99.504242
15024.792480	-99.427155
15030.175781	-99.284676
15035.559082	-98.773033
15040.942383	-98.923187
15046.325684	-98.541458
15051.708984	-98.424416
15057.092285	-98.137230
15062.475586	-98.446526
15067.858887	-99.073380
15073.242188	-99.142487
15078.625488	-99.851631
15084.008789	-99.707802
15089.392090	-99.103294
15094.775391	-98.763489
15100.158691	-99.385269
15105.541992	-100.286987
15110.925293	-99.701645
15116.308594	-99.807533
15121.691895	-99.334045
15127.075195	-98.891670
15132.458496	-99.124084
15137.841797	-99.548447
15143.225098	-99.298988
15148.608398	-99.470360
15153.991699	-99.993721
15159.375000	-100.026993
15164.758301	-99.496429
15170.141602	-99.436508
15175.524902	-99.591713
15180.908203	-99.826736
15186.291504	-100.476593
15191.674805	-100.357162
15197.058105	-100.252838
15202.441406	-99.680733
15207.824707	-99.370804
15213.208008	-98.926407
15218.591309	-99.010582
15223.974609	-99.395897
15229.357910	-100.322639
15234.741211	-99.264481
15240.124512	-99.190773
15245.507812	-98.855164
15250.891113	-99.139435
15256.274414	-99.161552
15261.657715	-98.527664
15267.041016	-98.688774
15272.424316	-99.062904
15277.807617	-99.058334
15283.190918	-99.348381
15288.574219	-99.289078
15293.957520	-99.811539
15299.340820	-100.263596
15304.724121	-100.218849
15310.107422	-100.368523
15315.490723	-99.519058
15320.874023	-99.343239
15326.257324	-100.092270
15331.640625	-99.807838
15337.023926	-99.700264
15342.407227	-100.036659
15347.790527	-99.645943
15353.173828	-99.791840
15358.557129	-100.307655
15363.940430	-100.287384
15369.323730	-100.808792
15374.707031	-101.008347
15380.090332	-100.443741
15385.473633	-100.671684
15390.856934	-100.601547
15396.240234	-100.633095
15401.623535	-100.532555
15407.006836	-99.738914
15412.390137	-99.607918
15417.773438	-99.216522
15423.156738	-99.618958
15428.540039	-99.780296
15433.923340	-100.316544
15439.306641	-100.467117
15444.689941	-100.279839
15450.073242	-100.551003
15455.456543	-100.740135
15460.839844	-100.618309
15466.223145	-99.804283
15471.606445	-100.168571
15476.989746	-100.239174
15482.373047	-100.437607
15487.756348	-101.063324
15493.139648	-100.681900
15498.522949	-100.858894
15503.906250	-101.602127
15509.289551	-101.721024
15514.672852	-101.333687
15520.056152	-101.099297
15525.439453	-101.933258
15530.822754	-102.077263
15536.206055	-101.271210
15541.589355	-100.549095
15546.972656	-99.936333
15552.355957	-99.914833
15557.739258	-100.185982
15563.122559	-100.198677
15568.505859	-99.979034
15573.889160	-100.149567
15579.272461	-100.777084
15584.655762	-100.765472
15590.039062	-101.043320
15595.422363	-101.583290
15600.805664	-100.871063
15606.188965	-100.793144
15611.572266	-101.634331
15616.955566	-101.510231
15622.338867	-100.992989
15627.722168	-101.468117
15633.105469	-101.807602
15638.488770	-101.732407
15643.872070	-101.082909
15649.255371	-100.864510
15654.638672	-100.795532
15660.021973	-101.118607
15665.405273	-101.431152
15670.788574	-101.621407
15676.171875	-100.943993
15681.555176	-100.711990
15686.938477	-100.659279
15692.321777	-100.554588
15697.705078	-100.850136
15703.088379	-100.644257
15708.471680	-100.736763
15713.854980	-101.022530
15719.238281	-100.334709
15724.621582	-101.072929
15730.004883	-101.225639
15735.388184	-101.819122
15740.771484	-101.148224
15746.154785	-100.932961
15751.538086	-101.740219
15756.921387	-102.208351
15762.304688	-102.044876
15767.687988	-101.929764
15773.071289	-102.301819
15778.454590	-103.096458
15783.837891	-102.747780
15789.221191	-102.119751
15794.604492	-101.118767
15799.987793	-101.455215
15805.371094	-101.654564
15810.754395	-102.169556
15816.137695	-102.293083
15821.520996	-102.072815
15826.904297	-101.024925
15832.287598	-100.617592
15837.670898	-101.742592
15843.054199	-102.203621
15848.437500	-102.595497
15853.820801	-102.394089
15859.204102	-102.206177
15864.587402	-101.922188
15869.970703	-100.736481
15875.354004	-100.663719
15880.737305	-100.787903
15886.120605	-101.709251
15891.503906	-102.111252
15896.887207	-102.476227
15902.270508	-102.387268
15907.653809	-102.710716
15913.037109	-102.867523
15918.420410	-103.220985
15923.803711	-102.309799
15929.187012	-102.187569
15934.570312	-102.319099
15939.953613	-103.082199
15945.336914	-103.327156
15950.720215	-103.221275
15956.103516	-103.405846
15961.486816	-103.130333
15966.870117	-102.737297
15972.253418	-103.817848
15977.636719	-104.628899
15983.020020	-106.233421
15988.403320	-108.331230
15993.786621	-111.160309
15999.169922	-115.165199
16004.553223	-119.569756
16009.936523	-121.018021
16015.319824	-121.097916
16020.703125	-120.552780
16026.086426	-121.620087
16031.469727	-121.774918
16036.853027	-121.822884
16042.236328	-121.580864
16047.619629	-121.593994
16053.002930	-121.741150
16058.386230	-121.974495
16063.769531	-121.643822
16069.152832	-121.717354
16074.536133	-122.017838
16079.919434	-121.724319
16085.302734	-121.879234
16090.686035	-121.754341
16096.069336	-121.846100
16101.452637	-122.101082
16106.835938	-121.670998
16112.219238	-121.971344
16117.602539	-121.877808
16122.985840	-121.885513
16128.369141	-121.927666
16133.752441	-121.657379
16139.135742	-121.985893
16144.519043	-121.959023
16149.902344	-121.779724
16155.285645	-121.889221
16160.668945	-121.870354
16166.052246	-121.885406
16171.435547	-121.789711
16176.818848	-122.198021
16182.202148	-121.565399
16187.585449	-121.986031
16192.968750	-121.829552
16198.352051	-121.736191
16203.735352	-122.011566
16209.118652	-121.958763
16214.501953	-121.976425
16219.885254	-121.737198
16225.268555	-122.007065
16230.651855	-121.869171
16236.035156	-121.806633
16241.418457	-122.009216
16246.801758	-121.865509
16252.185059	-121.848740
16257.568359	-121.981873
16262.951660	-121.843323
16268.334961	-121.786865
16273.718262	-122.054733
16279.101562	-121.767563
16284.484863	-122.027367
16289.868164	-121.813400
16295.251465	-121.911995
16300.634766	-121.841011
16306.018066	-121.986916
16311.401367	-121.975731
16316.784668	-121.956474
16322.167969	-121.846863
16327.551270	-121.948730
16332.934570	-121.949905
16338.317871	-121.964668
16343.701172	-121.843895
16349.084473	-121.982765
16354.467773	-121.627930
16359.851074	-122.036644
16365.234375	-122.087341
16370.617676	-121.747398
16376.000977	-121.952629
16381.384277	-121.935265
16386.767578	-121.906128
16392.150879	-122.096489
16397.534180	-121.863853
16402.917480	-122.041222
16408.300781	-121.719978
16413.684082	-122.126846
16419.067383	-121.753838
16424.450684	-122.197174
16429.833984	-121.826515
16435.217285	-122.036880
16440.600586	-121.775894
16445.983887	-121.993271
16451.367188	-122.015556
16456.750488	-121.736656
16462.133789	-122.140190
16467.517090	-122.029732
16472.900391	-121.839516
16478.283691	-121.982025
16483.666992	-121.995178
16489.050293	-121.788849
16494.433594	-122.090996
16499.816895	-121.974686
16505.200195	-121.850395
16510.583496	-121.944008
16515.966797	-122.089798
16521.350098	-121.861473
16526.733398	-122.119217
16532.116699	-121.762871
16537.500000	-122.126778
16542.883301	-121.933083
16548.266602	-121.973419
16553.649902	-121.998543
16559.033203	-121.980804
16564.416504	-121.959564
16569.799805	-121.953293
16575.183105	-122.146095
16580.566406	-121.873199
16585.949707	-121.960533
16591.333008	-121.962944
16596.716309	-121.996819
16602.099609	-121.944977
16607.482910	-122.066589
16612.866211	-121.854477
16618.249512	-122.042938
16623.632812	-122.027641
16629.016113	-121.927986
16634.399414	-122.047577
16639.782715	-122.022278
16645.166016	-122.013367
16650.549316	-121.914406
16655.932617	-121.981812
16661.315918	-122.145195
16666.699219	-121.828560
16672.082520	-122.107414
16677.465820	-122.021278
16682.849121	-121.921875
16688.232422	-122.054306
16693.615723	-121.984512
16698.999023	-122.007530
16704.382324	-122.044540
16709.765625	-121.919617
16715.148926	-122.021339
16720.532227	-122.058022
16725.915527	-122.066093
16731.298828	-121.970909
16736.682129	-122.056953
16742.065430	-121.953468
16747.448730	-122.053047
16752.832031	-122.016907
16758.215332	-122.030731
16763.598633	-121.930290
16768.981934	-122.042839
16774.365234	-121.811180
16779.748535	-122.103867
16785.131836	-122.133064
16790.515137	-121.914055
16795.898438	-122.135658
16801.281738	-121.973236
16806.665039	-122.047417
16812.048340	-122.062218
16817.431641	-121.919304
16822.814941	-122.179077
16828.198242	-122.025215
16833.581543	-121.913765
16838.964844	-122.162109
16844.348145	-121.996964
16849.731445	-122.016647
16855.114746	-121.934105
16860.498047	-122.087311
16865.881348	-122.036858
16871.264648	-121.926598
16876.647949	-122.046532
16882.031250	-121.936111
16887.414551	-122.158875
16892.797852	-122.058907
16898.181152	-122.150124
16903.564453	-122.019882
16908.947754	-122.146912
16914.331055	-122.126190
16919.714355	-121.933990
16925.097656	-122.166290
16930.480957	-122.201645
16935.864258	-121.928055
16941.247559	-122.155685
16946.630859	-121.975494
16952.014160	-122.094063
16957.397461	-122.025734
16962.780762	-122.083458
16968.164062	-122.019218
16973.547363	-122.065361
16978.930664	-122.151253
16984.313965	-121.984673
16989.697266	-121.957588
16995.080566	-122.129883
17000.463867	-122.015068
17005.847168	-121.966682
17011.230469	-122.308105
17016.613770	-121.857498
17021.997070	-122.241081
17027.380371	-121.988823
17032.763672	-122.061485
17038.146973	-122.028046
17043.530273	-122.042160
17048.913574	-122.213135
17054.296875	-121.954903
17059.680176	-122.035278
17065.063477	-122.118088
17070.446777	-122.081131
17075.830078	-122.158783
17081.213379	-122.011307
17086.596680	-122.220444
17091.979980	-122.125534
17097.363281	-122.093971
17102.746582	-122.094421
17108.129883	-122.103653
17113.513184	-121.996841
17118.896484	-122.241631
17124.279785	-122.107414
17129.663086	-122.178200
17135.046387	-121.983284
17140.429688	-122.172821
17145.812988	-122.064308
17151.196289	-122.041206
17156.579590	-122.469833
17161.962891	-121.674301
17167.346191	-122.443871
17172.729492	-122.084663
17178.112793	-121.913399
17183.496094	-122.211990
17188.879395	-122.187881
17194.262695	-122.087418
17199.645996	-122.198135
17205.029297	-122.083893
17210.412598	-122.073036
17215.795898	-122.155960
17221.179199	-122.200150
17226.562500	-121.910919
17231.945801	-122.198486
17237.329102	-122.115746
17242.712402	-122.208511
17248.095703	-121.992599
17253.479004	-122.304947
17258.862305	-121.960884
17264.245605	-122.077553
17269.628906	-122.167870
17275.012207	-121.895958
17280.395508	-122.235725
17285.778809	-122.185616
17291.162109	-122.204391
17296.545410	-121.977913
17301.928711	-122.119690
17307.312012	-122.141891
17312.695312	-122.201935
17318.078613	-122.072495
17323.461914	-122.049667
17328.845215	-122.422966
17334.228516	-121.965408
17339.611816	-122.219215
17344.995117	-121.991776
17350.378418	-122.135368
17355.761719	-122.092033
17361.145020	-122.302353
17366.528320	-121.936348
17371.911621	-122.230446
17377.294922	-122.100822
17382.678223	-122.228859
17388.061523	-122.055183
17393.444824	-122.237923
17398.828125	-121.942848
17404.211426	-122.378937
17409.594727	-122.138832
17414.978027	-122.192322
17420.361328	-122.104980
17425.744629	-122.233322
17431.127930	-122.058151
17436.511230	-122.358643
17441.894531	-122.082962
17447.277832	-121.973824
17452.661133	-122.276810
17458.044434	-122.104271
17463.427734	-122.154877
17468.811035	-122.214569
17474.194336	-122.092003
17479.577637	-122.244003
17484.960938	-122.040817
17490.344238	-122.232422
17495.727539	-122.266602
17501.110840	-122.036804
17506.494141	-122.045853
17511.877441	-122.431770
17517.260742	-122.104050
17522.644043	-122.097672
17528.027344	-122.107964
17533.410645	-122.372772
17538.793945	-122.180908
17544.177246	-122.122597
17549.560547	-122.054161
17554.943848	-122.317924
17560.327148	-122.136230
17565.710449	-122.139282
17571.093750	-122.408180
17576.477051	-122.142845
17581.860352	-122.196388
17587.243652	-122.037453
17592.626953	-122.390984
17598.010254	-122.188889
17603.393555	-121.925850
17608.776855	-122.308556
17614.160156	-122.255936
17619.543457	-121.977051
17624.926758	-122.250267
17630.310059	-122.232193
17635.693359	-122.248405
17641.076660	-121.995369
17646.459961	-122.408646
17651.843262	-122.140793
17657.226562	-122.099930
17662.609863	-122.433372
17667.993164	-122.109619
17673.376465	-122.259247
17678.759766	-121.977707
17684.143066	-122.368835
17689.526367	-122.106194
17694.909668	-122.288025
17700.292969	-122.155769
17705.676270	-122.188271
17711.059570	-122.277908
17716.442871	-122.266647
17721.826172	-122.052826
17727.209473	-122.214172
17732.592773	-122.162048
17737.976074	-122.196495
17743.359375	-122.346024
17748.742676	-122.089523
17754.125977	-122.144119
17759.509277	-122.332138
17764.892578	-122.251404
17770.275879	-122.225876
17775.659180	-122.103043
17781.042480	-122.338234
17786.425781	-122.117172
17791.809082	-122.199333
17797.192383	-122.261803
17802.575684	-122.145302
17807.958984	-122.377022
17813.342285	-122.178551
17818.725586	-122.228218
17824.108887	-122.250839
17829.492188	-122.339462
17834.875488	-122.219757
17840.258789	-122.330811
17845.642090	-122.206375
17851.025391	-122.230103
17856.408691	-122.190033
17861.791992	-122.419769
17867.175293	-122.002213
17872.558594	-122.334892
17877.941895	-122.288254
17883.325195	-122.122505
17888.708496	-122.148163
17894.091797	-122.306999
17899.475098	-122.244278
17904.858398	-122.242508
17910.241699	-122.272293
17915.625000	-122.221466
17921.008301	-122.232567
17926.391602	-122.284897
17931.774902	-122.283234
17937.158203	-122.171005
17942.541504	-122.226158
17947.924805	-122.410324
17953.308105	-122.253014
17958.691406	-122.073746
17964.074707	-122.278580
17969.458008	-122.359680
17974.841309	-122.072090
17980.224609	-122.229332
17985.607910	-122.318214
17990.991211	-122.164772
17996.374512	-122.424744
18001.757812	-122.226685
18007.141113	-122.214684
18012.524414	-122.362503
18017.907715	-122.267212
18023.291016	-122.206841
18028.674316	-122.259178
18034.057617	-122.351707
18039.440918	-122.155228
18044.824219	-122.303360
18050.207520	-122.193169
18055.590820	-122.364464
18060.974121	-121.999893
18066.357422	-122.546745
18071.740723	-122.203323
18077.124023	-122.305138
18082.507324	-122.234222
18087.890625	-122.230698
18093.273926	-122.265999
18098.657227	-122.265999
18104.040527	-122.397438
18109.423828	-122.212242
18114.807129	-122.121170
18120.190430	-122.336143
18125.573730	-122.382034
18130.957031	-122.179092
18136.340332	-122.355919
18141.723633	-122.302444
18147.106934	-122.291435
18152.490234	-122.161072
18157.873535	-122.407005
18163.256836	-122.322212
18168.640137	-122.296707
18174.023438	-122.339531
18179.406738	-122.148300
18184.790039	-122.469803
18190.173340	-122.009918
18195.556641	-122.532150
18200.939941	-122.208908
18206.323242	-122.325859
18211.706543	-122.328484
18217.089844	-122.216377
18222.473145	-122.425629
18227.856445	-122.183075
18233.239746	-122.372154
18238.623047	-122.110878
18244.006348	-122.322548
18249.389648	-122.240417
18254.772949	-122.263687
18260.156250	-122.392914
18265.539551	-122.361992
18270.922852	-122.100540
18276.306152	-122.480652
18281.689453	-122.036880
18287.072754	-122.359772
18292.456055	-122.263161
18297.839355	-122.328499
18303.222656	-122.249489
18308.605957	-122.415665
18313.989258	-122.171097
18319.372559	-122.582863
18324.755859	-122.022224
18330.139160	-122.474457
18335.522461	-122.195274
18340.905762	-122.476288
18346.289062	-122.026428
18351.672363	-122.536278
18357.055664	-122.358162
18362.438965	-122.207520
18367.822266	-122.275894
18373.205566	-122.379829
18378.588867	-122.398109
18383.972168	-122.126892
18389.355469	-122.401825
18394.738770	-122.294289
18400.122070	-122.331345
18405.505371	-122.339226
18410.888672	-122.275253
18416.271973	-122.320068
18421.655273	-122.249199
18427.038574	-122.362587
18432.421875	-122.345848
18437.805176	-122.292831
18443.188477	-122.274391
18448.571777	-122.488541
18453.955078	-122.310349
18459.338379	-122.051048
18464.721680	-122.517021
18470.104980	-122.223335
18475.488281	-122.559669
18480.871582	-122.205040
18486.254883	-122.322113
18491.638184	-122.343445
18497.021484	-122.136429
18502.404785	-122.405647
18507.788086	-122.282166
18513.171387	-122.438889
18518.554688	-122.297577
18523.937988	-122.222725
18529.321289	-122.591217
18534.704590	-122.352646
18540.087891	-122.426384
18545.471191	-122.369392
18550.854492	-122.379410
18556.237793	-122.344635
18561.621094	-122.447510
18567.004395	-122.441399
18572.387695	-122.237755
18577.770996	-122.319382
18583.154297	-122.351051
18588.537598	-122.411926
18593.920898	-122.267494
18599.304199	-122.286476
18604.687500	-122.420395
18610.070801	-122.272858
18615.454102	-122.536247
18620.837402	-122.194473
18626.220703	-122.410583
18631.604004	-122.399193
18636.987305	-122.397797
18642.370605	-122.227295
18647.753906	-122.489334
18653.137207	-122.307350
18658.520508	-122.423210
18663.903809	-122.326042
18669.287109	-122.319275
18674.670410	-122.346039
18680.053711	-122.437416
18685.437012	-122.300621
18690.820312	-122.496368
18696.203613	-122.436935
18701.586914	-122.162361
18706.970215	-122.516617
18712.353516	-122.274887
18717.736816	-122.312096
18723.120117	-122.535645
18728.503418	-122.315552
18733.886719	-122.262024
18739.270020	-122.584007
18744.653320	-122.409454
18750.036621	-122.404205
18755.419922	-122.395493
18760.803223	-122.211617
18766.186523	-122.639923
18771.569824	-122.126076
18776.953125	-122.493629
18782.336426	-122.454353
18787.719727	-122.387016
18793.103027	-122.317879
18798.486328	-122.373047
18803.869629	-122.406136
18809.252930	-122.372955
18814.636230	-122.468178
18820.019531	-122.390419
18825.402832	-122.383308
18830.786133	-122.386902
18836.169434	-122.429749
18841.552734	-122.403206
18846.936035	-122.414154
18852.319336	-122.421387
18857.702637	-122.407593
18863.085938	-122.385521
18868.469238	-122.355988
18873.852539	-122.224579
18879.235840	-122.532379
18884.619141	-122.220314
18890.002441	-122.380371
18895.385742	-122.666992
18900.769043	-122.255234
18906.152344	-122.371399
18911.535645	-122.274147
18916.918945	-122.479683
18922.302246	-122.347107
18927.685547	-122.496552
18933.068848	-122.100533
18938.452148	-122.478340
18943.835449	-122.582901
18949.218750	-122.331268
18954.602051	-122.275314
18959.985352	-122.629478
18965.368652	-122.266518
18970.751953	-122.380035
18976.135254	-122.507896
18981.518555	-122.342613
18986.901855	-122.411110
18992.285156	-122.346817
18997.668457	-122.427933
19003.051758	-122.467941
19008.435059	-122.248421
19013.818359	-122.635490
19019.201660	-122.435760
19024.584961	-122.291473
19029.968262	-122.423843
19035.351562	-122.396477
19040.734863	-122.337616
19046.118164	-122.461990
19051.501465	-122.428612
19056.884766	-122.459175
19062.268066	-122.466812
19067.651367	-122.242088
19073.034668	-122.284775
19078.417969	-122.439217
19083.801270	-122.436470
19089.184570	-122.295967
19094.567871	-122.591049
19099.951172	-122.238350
19105.334473	-122.655807
19110.717773	-122.290298
19116.101074	-122.349510
19121.484375	-122.436806
19126.867676	-122.519997
19132.250977	-122.319229
19137.634277	-122.469208
19143.017578	-122.499458
19148.400879	-122.141197
19153.784180	-122.589859
19159.167480	-122.651527
19164.550781	-122.178185
19169.934082	-122.519180
19175.317383	-122.489685
19180.700684	-122.384209
19186.083984	-122.428062
19191.467285	-122.425156
19196.850586	-122.493469
19202.233887	-122.430260
19207.617188	-122.313438
19213.000488	-122.560295
19218.383789	-122.296623
19223.767090	-122.312340
19229.150391	-122.628777
19234.533691	-122.349030
19239.916992	-122.391212
19245.300293	-122.601540
19250.683594	-122.238235
19256.066895	-122.480423
19261.450195	-122.507980
19266.833496	-122.360313
19272.216797	-122.558258
19277.600098	-122.383179
19282.983398	-122.367905
19288.366699	-122.466415
19293.750000	-122.525108
19299.133301	-122.458015
19304.516602	-122.396606
19309.899902	-122.347855
19315.283203	-122.510735
19320.666504	-122.522507
19326.049805	-122.336258
19331.433105	-122.438461
19336.816406	-122.615829
19342.199707	-122.431297
19347.583008	-122.341949
19352.966309	-122.356827
19358.349609	-122.458443
19363.732910	-122.302094
19369.116211	-122.604271
19374.499512	-122.574242
19379.882812	-122.308723
19385.266113	-122.418114
19390.649414	-122.547462
19396.032715	-122.324814
19401.416016	-122.510666
19406.799316	-122.544624
19412.182617	-122.350433
19417.565918	-122.522133
19422.949219	-122.368729
19428.332520	-122.476364
19433.715820	-122.584480
19439.099121	-122.433342
19444.482422	-122.468231
19449.865723	-122.461349
19455.249023	-122.440521
19460.632324	-122.642418
19466.015625	-122.450256
19471.398926	-122.455086
19476.782227	-122.633560
19482.165527	-122.191948
19487.548828	-122.646194
19492.932129	-122.330711
19498.315430	-122.406448
19503.698730	-122.444016
19509.082031	-122.475899
19514.465332	-122.533272
19519.848633	-122.484352
19525.231934	-122.373741
19530.615234	-122.407921
19535.998535	-122.422859
19541.381836	-122.497269
19546.765137	-122.482750
19552.148438	-122.462105
19557.531738	-122.453926
19562.915039	-122.348724
19568.298340	-122.445267
19573.681641	-122.465126
19579.064941	-122.617928
19584.448242	-122.454636
19589.831543	-122.397331
19595.214844	-122.665276
19600.598145	-122.303513
19605.981445	-122.528610
19611.364746	-122.625000
19616.748047	-122.436005
19622.131348	-122.473145
19627.514648	-122.635658
19632.897949	-122.295021
19638.281250	-122.619766
19643.664551	-122.500633
19649.047852	-122.379051
19654.431152	-122.589684
19659.814453	-122.503319
19665.197754	-122.458076
19670.581055	-122.311554
19675.964355	-122.563255
19681.347656	-122.421570
19686.730957	-122.496819
19692.114258	-122.518105
19697.497559	-122.450325
19702.880859	-122.604408
19708.264160	-122.327751
19713.647461	-122.558365
19719.030762	-122.445831
19724.414062	-122.844559
19729.797363	-122.224281
19735.180664	-122.572502
19740.563965	-122.382858
19745.947266	-122.704315
19751.330566	-122.346336
19756.713867	-122.521767
19762.097168	-122.588188
19767.480469	-122.437309
19772.863770	-122.330460
19778.247070	-122.792351
19783.630371	-122.316925
19789.013672	-122.443016
19794.396973	-122.492958
19799.780273	-122.435081
19805.163574	-122.724670
19810.546875	-122.264702
19815.930176	-122.591324
19821.313477	-122.617531
19826.696777	-122.235130
19832.080078	-122.590179
19837.463379	-122.494553
19842.846680	-122.411980
19848.229980	-122.523689
19853.613281	-122.454391
19858.996582	-122.483040
19864.379883	-122.609970
19869.763184	-122.515709
19875.146484	-122.373024
19880.529785	-122.580620
19885.913086	-122.312592
19891.296387	-122.543434
19896.679688	-122.615860
19902.062988	-122.262985
19907.446289	-122.439026
19912.829590	-122.374580
19918.212891	-122.667976
19923.596191	-122.340477
19928.979492	-122.729637
19934.362793	-122.455109
19939.746094	-122.625336
19945.129395	-122.413040
19950.512695	-122.663582
19955.895996	-122.402405
19961.279297	-122.681709
19966.662598	-122.430420
19972.045898	-122.496658
19977.429199	-122.646133
19982.812500	-122.430809
19988.195801	-122.527763
19993.579102	-122.379639
19998.962402	-122.792709
20004.345703	-122.250458
20009.729004	-122.634392
20015.112305	-122.427681
20020.495605	-122.406662
20025.878906	-122.742340
20031.262207	-122.435898
20036.645508	-122.488640
20042.028809	-122.605896
20047.412109	-122.407326
20052.795410	-122.657349
20058.178711	-122.425545
20063.562012	-122.536674
20068.945312	-122.620705
20074.328613	-122.360023
20079.711914	-122.754951
20085.095215	-122.329964
20090.478516	-122.641609
20095.861816	-122.505737
20101.245117	-122.494720
20106.628418	-122.681213
20112.011719	-122.333115
20117.395020	-122.528450
20122.778320	-122.569618
20128.161621	-122.357574
20133.544922	-122.616562
20138.928223	-122.460335
20144.311523	-122.618340
20149.694824	-122.463066
20155.078125	-122.482658
20160.461426	-122.407005
20165.844727	-122.618408
20171.228027	-122.511711
20176.611328	-122.604477
20181.994629	-122.322922
20187.377930	-122.580658
20192.761230	-122.466606
20198.144531	-122.780380
20203.527832	-122.248573
20208.911133	-122.590050
20214.294434	-122.505409
20219.677734	-122.624153
20225.061035	-122.428581
20230.444336	-122.419052
20235.827637	-122.777435
20241.210938	-122.555489
20246.594238	-122.376823
20251.977539	-122.659203
20257.360840	-122.418678
20262.744141	-122.602890
20268.127441	-122.640419
20273.510742	-122.471657
20278.894043	-122.592201
20284.277344	-122.562103
20289.660645	-122.445145
20295.043945	-122.526115
20300.427246	-122.709290
20305.810547	-122.333389
20311.193848	-122.666054
20316.577148	-122.518379
20321.960449	-122.612297
20327.343750	-122.444359
20332.727051	-122.532120
20338.110352	-122.610390
20343.493652	-122.630127
20348.876953	-122.458473
20354.260254	-122.659866
20359.643555	-122.483231
20365.026855	-122.356789
20370.410156	-122.733566
20375.793457	-122.562889
20381.176758	-122.396553
20386.560059	-122.550545
20391.943359	-122.589836
20397.326660	-122.497292
20402.709961	-122.757820
20408.093262	-122.378433
20413.476562	-122.597389
20418.859863	-122.641632
20424.243164	-122.531212
20429.626465	-122.650620
20435.009766	-122.499153
20440.393066	-122.508591
20445.776367	-122.535408
20451.159668	-122.633965
20456.542969	-122.342705
20461.926270	-122.741035
20467.309570	-122.698128
20472.692871	-122.357330
20478.076172	-122.607208
20483.459473	-122.607101
20488.842773	-122.525261
20494.226074	-122.434151
20499.609375	-122.548241
20504.992676	-122.540443
20510.375977	-122.489075
20515.759277	-122.614845
20521.142578	-122.536781
20526.525879	-122.559311
20531.909180	-122.529190
20537.292480	-122.518410
20542.675781	-122.504402
20548.059082	-122.538734
20553.442383	-122.695847
20558.825684	-122.414696
20564.208984	-122.698914
20569.592285	-122.599144
20574.975586	-122.488853
20580.358887	-122.519035
20585.742188	-122.684570
20591.125488	-122.542358
20596.508789	-122.555939
20601.892090	-122.528328
20607.275391	-122.551727
20612.658691	-122.585281
20618.041992	-122.562859
20623.425293	-122.478287
20628.808594	-122.633934
20634.191895	-122.435364
20639.575195	-122.620605
20644.958496	-122.673248
20650.341797	-122.439102
20655.725098	-122.736397
20661.108398	-122.651817
20666.491699	-122.409348
20671.875000	-122.558640
20677.258301	-122.633362
20682.641602	-122.552071
20688.024902	-122.588242
20693.408203	-122.386147
20698.791504	-122.876266
20704.174805	-122.428635
20709.558105	-122.551285
20714.941406	-122.663643
20720.324707	-122.497673
20725.708008	-122.719147
20731.091309	-122.547028
20736.474609	-122.766602
20741.857910	-122.499382
20747.241211	-122.691452
20752.624512	-122.571228
20758.007812	-122.691086
20763.391113	-122.682487
20768.774414	-122.531784
20774.157715	-122.548012
20779.541016	-122.697433
20784.924316	-122.597473
20790.307617	-122.660530
20795.690918	-122.795547
20801.074219	-122.549652
20806.457520	-122.543892
20811.840820	-122.821053
20817.224121	-122.472908
20822.607422	-122.807678
20827.990723	-122.652466
20833.374023	-122.472710
20838.757324	-122.796356
20844.140625	-122.621643
20849.523926	-122.638184
20854.907227	-122.748169
20860.290527	-122.807503
20865.673828	-122.553993
20871.057129	-122.733963
20876.440430	-122.709747
20881.823730	-122.624466
20887.207031	-122.743683
20892.590332	-122.661751
20897.973633	-122.731438
20903.356934	-122.741081
20908.740234	-122.593643
20914.123535	-122.854912
20919.506836	-122.707748
20924.890137	-122.855087
20930.273438	-122.698654
20935.656738	-122.671295
20941.040039	-122.771927
20946.423340	-122.880844
20951.806641	-122.633568
20957.189941	-122.809326
20962.573242	-122.831268
20967.956543	-122.820366
20973.339844	-122.637939
20978.723145	-122.748459
20984.106445	-122.891678
20989.489746	-122.772484
20994.873047	-122.778442
21000.256348	-122.740906
21005.639648	-122.865555
21011.022949	-122.847626
21016.406250	-122.829788
21021.789551	-122.701630
21027.172852	-122.899361
21032.556152	-122.872887
21037.939453	-122.785172
21043.322754	-122.834511
21048.706055	-122.915825
21054.089355	-122.737694
21059.472656	-122.981544
21064.855957	-122.747650
21070.239258	-122.914543
21075.622559	-122.890663
21081.005859	-122.843292
21086.389160	-122.920166
21091.772461	-122.909966
21097.155762	-122.846321
21102.539062	-122.925819
21107.922363	-122.872910
21113.305664	-122.893990
21118.688965	-122.879898
21124.072266	-122.905884
21129.455566	-122.948669
21134.838867	-122.904694
21140.222168	-122.904427
21145.605469	-122.917450
21150.988770	-122.911552
21156.372070	-122.866669
21161.755371	-122.984230
21167.138672	-122.911324
21172.521973	-122.947220
21177.905273	-122.929962
21183.288574	-122.900528
21188.671875	-122.968918
21194.055176	-122.878654
21199.438477	-122.986671
21204.821777	-122.918167
21210.205078	-122.944534
21215.588379	-122.935783
21220.971680	-122.961494
21226.354980	-122.911232
21231.738281	-122.974274
21237.121582	-122.933586
21242.504883	-122.963074
21247.888184	-122.982185
21253.271484	-122.912552
21258.654785	-122.987076
21264.038086	-122.929031
21269.421387	-122.989952
21274.804688	-122.943802
21280.187988	-122.964561
21285.571289	-122.945000
21290.954590	-122.974426
21296.337891	-122.948547
21301.721191	-122.974663
21307.104492	-122.965775
21312.487793	-122.973701
21317.871094	-122.944817
21323.254395	-122.980125
21328.637695	-122.971802
21334.020996	-122.965630
21339.404297	-122.952843
21344.787598	-122.992249
21350.170898	-122.958725
21355.554199	-122.971619
21360.937500	-122.979897
21366.320801	-122.966095
21371.704102	-122.978706
21377.087402	-122.981819
21382.470703	-122.960953
21387.854004	-122.976997
21393.237305	-122.981384
21398.620605	-122.966652
21404.003906	-122.986496
21409.387207	-122.969040
21414.770508	-122.982994
21420.153809	-122.964333
21425.537109	-122.981491
21430.920410	-122.983917
21436.303711	-122.970924
21441.687012	-122.978737
21447.070312	-122.981209
21452.453613	-122.977646
21457.836914	-122.975632
21463.220215	-122.981598
21468.603516	-122.978767
21473.986816	-122.976852
21479.370117	-122.980713
21484.753418	-122.980179
21490.136719	-122.976669
21495.520020	-122.977417
21500.903320	-122.985931
21506.286621	-122.975166
21511.669922	-122.982224
21517.053223	-122.981575
21522.436523	-122.977074
21527.819824	-122.984299
21533.203125	-122.978432
21538.586426	-122.981125
21543.969727	-122.981819
21549.353027	-122.979805
21554.736328	-122.982079
21560.119629	-122.982132
21565.502930	-122.979477
21570.886230	-122.981789
21576.269531	-122.983063
21581.652832	-122.981750
21587.036133	-122.982254
21592.419434	-122.981361
21597.802734	-122.983376
21603.186035	-122.981071
21608.569336	-122.983017
21613.952637	-122.981697
21619.335938	-122.983025
21624.719238	-122.982552
21630.102539	-122.982750
21635.485840	-122.983002
21640.869141	-122.983223
21646.252441	-122.982536
21651.635742	-122.983269
21657.019043	-122.983238
21662.402344	-122.983162
21667.785645	-122.983788
21673.168945	-122.983620
21678.552246	-122.983253
21683.935547	-122.983971
21689.318848	-122.983688
21694.702148	-122.984062
21700.085449	-122.984268
21705.468750	-122.983940
21710.852051	-122.983971
21716.235352	-122.984245
21721.618652	-122.984528
21727.001953	-122.984261
21732.385254	-122.984566
21737.768555	-122.984444
21743.151855	-122.984680
21748.535156	-122.984589
21753.918457	-122.984711
21759.301758	-122.984604
21764.685059	-122.984695
21770.068359	-122.984924
21775.451660	-122.985207
21780.834961	-122.984894
21786.218262	-122.985146
21791.601562	-122.985306
21796.984863	-122.984985
21802.368164	-122.984978
21807.751465	-122.985443
21813.134766	-122.985558
21818.518066	-122.985649
21823.901367	-122.985527
21829.284668	-122.985703
21834.667969	-122.985580
21840.051270	-122.985703
21845.434570	-122.985596
21850.817871	-122.986038
21856.201172	-122.985886
21861.584473	-122.985939
21866.967773	-122.986107
21872.351074	-122.985970
21877.734375	-122.986183
21883.117676	-122.986023
21888.500977	-122.986076
21893.884277	-122.986305
21899.267578	-122.985947
21904.650879	-122.986389
21910.034180	-122.986351
21915.417480	-122.986343
21920.800781	-122.986259
21926.184082	-122.986259
21931.567383	-122.986328
21936.950684	-122.986176
21942.333984	-122.986465
21947.717285	-122.986580
21953.100586	-122.986473
21958.483887	-122.986481
21963.867188	-122.986717
21969.250488	-122.986511
21974.633789	-122.986671
21980.017090	-122.986664
21985.400391	-122.986427
21990.783691	-122.986038
21996.166992	-122.986534
22001.550293	-122.986671
22006.933594	-122.986557
22012.316895	-122.986717
22017.700195	-122.986595
22023.083496	-122.986694
22028.466797	-122.986771
22033.850098	-122.986603
22039.233398	-122.986679
22044.616699	-122.986732
