Frequency (Hz)	Level (dB)
5.383301	-73.521851
10.766602	-73.306984
16.149902	-63.759064
21.533203	-51.148598
26.916504	-53.079189
32.299805	-57.489799
37.683105	-53.708546
43.066406	-50.134583
48.449707	-48.279018
53.833008	-47.175957
59.216309	-46.701359
64.599609	-46.718746
69.982910	-46.929443
75.366211	-47.183376
80.749512	-47.880051
86.132812	-48.819691
91.516113	-49.536564
96.899414	-47.699646
102.282715	-47.661781
107.666016	-47.281418
113.049316	-47.681881
118.432617	-48.664673
123.815918	-50.291050
129.199219	-51.471569
134.582520	-52.010525
139.965820	-52.064877
145.349121	-52.198330
150.732422	-51.468616
156.115723	-52.986935
161.499023	-53.072483
166.882324	-53.081161
172.265625	-54.293591
177.648926	-55.163425
183.032227	-54.008396
188.415527	-52.670448
193.798828	-54.663074
199.182129	-55.486843
204.565430	-56.289890
209.948730	-56.399578
215.332031	-55.373924
220.715332	-55.643871
226.098633	-54.597080
231.481934	-53.228001
236.865234	-52.307915
242.248535	-51.386505
247.631836	-50.762619
253.015137	-49.878750
258.398438	-50.218979
263.781738	-50.931190
269.165039	-51.632862
274.548340	-52.448521
279.931641	-51.593288
285.314941	-51.748909
290.698242	-51.296528
296.081543	-50.512951
301.464844	-51.404129
306.848145	-52.521431
312.231445	-53.346581
317.614746	-54.645237
322.998047	-54.894753
328.381348	-54.202984
333.764648	-53.240353
339.147949	-52.213432
344.531250	-51.600765
349.914551	-51.796356
355.297852	-52.481873
360.681152	-53.339527
366.064453	-54.045689
371.447754	-54.409348
376.831055	-55.010925
382.214355	-55.643143
387.597656	-56.526768
392.980957	-57.514168
398.364258	-58.219372
403.747559	-58.403084
409.130859	-56.571434
414.514160	-55.950634
419.897461	-56.190254
425.280762	-56.606010
430.664062	-57.259422
436.047363	-57.833008
441.430664	-57.727139
446.813965	-57.626469
452.197266	-57.999931
457.580566	-58.105179
462.963867	-57.477268
468.347168	-57.929420
473.730469	-58.651539
479.113770	-59.551132
484.497070	-59.819389
489.880371	-60.733994
495.263672	-59.551754
500.646973	-57.854504
506.030273	-56.963669
511.413574	-56.461784
516.796875	-55.675209
522.180176	-54.992432
527.563477	-54.951881
532.946777	-55.214928
538.330078	-54.870628
543.713379	-54.899178
549.096680	-55.578075
554.479980	-57.665188
559.863281	-59.284966
565.246582	-60.077374
570.629883	-60.084259
576.013184	-58.802895
581.396484	-57.138924
586.779785	-56.649719
592.163086	-56.339226
597.546387	-56.730804
602.929688	-57.514591
608.312988	-56.979553
613.696289	-56.420372
619.079590	-56.625900
624.462891	-56.088818
629.846191	-55.553307
635.229492	-55.792618
640.612793	-56.768524
645.996094	-57.980728
651.379395	-59.615589
656.762695	-60.785183
662.145996	-60.326809
667.529297	-59.331375
672.912598	-58.678539
678.295898	-58.777702
683.679199	-58.953014
689.062500	-59.584641
694.445801	-60.367218
699.829102	-60.777920
705.212402	-61.034920
710.595703	-61.512333
715.979004	-61.602028
721.362305	-61.584217
726.745605	-61.858860
732.128906	-61.697834
737.512207	-61.769573
742.895508	-62.121624
748.278809	-62.863438
753.662109	-64.001480
759.045410	-64.249954
764.428711	-64.579552
769.812012	-64.213768
775.195312	-63.868309
780.578613	-62.727314
785.961914	-62.765972
791.345215	-60.763332
796.728516	-59.203987
802.111816	-58.373989
807.495117	-57.020561
812.878418	-56.672634
818.261719	-56.718758
823.645020	-56.856426
829.028320	-57.051300
834.411621	-56.931728
839.794922	-57.453056
845.178223	-58.228062
850.561523	-59.506199
855.944824	-61.233265
861.328125	-63.009281
866.711426	-64.924187
872.094727	-66.241852
877.478027	-65.204170
882.861328	-63.949009
888.244629	-63.371399
893.627930	-63.897854
899.011230	-64.611877
904.394531	-64.427505
909.777832	-64.033554
915.161133	-63.568310
920.544434	-63.234455
925.927734	-62.856197
931.311035	-63.001228
936.694336	-63.352428
942.077637	-62.480171
947.460938	-61.851780
952.844238	-61.504669
958.227539	-61.186092
963.610840	-60.924992
968.994141	-60.314720
974.377441	-59.680416
979.760742	-59.801430
985.144043	-59.543102
990.527344	-59.668789
995.910645	-60.421413
1001.293945	-60.496754
1006.677246	-61.405907
1012.060547	-62.096226
1017.443848	-62.524921
1022.827148	-62.354858
1028.210449	-62.648277
1033.593750	-63.541649
1038.977051	-63.750351
1044.360352	-63.704647
1049.743652	-63.850834
1055.126953	-63.960899
1060.510254	-64.185905
1065.893555	-65.307297
1071.276855	-66.092789
1076.660156	-65.677971
1082.043457	-64.445564
1087.426758	-63.141655
1092.810059	-62.224888
1098.193359	-61.492165
1103.576660	-60.776558
1108.959961	-60.909920
1114.343262	-61.417316
1119.726562	-62.271324
1125.109863	-63.052032
1130.493164	-63.572742
1135.876465	-63.809868
1141.259766	-63.862854
1146.643066	-63.964935
1152.026367	-64.029243
1157.409668	-64.193756
1162.792969	-64.549759
1168.176270	-65.353798
1173.559570	-65.408699
1178.942871	-65.777695
1184.326172	-65.050156
1189.709473	-64.955048
1195.092773	-65.610352
1200.476074	-65.982605
1205.859375	-67.515900
1211.242676	-68.489571
1216.625977	-69.020027
1222.009277	-69.356049
1227.392578	-68.461304
1232.775879	-68.588463
1238.159180	-69.463135
1243.542480	-70.176025
1248.925781	-71.111603
1254.309082	-70.750511
1259.692383	-69.983147
1265.075684	-69.134827
1270.458984	-68.077759
1275.842285	-67.265320
1281.225586	-66.602592
1286.608887	-65.899887
1291.992188	-65.321350
1297.375488	-64.855598
1302.758789	-64.697861
1308.142090	-64.836815
1313.525391	-64.122208
1318.908691	-63.873489
1324.291992	-63.654736
1329.675293	-62.812183
1335.058594	-62.979282
1340.441895	-63.679649
1345.825195	-64.132370
1351.208496	-64.332413
1356.591797	-64.389099
1361.975098	-64.943176
1367.358398	-65.185616
1372.741699	-65.325363
1378.125000	-65.637619
1383.508301	-65.105217
1388.891602	-66.022995
1394.274902	-67.309937
1399.658203	-67.480415
1405.041504	-67.712219
1410.424805	-67.343628
1415.808105	-66.947220
1421.191406	-66.208199
1426.574707	-65.931076
1431.958008	-65.708023
1437.341309	-66.254761
1442.724609	-66.971130
1448.107910	-68.041336
1453.491211	-67.970558
1458.874512	-67.104172
1464.257812	-65.791809
1469.641113	-66.021133
1475.024414	-66.457092
1480.407715	-66.637550
1485.791016	-66.749420
1491.174316	-66.856522
1496.557617	-67.101746
1501.940918	-66.892860
1507.324219	-65.867508
1512.707520	-65.351021
1518.090820	-64.691628
1523.474121	-64.587616
1528.857422	-61.679554
1534.240723	-58.924656
1539.624023	-64.104874
1545.007324	-66.497231
1550.390625	-66.709145
1555.773926	-66.325623
1561.157227	-66.014702
1566.540527	-66.117264
1571.923828	-67.375313
1577.307129	-67.794151
1582.690430	-67.615952
1588.073730	-67.739899
1593.457031	-67.775673
1598.840332	-67.747322
1604.223633	-68.551582
1609.606934	-69.541946
1614.990234	-70.700546
1620.373535	-71.698463
1625.756836	-71.997894
1631.140137	-71.397530
1636.523438	-71.948067
1641.906738	-71.551514
1647.290039	-71.377457
1652.673340	-72.161743
1658.056641	-71.930099
1663.439941	-71.818787
1668.823242	-71.701561
1674.206543	-71.894005
1679.589844	-72.188110
1684.973145	-71.557442
1690.356445	-71.177071
1695.739746	-70.991585
1701.123047	-71.629425
1706.506348	-71.013992
1711.889648	-69.903145
1717.272949	-69.432518
1722.656250	-69.767426
1728.039551	-70.538177
1733.422852	-70.891083
1738.806152	-71.299179
1744.189453	-71.939674
1749.572754	-71.765961
1754.956055	-72.703720
1760.339355	-73.638756
1765.722656	-74.183792
1771.105957	-73.370178
1776.489258	-73.258072
1781.872559	-73.667664
1787.255859	-73.508690
1792.639160	-73.163353
1798.022461	-73.012718
1803.405762	-72.358803
1808.789062	-72.586372
1814.172363	-72.067802
1819.555664	-72.310120
1824.938965	-72.560570
1830.322266	-72.091148
1835.705566	-71.266434
1841.088867	-71.138344
1846.472168	-70.574493
1851.855469	-70.820656
1857.238770	-70.579720
1862.622070	-70.850471
1868.005371	-70.123558
1873.388672	-69.605637
1878.771973	-69.540718
1884.155273	-69.728584
1889.538574	-69.830345
1894.921875	-69.220757
1900.305176	-68.988670
1905.688477	-68.528954
1911.071777	-69.086288
1916.455078	-69.207390
1921.838379	-69.234810
1927.221680	-69.482361
1932.604980	-70.738380
1937.988281	-71.365494
1943.371582	-72.139755
1948.754883	-71.901398
1954.138184	-71.515518
1959.521484	-71.248383
1964.904785	-70.940292
1970.288086	-70.980278
1975.671387	-70.689140
1981.054688	-70.950233
1986.437988	-71.066841
1991.821289	-71.432442
1997.204590	-72.124077
2002.587891	-72.168198
2007.971191	-72.544708
2013.354492	-72.824539
2018.737793	-72.568161
2024.121094	-72.213295
2029.504395	-71.529831
2034.887695	-70.500244
2040.270996	-69.582344
2045.654297	-68.996719
2051.037598	-69.003395
2056.420898	-69.350319
2061.804199	-69.673805
2067.187500	-69.858627
2072.570801	-70.732605
2077.954102	-71.414932
2083.337402	-71.185913
2088.720703	-71.340759
2094.104004	-71.595047
2099.487305	-72.006882
2104.870605	-72.277687
2110.253906	-72.588646
2115.637207	-72.849701
2121.020508	-73.568626
2126.403809	-73.097687
2131.787109	-73.441383
2137.170410	-74.361671
2142.553711	-74.575073
2147.937012	-75.009857
2153.320312	-75.678802
2158.703613	-75.753036
2164.086914	-75.183159
2169.470215	-75.037880
2174.853516	-75.854118
2180.236816	-76.442467
2185.620117	-76.843857
2191.003418	-77.335068
2196.386719	-77.277649
2201.770020	-77.618759
2207.153320	-77.949455
2212.536621	-78.161957
2217.919922	-77.947075
2223.303223	-77.994713
2228.686523	-78.375458
2234.069824	-77.824020
2239.453125	-76.699608
2244.836426	-76.338043
2250.219727	-75.509399
2255.603027	-74.242882
2260.986328	-74.013931
2266.369629	-74.100426
2271.752930	-73.985970
2277.136230	-74.235634
2282.519531	-74.516685
2287.902832	-74.061516
2293.286133	-74.063187
2298.669434	-73.937714
2304.052734	-74.502747
2309.436035	-74.356026
2314.819336	-74.485092
2320.202637	-74.185585
2325.585938	-74.106758
2330.969238	-75.168495
2336.352539	-75.822639
2341.735840	-75.652580
2347.119141	-75.675957
2352.502441	-75.440399
2357.885742	-74.920547
2363.269043	-73.612259
2368.652344	-74.178825
2374.035645	-74.135513
2379.418945	-73.633011
2384.802246	-73.680733
2390.185547	-73.499069
2395.568848	-74.034630
2400.952148	-74.439354
2406.335449	-74.224586
2411.718750	-74.181976
2417.102051	-74.598465
2422.485352	-75.019836
2427.868652	-75.866524
2433.251953	-76.810493
2438.635254	-77.592163
2444.018555	-77.440239
2449.401855	-76.791718
2454.785156	-76.662178
2460.168457	-75.662697
2465.551758	-74.956978
2470.935059	-74.298851
2476.318359	-74.440086
2481.701660	-74.654816
2487.084961	-74.559303
2492.468262	-74.368744
2497.851562	-73.872513
2503.234863	-73.838379
2508.618164	-73.775826
2514.001465	-74.080940
2519.384766	-74.178093
2524.768066	-74.351463
2530.151367	-74.436951
2535.534668	-74.575935
2540.917969	-74.548149
2546.301270	-74.129204
2551.684570	-73.908943
2557.067871	-73.958656
2562.451172	-74.111542
2567.834473	-74.570534
2573.217773	-74.006058
2578.601074	-73.992378
2583.984375	-74.512611
2589.367676	-74.750458
2594.750977	-74.869820
2600.134277	-74.081810
2605.517578	-73.703781
2610.900879	-73.915779
2616.284180	-74.596832
2621.667480	-75.560112
2627.050781	-75.847694
2632.434082	-76.522606
2637.817383	-76.465027
2643.200684	-76.037872
2648.583984	-75.950661
2653.967285	-75.848511
2659.350586	-75.695526
2664.733887	-76.418739
2670.117188	-76.351097
2675.500488	-76.399139
2680.883789	-76.135429
2686.267090	-75.903107
2691.650391	-76.435890
2697.033691	-76.814926
2702.416992	-77.671890
2707.800293	-77.601349
2713.183594	-77.289398
2718.566895	-76.913986
2723.950195	-76.658630
2729.333496	-76.298561
2734.716797	-75.171326
2740.100098	-75.830772
2745.483398	-75.703995
2750.866699	-74.962807
2756.250000	-75.372688
2761.633301	-75.915886
2767.016602	-76.907143
2772.399902	-76.165298
2777.783203	-75.301109
2783.166504	-74.209404
2788.549805	-73.568237
2793.933105	-73.224648
2799.316406	-72.673203
2804.699707	-72.906036
2810.083008	-72.829109
2815.466309	-72.400917
2820.849609	-73.053154
2826.232910	-73.020004
2831.616211	-73.654045
2836.999512	-74.065491
2842.382812	-74.426041
2847.766113	-74.829742
2853.149414	-74.730377
2858.532715	-74.592628
2863.916016	-74.388298
2869.299316	-74.659607
2874.682617	-74.361763
2880.065918	-75.038132
2885.449219	-75.083656
2890.832520	-75.487846
2896.215820	-75.645950
2901.599121	-75.287178
2906.982422	-75.088600
2912.365723	-75.996948
2917.749023	-76.583908
2923.132324	-76.944366
2928.515625	-76.922409
2933.898926	-76.773872
2939.282227	-77.059303
2944.665527	-76.262383
2950.048828	-76.504539
2955.432129	-76.565331
2960.815430	-76.844650
2966.198730	-76.771980
2971.582031	-76.544914
2976.965332	-76.162758
2982.348633	-75.855270
2987.731934	-75.869522
2993.115234	-75.413055
2998.498535	-75.569824
3003.881836	-76.262703
3009.265137	-75.353065
3014.648438	-75.372467
3020.031738	-74.790527
3025.415039	-74.296753
3030.798340	-73.848320
3036.181641	-73.640999
3041.564941	-73.875259
3046.948242	-74.072899
3052.331543	-73.772614
3057.714844	-73.318504
3063.098145	-73.600388
3068.481445	-74.351952
3073.864746	-75.039589
3079.248047	-75.472450
3084.631348	-75.216690
3090.014648	-74.517662
3095.397949	-73.993225
3100.781250	-73.510101
3106.164551	-73.790611
3111.547852	-74.309319
3116.931152	-74.950783
3122.314453	-74.625099
3127.697754	-74.446609
3133.081055	-73.997597
3138.464355	-74.231178
3143.847656	-74.738152
3149.230957	-74.952339
3154.614258	-74.864273
3159.997559	-74.443962
3165.380859	-75.154785
3170.764160	-75.439865
3176.147461	-75.569023
3181.530762	-75.310684
3186.914062	-75.561859
3192.297363	-76.441422
3197.680664	-76.245041
3203.063965	-76.688049
3208.447266	-77.820541
3213.830566	-77.824081
3219.213867	-77.240227
3224.597168	-76.953033
3229.980469	-77.025719
3235.363770	-77.442276
3240.747070	-77.913841
3246.130371	-78.383064
3251.513672	-77.610641
3256.896973	-77.219398
3262.280273	-77.356850
3267.663574	-77.762596
3273.046875	-77.371559
3278.430176	-77.678787
3283.813477	-77.365196
3289.196777	-77.016418
3294.580078	-77.218124
3299.963379	-77.390541
3305.346680	-76.945351
3310.729980	-77.270187
3316.113281	-77.329994
3321.496582	-77.159424
3326.879883	-77.180504
3332.263184	-77.083099
3337.646484	-77.289886
3343.029785	-77.511742
3348.413086	-77.537361
3353.796387	-77.267204
3359.179688	-76.363670
3364.562988	-76.018806
3369.946289	-75.850677
3375.329590	-75.283302
3380.712891	-76.280052
3386.096191	-76.953613
3391.479492	-77.361771
3396.862793	-78.077057
3402.246094	-77.756058
3407.629395	-77.590378
3413.012695	-78.179863
3418.395996	-78.527008
3423.779297	-78.423698
3429.162598	-78.695412
3434.545898	-78.339264
3439.929199	-77.668343
3445.312500	-77.626236
3450.695801	-78.777710
3456.079102	-78.913574
3461.462402	-78.985130
3466.845703	-79.187340
3472.229004	-79.574989
3477.612305	-79.005951
3482.995605	-79.143654
3488.378906	-79.272888
3493.762207	-78.927948
3499.145508	-78.851212
3504.528809	-78.964645
3509.912109	-78.665619
3515.295410	-78.896202
3520.678711	-78.777954
3526.062012	-78.683388
3531.445312	-78.132057
3536.828613	-77.980812
3542.211914	-77.573433
3547.595215	-77.270798
3552.978516	-77.210304
3558.361816	-77.765923
3563.745117	-78.810699
3569.128418	-78.922440
3574.511719	-78.807693
3579.895020	-78.434723
3585.278320	-77.466728
3590.661621	-77.446632
3596.044922	-77.734909
3601.428223	-77.840469
3606.811523	-78.407532
3612.194824	-78.658394
3617.578125	-79.300316
3622.961426	-79.737099
3628.344727	-79.186470
3633.728027	-78.611412
3639.111328	-79.191605
3644.494629	-78.819252
3649.877930	-77.926926
3655.261230	-77.259026
3660.644531	-77.387657
3666.027832	-77.931786
3671.411133	-78.479462
3676.794434	-79.259834
3682.177734	-79.243225
3687.561035	-78.978035
3692.944336	-78.496597
3698.327637	-77.770813
3703.710938	-77.983757
3709.094238	-77.779747
3714.477539	-77.868179
3719.860840	-78.979530
3725.244141	-78.993156
3730.627441	-79.056541
3736.010742	-79.193077
3741.394043	-80.039345
3746.777344	-80.650269
3752.160645	-80.964653
3757.543945	-81.052719
3762.927246	-80.791061
3768.310547	-80.736664
3773.693848	-80.297935
3779.077148	-79.970367
3784.460449	-79.558205
3789.843750	-79.326157
3795.227051	-79.623451
3800.610352	-79.326920
3805.993652	-79.753632
3811.376953	-80.189636
3816.760254	-79.999016
3822.143555	-80.222214
3827.526855	-80.078140
3832.910156	-79.602448
3838.293457	-79.364357
3843.676758	-79.670662
3849.060059	-80.022728
3854.443359	-80.091965
3859.826660	-80.534622
3865.209961	-80.317200
3870.593262	-80.322075
3875.976562	-79.785698
3881.359863	-79.186714
3886.743164	-79.610161
3892.126465	-79.996773
3897.509766	-80.573326
3902.893066	-80.910942
3908.276367	-81.344032
3913.659668	-81.059929
3919.042969	-80.803993
3924.426270	-80.543991
3929.809570	-80.772614
3935.192871	-81.357338
3940.576172	-81.125626
3945.959473	-81.078468
3951.342773	-81.058029
3956.726074	-81.273819
3962.109375	-81.346794
3967.492676	-80.758904
3972.875977	-81.501274
3978.259277	-81.542290
3983.642578	-81.696991
3989.025879	-81.588516
3994.409180	-81.449776
3999.792480	-81.983505
4005.175781	-82.223495
4010.559082	-81.533882
4015.942383	-81.774635
4021.325684	-81.489960
4026.708984	-81.252457
4032.092285	-81.333168
4037.475586	-81.240036
4042.858887	-81.518974
4048.242188	-81.502068
4053.625488	-81.504227
4059.008789	-81.517036
4064.392090	-81.757576
4069.775391	-81.582504
4075.158691	-82.132439
4080.541992	-82.802467
4085.925293	-82.555603
4091.308594	-81.249519
4096.691895	-80.082672
4102.075195	-79.598640
4107.458496	-79.315254
4112.841797	-79.579834
4118.225098	-79.627037
4123.608398	-80.407440
4128.991699	-80.046730
4134.375000	-79.834610
4139.758301	-79.875839
4145.141602	-79.708153
4150.524902	-79.286896
4155.908203	-79.817596
4161.291504	-80.196518
4166.674805	-80.491837
4172.058105	-81.019363
4177.441406	-80.826920
4182.824707	-80.561676
4188.208008	-80.903603
4193.591309	-81.577545
4198.974609	-82.182114
4204.357910	-82.819633
4209.741211	-82.966301
4215.124512	-82.798256
4220.507812	-81.982544
4225.891113	-81.078575
4231.274414	-81.060272
4236.657715	-81.103546
4242.041016	-81.373833
4247.424316	-81.299400
4252.807617	-80.837105
4258.190918	-80.994606
4263.574219	-81.656403
4268.957520	-81.567368
4274.340820	-81.516907
4279.724121	-81.131546
4285.107422	-81.588455
4290.490723	-81.737534
4295.874023	-81.851494
4301.257324	-82.565231
4306.640625	-82.728493
4312.023926	-83.067429
4317.407227	-82.773460
4322.790527	-83.141846
4328.173828	-83.144127
4333.557129	-83.286552
4338.940430	-83.260399
4344.323730	-82.653587
4349.707031	-82.100891
4355.090332	-81.690804
4360.473633	-81.646324
4365.856934	-81.662453
4371.240234	-81.854576
4376.623535	-82.365211
4382.006836	-81.921913
4387.390137	-82.152390
4392.773438	-82.111969
4398.156738	-81.933762
4403.540039	-82.228790
4408.923340	-82.190651
4414.306641	-82.828247
4419.689941	-82.148163
4425.073242	-81.957375
4430.456543	-82.377686
4435.839844	-82.159836
4441.223145	-82.151390
4446.606445	-82.535950
4451.989746	-82.817841
4457.373047	-84.181427
4462.756348	-83.574104
4468.139648	-83.856071
4473.522949	-83.838142
4478.906250	-83.304665
4484.289551	-83.417854
4489.672852	-83.746384
4495.056152	-82.958084
4500.439453	-83.337662
4505.822754	-83.499054
4511.206055	-83.048828
4516.589355	-83.317657
4521.972656	-83.147003
4527.355957	-81.972488
4532.739258	-81.419090
4538.122559	-81.533051
4543.505859	-81.028435
4548.889160	-80.895073
4554.272461	-80.568932
4559.655762	-80.669853
4565.039062	-81.229454
4570.422363	-81.846542
4575.805664	-81.736481
4581.188965	-82.116394
4586.572266	-82.523689
4591.955566	-82.542320
4597.338867	-81.968758
4602.722168	-82.923195
4608.105469	-83.151939
4613.488770	-83.383064
4618.872070	-83.335152
4624.255371	-83.321625
4629.638672	-83.334938
4635.021973	-83.734230
4640.405273	-83.315956
4645.788574	-82.950630
4651.171875	-83.312820
4656.555176	-83.193718
4661.938477	-83.298363
4667.321777	-83.412125
4672.705078	-83.161980
4678.088379	-82.736603
4683.471680	-83.145317
4688.854980	-82.535706
4694.238281	-82.197968
4699.621582	-82.471786
4705.004883	-82.458405
4710.388184	-82.676537
4715.771484	-82.873871
4721.154785	-83.313736
4726.538086	-83.462471
4731.921387	-83.265182
4737.304688	-83.164909
4742.687988	-82.687798
4748.071289	-83.066742
4753.454590	-83.200127
4758.837891	-81.978203
4764.221191	-82.570152
4769.604492	-83.079102
4774.987793	-82.826408
4780.371094	-83.642410
4785.754395	-83.012772
4791.137695	-83.009995
4796.520996	-82.180916
4801.904297	-81.531570
4807.287598	-81.887291
4812.670898	-82.512642
4818.054199	-82.054436
4823.437500	-81.497513
4828.820801	-81.854263
4834.204102	-81.881592
4839.587402	-82.387810
4844.970703	-83.354408
4850.354004	-84.180183
4855.737305	-84.061485
4861.120605	-82.865005
4866.503906	-83.493393
4871.887207	-84.380478
4877.270508	-84.824867
4882.653809	-84.184723
4888.037109	-85.037140
4893.420410	-85.221001
4898.803711	-85.309471
4904.187012	-85.856575
4909.570312	-85.944847
4914.953613	-85.572327
4920.336914	-84.899696
4925.720215	-85.086868
4931.103516	-85.185158
4936.486816	-84.430008
4941.870117	-84.058266
4947.253418	-82.923546
4952.636719	-82.582458
4958.020020	-83.144218
4963.403320	-83.824341
4968.786621	-83.431747
4974.169922	-83.713554
4979.553223	-84.148170
4984.936523	-83.647316
4990.319824	-84.067696
4995.703125	-84.353889
5001.086426	-84.740089
5006.469727	-85.507057
5011.853027	-85.120461
5017.236328	-85.466637
5022.619629	-85.113014
5028.002930	-84.957047
5033.386230	-85.016449
5038.769531	-85.257820
5044.152832	-84.702347
5049.536133	-85.003609
5054.919434	-85.227753
5060.302734	-85.527206
5065.686035	-85.249001
5071.069336	-85.321159
5076.452637	-85.609909
5081.835938	-85.632713
5087.219238	-85.615761
5092.602539	-85.305191
5097.985840	-84.936234
5103.369141	-84.940910
5108.752441	-85.807808
5114.135742	-85.803574
5119.519043	-85.249008
5124.902344	-85.518410
5130.285645	-86.006241
5135.668945	-86.569771
5141.052246	-86.148689
5146.435547	-86.051170
5151.818848	-85.569008
5157.202148	-85.512764
5162.585449	-85.948242
5167.968750	-86.226883
5173.352051	-85.853882
5178.735352	-85.127930
5184.118652	-84.764313
5189.501953	-84.622650
5194.885254	-84.798248
5200.268555	-86.055283
5205.651855	-86.609276
5211.035156	-86.503746
5216.418457	-86.150093
5221.801758	-85.695984
5227.185059	-85.399826
5232.568359	-85.076263
5237.951660	-85.158646
5243.334961	-85.335449
5248.718262	-85.712791
5254.101562	-85.911530
5259.484863	-86.834656
5264.868164	-87.380402
5270.251465	-86.446121
5275.634766	-86.193375
5281.018066	-86.275230
5286.401367	-85.698952
5291.784668	-85.370369
5297.167969	-85.480927
5302.551270	-85.032936
5307.934570	-84.981201
5313.317871	-85.019768
5318.701172	-84.977119
5324.084473	-85.020828
5329.467773	-84.439476
5334.851074	-84.291130
5340.234375	-84.743782
5345.617676	-84.521141
5351.000977	-84.808853
5356.384277	-85.335800
5361.767578	-85.557144
5367.150879	-85.937408
5372.534180	-85.765846
5377.917480	-85.596481
5383.300781	-85.729515
5388.684082	-85.446503
5394.067383	-85.310913
5399.450684	-84.934456
5404.833984	-85.182213
5410.217285	-84.920441
5415.600586	-84.689270
5420.983887	-84.366478
5426.367188	-84.298019
5431.750488	-84.983910
5437.133789	-85.204018
5442.517090	-84.767517
5447.900391	-84.652206
5453.283691	-84.384964
5458.666992	-84.521400
5464.050293	-84.956970
5469.433594	-85.002220
5474.816895	-85.272720
5480.200195	-85.779358
5485.583496	-85.931885
5490.966797	-85.510124
5496.350098	-85.214500
5501.733398	-85.193214
5507.116699	-84.731903
5512.500000	-85.158752
5517.883301	-84.980034
5523.266602	-84.659058
5528.649902	-84.529770
5534.033203	-84.821198
5539.416504	-84.595642
5544.799805	-84.829948
5550.183105	-84.610855
5555.566406	-84.840370
5560.949707	-85.508438
5566.333008	-86.225395
5571.716309	-86.154266
5577.099609	-85.216797
5582.482910	-85.397820
5587.866211	-84.918205
5593.249512	-85.790131
5598.632812	-85.014717
5604.016113	-85.487404
5609.399414	-86.379723
5614.782715	-85.923721
5620.166016	-85.284294
5625.549316	-85.340179
5630.932617	-85.664452
5636.315918	-84.930664
5641.699219	-85.334488
5647.082520	-85.843468
5652.465820	-85.885406
5657.849121	-86.312660
5663.232422	-85.520592
5668.615723	-85.384239
5673.999023	-85.489731
5679.382324	-85.507843
5684.765625	-85.299255
5690.148926	-84.993721
5695.532227	-85.338493
5700.915527	-85.825218
5706.298828	-85.919151
5711.682129	-86.612579
5717.065430	-87.175468
5722.448730	-87.260483
5727.832031	-87.271561
5733.215332	-88.299240
5738.598633	-87.976944
5743.981934	-88.071747
5749.365234	-88.659706
5754.748535	-88.768021
5760.131836	-88.472557
5765.515137	-89.064621
5770.898438	-88.981636
5776.281738	-88.486984
5781.665039	-88.558426
5787.048340	-87.771164
5792.431641	-87.395363
5797.814941	-87.022217
5803.198242	-87.106590
5808.581543	-86.272690
5813.964844	-86.520607
5819.348145	-86.862793
5824.731445	-86.991806
5830.114746	-86.767715
5835.498047	-86.974152
5840.881348	-86.710274
5846.264648	-86.629913
5851.647949	-86.439972
5857.031250	-86.004379
5862.414551	-85.122444
5867.797852	-85.525162
5873.181152	-85.769867
5878.564453	-85.873413
5883.947754	-86.028358
5889.331055	-86.522583
5894.714355	-86.626785
5900.097656	-86.901634
5905.480957	-87.116920
5910.864258	-87.750961
5916.247559	-87.605179
5921.630859	-87.456818
5927.014160	-87.443977
5932.397461	-87.646370
5937.780762	-87.222000
5943.164062	-87.481323
5948.547363	-87.448944
5953.930664	-86.552841
5959.313965	-86.568794
5964.697266	-87.595352
5970.080566	-87.804848
5975.463867	-87.229523
5980.847168	-86.434967
5986.230469	-86.841194
5991.613770	-86.876343
5996.997070	-86.678230
6002.380371	-87.113235
6007.763672	-87.311768
6013.146973	-87.330643
6018.530273	-87.125809
6023.913574	-86.589615
6029.296875	-86.476204
6034.680176	-86.806946
6040.063477	-86.510017
6045.446777	-85.921280
6050.830078	-86.262489
6056.213379	-86.259666
6061.596680	-85.752350
6066.979980	-86.539711
6072.363281	-87.206322
6077.746582	-87.291100
6083.129883	-86.956909
6088.513184	-86.775665
6093.896484	-87.617058
6099.279785	-87.105644
6104.663086	-87.359604
6110.046387	-87.198807
6115.429688	-87.300735
6120.812988	-87.397507
6126.196289	-87.647011
6131.579590	-87.406845
6136.962891	-87.642555
6142.346191	-87.179810
6147.729492	-87.413139
6153.112793	-87.874603
6158.496094	-87.918739
6163.879395	-87.311661
6169.262695	-87.148186
6174.645996	-87.700043
6180.029297	-87.788612
6185.412598	-87.451454
6190.795898	-87.260559
6196.179199	-87.368240
6201.562500	-87.243378
6206.945801	-87.009514
6212.329102	-86.890228
6217.712402	-87.528740
6223.095703	-87.381134
6228.479004	-86.888344
6233.862305	-86.947304
6239.245605	-87.051819
6244.628906	-87.510513
6250.012207	-88.031784
6255.395508	-88.949387
6260.778809	-88.856773
6266.162109	-88.934296
6271.545410	-89.056870
6276.928711	-88.561287
6282.312012	-88.685463
6287.695312	-88.817215
6293.078613	-87.727287
6298.461914	-87.528770
6303.845215	-87.269653
6309.228516	-87.300117
6314.611816	-86.973869
6319.995117	-86.434044
6325.378418	-86.602264
6330.761719	-86.765785
6336.145020	-86.791504
6341.528320	-86.825531
6346.911621	-87.097389
6352.294922	-87.174843
6357.678223	-87.515831
6363.061523	-87.797302
6368.444824	-88.372780
6373.828125	-88.892479
6379.211426	-88.956932
6384.594727	-88.613724
6389.978027	-88.340988
6395.361328	-87.899399
6400.744629	-88.668564
6406.127930	-88.314407
6411.511230	-88.559296
6416.894531	-88.978371
6422.277832	-88.942917
6427.661133	-89.362206
6433.044434	-88.826004
6438.427734	-88.109642
6443.811035	-87.782959
6449.194336	-88.229187
6454.577637	-88.171036
6459.960938	-88.311478
6465.344238	-88.239799
6470.727539	-87.943176
6476.110840	-87.596230
6481.494141	-87.691284
6486.877441	-87.817574
6492.260742	-88.138649
6497.644043	-88.237511
6503.027344	-88.040344
6508.410645	-88.151253
6513.793945	-88.135628
6519.177246	-88.658844
6524.560547	-88.806091
6529.943848	-88.367241
6535.327148	-88.124687
6540.710449	-88.097542
6546.093750	-88.115997
6551.477051	-87.721626
6556.860352	-86.896591
6562.243652	-87.789398
6567.626953	-88.106125
6573.010254	-87.982704
6578.393555	-88.113579
6583.776855	-88.880318
6589.160156	-89.024803
6594.543457	-88.036392
6599.926758	-87.255341
6605.310059	-87.350403
6610.693359	-87.435646
6616.076660	-87.778152
6621.459961	-87.742271
6626.843262	-88.117271
6632.226562	-88.547966
6637.609863	-87.889442
6642.993164	-88.114075
6648.376465	-87.967186
6653.759766	-87.565178
6659.143066	-87.951759
6664.526367	-87.540138
6669.909668	-87.198662
6675.292969	-87.578262
6680.676270	-87.403221
6686.059570	-87.362526
6691.442871	-88.071442
6696.826172	-88.297897
6702.209473	-87.922890
6707.592773	-88.168678
6712.976074	-87.844986
6718.359375	-86.937622
6723.742676	-87.177757
6729.125977	-87.669174
6734.509277	-87.357002
6739.892578	-87.050743
6745.275879	-86.485985
6750.659180	-86.410866
6756.042480	-86.385643
6761.425781	-87.267334
6766.809082	-86.886993
6772.192383	-87.288551
6777.575684	-88.157997
6782.958984	-88.547234
6788.342285	-88.208679
6793.725586	-88.328842
6799.108887	-88.638756
6804.492188	-89.136169
6809.875488	-88.977089
6815.258789	-88.902191
6820.642090	-88.341232
6826.025391	-88.050568
6831.408691	-88.137764
6836.791992	-88.513390
6842.175293	-88.657784
6847.558594	-89.169029
6852.941895	-88.537041
6858.325195	-88.817619
6863.708496	-89.368538
6869.091797	-89.743851
6874.475098	-89.561592
6879.858398	-88.903023
6885.241699	-89.244568
6890.625000	-89.453735
6896.008301	-88.729233
6901.391602	-88.694847
6906.774902	-89.382462
6912.158203	-89.578247
6917.541504	-89.815910
6922.924805	-89.739243
6928.308105	-89.275482
6933.691406	-89.420845
6939.074707	-88.750885
6944.458008	-88.409508
6949.841309	-88.781898
6955.224609	-89.030701
6960.607910	-89.268211
6965.991211	-89.388672
6971.374512	-89.544998
6976.757812	-89.205589
6982.141113	-89.411568
6987.524414	-89.480888
6992.907715	-88.971176
6998.291016	-89.121696
7003.674316	-89.229080
7009.057617	-89.047028
7014.440918	-89.308876
7019.824219	-89.483719
7025.207520	-89.955284
7030.590820	-90.043076
7035.974121	-90.118965
7041.357422	-90.786415
7046.740723	-90.859398
7052.124023	-90.464615
7057.507324	-90.033150
7062.890625	-89.090782
7068.273926	-89.050827
7073.657227	-89.312614
7079.040527	-89.865379
7084.423828	-89.638145
7089.807129	-90.106041
7095.190430	-89.917900
7100.573730	-89.390587
7105.957031	-89.436295
7111.340332	-90.460960
7116.723633	-90.311638
7122.106934	-89.937401
7127.490234	-89.657921
7132.873535	-89.594116
7138.256836	-89.666443
7143.640137	-89.930771
7149.023438	-90.334969
7154.406738	-90.097359
7159.790039	-89.606750
7165.173340	-88.652138
7170.556641	-89.003525
7175.939941	-89.741348
7181.323242	-90.520035
7186.706543	-90.030724
7192.089844	-90.113869
7197.473145	-90.268478
7202.856445	-90.992226
7208.239746	-90.211281
7213.623047	-90.202492
7219.006348	-90.290855
7224.389648	-90.320251
7229.772949	-90.377419
7235.156250	-91.215309
7240.539551	-91.668228
7245.922852	-90.765747
7251.306152	-90.320587
7256.689453	-90.395363
7262.072754	-90.499664
7267.456055	-90.096657
7272.839355	-89.983650
7278.222656	-89.593918
7283.605957	-89.708214
7288.989258	-89.519043
7294.372559	-89.746147
7299.755859	-90.460060
7305.139160	-90.504555
7310.522461	-89.941490
7315.905762	-89.856018
7321.289062	-90.249344
7326.672363	-90.325310
7332.055664	-90.536484
7337.438965	-90.158508
7342.822266	-89.673935
7348.205566	-90.252831
7353.588867	-89.873451
7358.972168	-89.946098
7364.355469	-89.943130
7369.738770	-90.277275
7375.122070	-90.615562
7380.505371	-91.159973
7385.888672	-91.173546
7391.271973	-90.631798
7396.655273	-90.653679
7402.038574	-90.809868
7407.421875	-90.952240
7412.805176	-91.133484
7418.188477	-91.105255
7423.571777	-91.694717
7428.955078	-91.462700
7434.338379	-90.778091
7439.721680	-90.714928
7445.104980	-90.892120
7450.488281	-90.299652
7455.871582	-90.575333
7461.254883	-91.205223
7466.638184	-91.086922
7472.021484	-91.080315
7477.404785	-91.388062
7482.788086	-91.540642
7488.171387	-91.001328
7493.554688	-91.184090
7498.937988	-90.873245
7504.321289	-90.326462
7509.704590	-90.787956
7515.087891	-91.687180
7520.471191	-91.818649
7525.854492	-91.257225
7531.237793	-91.221268
7536.621094	-91.596504
7542.004395	-91.278793
7547.387695	-91.713242
7552.770996	-92.051315
7558.154297	-92.100609
7563.537598	-92.321854
7568.920898	-91.869545
7574.304199	-91.312042
7579.687500	-91.287315
7585.070801	-91.709938
7590.454102	-91.542999
7595.837402	-91.281349
7601.220703	-90.968491
7606.604004	-91.255463
7611.987305	-90.463051
7617.370605	-90.424255
7622.753906	-91.099609
7628.137207	-91.087791
7633.520508	-90.677040
7638.903809	-91.622574
7644.287109	-92.498764
7649.670410	-92.320419
7655.053711	-91.825729
7660.437012	-92.139763
7665.820312	-92.279129
7671.203613	-92.304108
7676.586914	-92.028748
7681.970215	-92.111794
7687.353516	-92.278168
7692.736816	-93.088326
7698.120117	-92.548515
7703.503418	-91.518997
7708.886719	-91.415985
7714.270020	-91.499847
7719.653320	-91.033539
7725.036621	-90.694702
7730.419922	-91.100533
7735.803223	-91.859070
7741.186523	-92.197449
7746.569824	-92.843414
7751.953125	-92.646408
7757.336426	-92.705338
7762.719727	-91.884964
7768.103027	-91.697731
7773.486328	-91.231384
7778.869629	-91.337654
7784.252930	-91.618317
7789.636230	-91.895493
7795.019531	-91.900276
7800.402832	-91.775978
7805.786133	-92.006447
7811.169434	-92.780472
7816.552734	-93.130157
7821.936035	-92.946152
7827.319336	-92.723114
7832.702637	-92.997589
7838.085938	-93.126961
7843.469238	-92.439133
7848.852539	-91.635910
7854.235840	-92.242004
7859.619141	-91.816948
7865.002441	-91.705666
7870.385742	-91.687653
7875.769043	-91.722206
7881.152344	-91.577385
7886.535645	-92.412224
7891.918945	-91.986343
7897.302246	-91.487503
7902.685547	-91.744598
7908.068848	-91.422523
7913.452148	-91.315086
7918.835449	-91.148964
7924.218750	-91.453316
7929.602051	-90.898521
7934.985352	-90.761909
7940.368652	-90.799316
7945.751953	-91.373337
7951.135254	-90.601707
7956.518555	-91.025658
7961.901855	-92.187805
7967.285156	-91.964035
7972.668457	-91.832359
7978.051758	-92.206711
7983.435059	-92.707870
7988.818359	-92.656189
7994.201660	-92.398331
7999.584961	-92.682739
8004.968262	-91.870514
8010.351562	-91.739792
8015.734863	-92.418015
8021.118164	-92.922638
8026.501465	-92.379837
8031.884766	-92.635094
8037.268066	-92.792534
8042.651367	-93.890602
8048.034668	-92.780487
8053.417969	-92.382469
8058.801270	-91.948288
8064.184570	-92.030403
8069.567871	-92.327095
8074.951172	-92.481308
8080.334473	-92.064407
8085.717773	-92.451843
8091.101074	-92.305496
8096.484375	-92.333717
8101.867676	-92.299873
8107.250977	-92.485130
8112.634277	-91.934647
8118.017578	-91.858261
8123.400879	-92.927124
8128.784180	-93.386520
8134.167480	-93.625755
8139.550781	-93.471313
8144.934082	-94.176971
8150.317383	-94.552132
8155.700684	-93.610657
8161.083984	-92.839378
8166.467285	-92.110664
8171.850586	-92.132912
8177.233887	-92.652260
8182.617188	-92.620850
8188.000488	-92.390923
8193.383789	-92.267799
8198.767090	-91.874664
8204.150391	-91.613686
8209.533691	-91.996758
8214.916992	-92.032173
8220.300293	-92.054649
8225.683594	-92.544022
8231.066895	-93.055931
8236.450195	-93.082809
8241.833496	-93.127586
8247.216797	-93.202026
8252.600098	-93.165588
8257.983398	-92.824120
8263.366699	-92.344284
8268.750000	-92.077782
8274.133301	-92.241798
8279.516602	-92.526604
8284.899902	-92.606995
8290.283203	-92.619087
8295.666504	-92.735451
8301.049805	-92.923279
8306.433105	-93.621353
8311.816406	-93.604858
8317.199707	-93.747475
8322.583008	-93.571388
8327.966309	-93.660156
8333.349609	-93.070267
8338.732910	-92.786156
8344.116211	-92.866699
8349.499512	-93.189034
8354.882812	-92.710861
8360.266113	-92.828529
8365.649414	-93.104568
8371.032715	-93.360329
8376.416016	-93.045151
8381.799316	-92.987335
8387.182617	-92.784866
8392.565918	-92.486290
8397.949219	-92.183662
8403.332520	-92.518051
8408.715820	-92.583618
8414.099121	-92.893387
8419.482422	-94.146187
8424.865723	-94.391296
8430.249023	-94.748444
8435.632324	-94.488609
8441.015625	-94.407394
8446.398926	-94.689812
8451.782227	-94.561295
8457.165527	-94.437378
8462.548828	-94.115807
8467.932129	-93.830978
8473.315430	-93.022652
8478.698730	-93.275505
8484.082031	-93.113510
8489.465332	-93.510498
8494.848633	-93.413933
8500.231934	-93.935661
8505.615234	-93.859215
8510.998535	-94.624222
8516.381836	-94.155655
8521.765137	-93.746498
8527.148438	-94.315918
8532.531738	-94.571678
8537.915039	-94.417267
8543.298340	-94.641777
8548.681641	-94.093552
8554.064941	-93.641861
8559.448242	-93.296555
8564.831543	-93.173477
8570.214844	-93.197639
8575.598145	-93.097870
8580.981445	-93.184875
8586.364746	-92.138672
8591.748047	-91.916428
8597.131348	-92.315514
8602.514648	-92.762978
8607.897949	-92.548119
8613.281250	-93.080452
8618.664551	-92.980995
8624.047852	-92.832726
8629.431152	-93.184692
8634.814453	-93.049377
8640.197754	-92.935966
8645.581055	-92.986977
8650.964355	-93.224670
8656.347656	-93.163872
8661.730957	-92.862610
8667.114258	-92.483078
8672.497559	-92.671555
8677.880859	-92.942375
8683.264160	-92.894569
8688.647461	-93.122925
8694.030762	-93.409340
8699.414062	-93.106804
8704.797363	-93.239258
8710.180664	-93.744423
8715.563965	-93.915733
8720.947266	-93.845108
8726.330566	-93.575249
8731.713867	-93.121559
8737.097168	-93.010376
8742.480469	-92.722481
8747.863770	-92.455444
8753.247070	-92.567986
8758.630371	-92.053947
8764.013672	-92.473099
8769.396973	-93.003021
8774.780273	-92.857597
8780.163574	-93.178368
8785.546875	-92.761826
8790.930176	-93.497101
8796.313477	-94.096832
8801.696777	-94.100204
8807.080078	-94.084938
8812.463379	-94.518089
8817.846680	-94.633392
8823.229980	-94.768059
8828.613281	-94.188400
8833.996582	-93.839867
8839.379883	-93.534157
8844.763184	-93.747391
8850.146484	-92.873718
8855.529785	-92.710037
8860.913086	-92.767601
8866.296387	-92.802124
8871.679688	-92.936180
8877.062988	-93.241829
8882.446289	-93.419701
8887.829590	-93.418564
8893.212891	-92.588753
8898.596191	-93.236015
8903.979492	-93.696983
8909.362793	-93.587257
8914.746094	-93.477997
8920.129395	-93.137260
8925.512695	-93.743294
8930.895996	-93.817261
8936.279297	-93.541321
8941.662598	-94.084961
8947.045898	-94.184914
8952.429199	-94.456360
8957.812500	-94.229851
8963.195801	-94.689278
8968.579102	-94.257942
8973.962402	-93.692459
8979.345703	-93.483040
8984.729004	-93.967438
8990.112305	-93.317429
8995.495605	-93.314194
9000.878906	-93.780769
9006.262207	-94.032303
9011.645508	-93.452278
9017.028809	-93.300453
9022.412109	-93.459816
9027.795410	-94.030968
9033.178711	-93.881187
9038.562012	-93.524193
9043.945312	-93.750977
9049.328613	-94.002312
9054.711914	-93.753998
9060.095215	-93.647942
9065.478516	-94.118919
9070.861816	-94.212128
9076.245117	-93.860558
9081.628418	-93.410782
9087.011719	-93.517502
9092.395020	-92.983131
9097.778320	-92.577812
9103.161621	-93.101456
9108.544922	-93.129723
9113.928223	-93.274010
9119.311523	-93.127815
9124.694824	-93.583481
9130.078125	-94.198158
9135.461426	-93.566833
9140.844727	-93.710701
9146.228027	-94.327904
9151.611328	-94.470619
9156.994629	-94.162445
9162.377930	-94.138580
9167.761230	-94.183937
9173.144531	-94.714539
9178.527832	-93.894249
9183.911133	-94.619476
9189.294434	-93.883987
9194.677734	-93.876244
9200.061035	-94.392067
9205.444336	-94.482620
9210.827637	-94.815346
9216.210938	-95.168793
9221.594238	-95.428955
9226.977539	-94.962166
9232.360840	-95.038506
9237.744141	-94.651985
9243.127441	-94.474884
9248.510742	-93.817688
9253.894043	-94.342682
9259.277344	-94.582870
9264.660645	-94.215813
9270.043945	-92.901222
9275.427246	-92.727234
9280.810547	-92.440498
9286.193848	-92.771759
9291.577148	-93.063263
9296.960449	-92.734772
9302.343750	-92.855148
9307.727051	-93.808243
9313.110352	-93.963600
9318.493652	-93.829254
9323.876953	-93.719109
9329.260254	-93.741295
9334.643555	-94.100121
9340.026855	-93.915108
9345.410156	-94.654228
9350.793457	-94.650200
9356.176758	-94.245766
9361.560059	-93.976730
9366.943359	-94.411209
9372.326660	-94.837326
9377.709961	-94.645744
9383.093262	-94.320267
9388.476562	-94.622314
9393.859863	-94.456665
9399.243164	-94.710785
9404.626465	-94.717133
9410.009766	-94.401726
9415.393066	-94.732414
9420.776367	-94.819801
9426.159668	-94.671181
9431.542969	-94.781586
9436.926270	-95.560120
9442.309570	-95.761597
9447.692871	-95.276352
9453.076172	-95.557121
9458.459473	-95.018745
9463.842773	-95.091812
9469.226074	-94.559891
9474.609375	-94.277687
9479.992676	-94.395393
9485.375977	-95.313843
9490.759277	-96.091606
9496.142578	-96.138603
9501.525879	-95.681664
9506.909180	-95.122421
9512.292480	-94.646004
9517.675781	-95.150597
9523.059082	-94.614357
9528.442383	-94.218315
9533.825684	-94.636818
9539.208984	-94.151138
9544.592285	-94.605469
9549.975586	-95.058418
9555.358887	-95.028763
9560.742188	-94.620285
9566.125488	-94.117851
9571.508789	-94.128464
9576.892090	-94.497833
9582.275391	-94.845284
9587.658691	-94.739586
9593.041992	-95.384666
9598.425293	-95.364944
9603.808594	-95.154922
9609.191895	-94.456039
9614.575195	-94.932106
9619.958496	-94.892998
9625.341797	-94.569778
9630.725098	-94.336388
9636.108398	-94.129295
9641.491699	-93.942093
9646.875000	-94.314674
9652.258301	-94.136055
9657.641602	-94.221199
9663.024902	-95.223305
9668.408203	-95.793808
9673.791504	-95.288345
9679.174805	-95.855576
9684.558105	-95.452698
9689.941406	-95.980713
9695.324707	-95.514107
9700.708008	-95.572037
9706.091309	-96.133652
9711.474609	-95.862411
9716.857910	-95.476837
9722.241211	-95.415367
9727.624512	-95.841072
9733.007812	-96.070663
9738.391113	-95.798752
9743.774414	-96.260139
9749.157715	-96.123718
9754.541016	-95.842674
9759.924316	-96.002472
9765.307617	-95.498062
9770.690918	-94.979065
9776.074219	-95.327942
9781.457520	-95.586334
9786.840820	-95.044067
9792.224121	-94.903908
9797.607422	-95.268280
9802.990723	-95.768845
9808.374023	-95.965782
9813.757324	-96.138992
9819.140625	-95.395271
9824.523926	-95.418488
9829.907227	-95.512680
9835.290527	-95.694893
9840.673828	-95.806389
9846.057129	-95.456985
9851.440430	-95.432816
9856.823730	-95.206810
9862.207031	-95.135460
9867.590332	-95.188965
9872.973633	-95.225883
9878.356934	-95.262604
9883.740234	-95.821175
9889.123535	-95.324654
9894.506836	-95.224815
9899.890137	-95.332748
9905.273438	-95.536453
9910.656738	-96.083336
9916.040039	-95.874733
9921.423340	-95.510841
9926.806641	-95.097260
9932.189941	-95.391068
9937.573242	-95.639336
9942.956543	-95.232948
9948.339844	-95.005127
9953.723145	-94.860527
9959.106445	-94.729904
9964.489746	-95.263802
9969.873047	-95.084312
9975.256348	-95.271217
9980.639648	-95.363815
9986.022949	-95.411484
9991.406250	-95.554359
9996.789551	-96.079399
10002.172852	-96.351982
10007.556152	-96.649849
10012.939453	-96.173462
10018.322754	-95.944023
10023.706055	-95.625656
10029.089355	-96.007393
10034.472656	-95.359230
10039.855957	-95.210449
10045.239258	-95.103821
10050.622559	-94.964928
10056.005859	-95.067772
10061.389160	-94.934059
10066.772461	-94.823456
10072.155762	-95.164940
10077.539062	-95.423401
10082.922363	-95.464523
10088.305664	-95.598022
10093.688965	-96.036407
10099.072266	-96.195091
10104.455566	-96.455383
10109.838867	-96.897385
10115.222168	-96.674118
10120.605469	-97.062805
10125.988770	-96.051460
10131.372070	-95.634155
10136.755371	-95.734299
10142.138672	-95.813797
10147.521973	-95.647316
10152.905273	-95.695717
10158.288574	-95.538849
10163.671875	-95.569054
10169.055176	-97.066277
10174.438477	-96.707199
10179.821777	-96.014191
10185.205078	-96.622269
10190.588379	-96.919930
10195.971680	-96.941727
10201.354980	-97.075432
10206.738281	-97.565186
10212.121582	-97.020233
10217.504883	-97.086388
10222.888184	-97.063545
10228.271484	-96.533852
10233.654785	-96.813004
10239.038086	-96.599167
10244.421387	-96.679482
10249.804688	-97.253723
10255.187988	-97.194893
10260.571289	-97.128395
10265.954590	-97.080040
10271.337891	-97.284210
10276.721191	-97.128220
10282.104492	-97.555420
10287.487793	-97.725861
10292.871094	-97.425529
10298.254395	-96.704048
10303.637695	-96.637787
10309.020996	-96.480850
10314.404297	-96.191185
10319.787598	-96.612328
10325.170898	-95.885475
10330.554199	-95.649590
10335.937500	-95.929947
10341.320801	-95.644768
10346.704102	-95.703201
10352.087402	-95.862778
10357.470703	-95.391579
10362.854004	-95.334763
10368.237305	-95.907974
10373.620605	-95.953583
10379.003906	-96.671501
10384.387207	-94.821838
10389.770508	-91.250137
10395.153809	-95.383362
10400.537109	-96.748840
10405.920410	-96.739647
10411.303711	-96.741020
10416.687012	-95.573135
10422.070312	-95.799820
10427.453613	-96.161942
10432.836914	-96.746750
10438.220215	-96.383728
10443.603516	-97.078758
10448.986816	-96.738342
10454.370117	-96.936958
10459.753418	-97.280365
10465.136719	-96.900131
10470.520020	-97.061913
10475.903320	-96.784042
10481.286621	-96.367577
10486.669922	-96.853638
10492.053223	-97.271637
10497.436523	-97.576408
10502.819824	-98.350922
10508.203125	-98.728523
10513.586426	-97.735886
10518.969727	-97.194778
10524.353027	-97.121101
10529.736328	-97.296478
10535.119629	-97.450226
10540.502930	-97.510735
10545.886230	-97.210983
10551.269531	-97.721008
10556.652832	-97.921616
10562.036133	-98.412460
10567.419434	-98.196938
10572.802734	-97.769669
10578.186035	-97.902077
10583.569336	-97.317581
10588.952637	-97.168282
10594.335938	-96.830605
10599.719238	-97.289993
10605.102539	-97.366272
10610.485840	-97.508087
10615.869141	-97.419350
10621.252441	-97.424095
10626.635742	-97.955833
10632.019043	-98.581757
10637.402344	-98.252846
10642.785645	-97.872261
10648.168945	-97.921997
10653.552246	-97.925797
10658.935547	-97.798569
10664.318848	-98.020920
10669.702148	-98.283798
10675.085449	-98.521606
10680.468750	-98.704071
10685.852051	-98.742630
10691.235352	-98.713875
10696.618652	-98.413551
10702.001953	-98.662941
10707.385254	-99.211517
10712.768555	-99.234383
10718.151855	-98.605865
10723.535156	-99.031975
10728.918457	-99.405838
10734.301758	-99.253502
10739.685059	-99.301895
10745.068359	-99.176758
10750.451660	-99.040688
10755.834961	-98.524414
10761.218262	-98.388252
10766.601562	-97.896027
10771.984863	-98.760811
10777.368164	-98.840210
10782.751465	-98.704216
10788.134766	-98.800507
10793.518066	-98.622520
10798.901367	-98.504524
10804.284668	-99.476952
10809.667969	-99.891441
10815.051270	-99.063225
10820.434570	-99.352753
10825.817871	-99.212402
10831.201172	-98.436722
10836.584473	-97.695938
10841.967773	-97.414268
10847.351074	-97.376038
10852.734375	-98.186234
10858.117676	-98.735428
10863.500977	-98.390625
10868.884277	-99.154816
10874.267578	-99.755432
10879.650879	-99.309196
10885.034180	-99.266373
10890.417480	-98.957275
10895.800781	-99.765312
10901.184082	-99.786949
10906.567383	-99.237831
10911.950684	-99.498306
10917.333984	-99.339485
10922.717285	-99.113899
10928.100586	-99.287743
10933.483887	-98.915520
10938.867188	-99.294724
10944.250488	-99.166290
10949.633789	-99.048225
10955.017090	-99.316048
10960.400391	-99.777031
10965.783691	-99.340538
10971.166992	-99.129112
10976.550293	-98.548492
10981.933594	-98.397141
10987.316895	-98.799431
10992.700195	-99.015808
10998.083496	-98.570724
11003.466797	-99.619728
11008.850098	-99.363548
11014.233398	-98.866730
11019.616699	-98.997192
11025.000000	-98.959709
11030.383301	-98.928108
11035.766602	-99.371452
11041.149902	-99.053558
11046.533203	-98.857430
11051.916504	-98.804787
11057.299805	-99.086029
11062.683105	-99.568001
11068.066406	-99.726715
11073.449707	-99.976181
11078.833008	-99.711502
11084.216309	-99.219498
11089.599609	-99.657135
11094.982910	-100.328972
11100.366211	-100.381195
11105.749512	-100.232368
11111.132812	-100.150124
11116.516113	-99.650795
11121.899414	-99.197098
11127.282715	-99.129784
11132.666016	-99.511307
11138.049316	-99.928612
11143.432617	-99.781898
11148.815918	-99.882591
11154.199219	-100.098694
11159.582520	-99.796379
11164.965820	-99.489151
11170.349121	-99.542053
11175.732422	-100.048141
11181.115723	-100.267448
11186.499023	-100.204048
11191.882324	-100.020401
11197.265625	-100.532455
11202.648926	-100.292061
11208.032227	-100.196014
11213.415527	-99.390854
11218.798828	-99.742859
11224.182129	-99.455902
11229.565430	-99.593994
11234.948730	-100.138603
11240.332031	-99.602760
11245.715332	-99.452911
11251.098633	-99.904915
11256.481934	-100.146614
11261.865234	-99.889793
11267.248535	-100.154945
11272.631836	-100.177773
11278.015137	-99.963860
11283.398438	-100.336540
11288.781738	-100.305595
11294.165039	-100.524696
11299.548340	-100.109917
11304.931641	-99.904922
11310.314941	-100.154938
11315.698242	-100.642570
11321.081543	-100.947464
11326.464844	-100.707245
11331.848145	-100.861610
11337.231445	-100.081093
11342.614746	-99.551994
11347.998047	-100.047607
11353.381348	-99.715630
11358.764648	-99.443642
11364.147949	-99.161293
11369.531250	-99.460312
11374.914551	-99.744034
11380.297852	-99.192375
11385.681152	-99.449013
11391.064453	-99.369644
11396.447754	-99.736244
11401.831055	-99.958611
11407.214355	-99.980919
11412.597656	-100.554512
11417.980957	-100.076073
11423.364258	-100.230110
11428.747559	-100.672516
11434.130859	-100.292580
11439.514160	-100.514252
11444.897461	-100.575264
11450.280762	-101.371162
11455.664062	-100.847534
11461.047363	-100.599052
11466.430664	-100.142067
11471.813965	-99.695290
11477.197266	-99.679512
11482.580566	-100.065491
11487.963867	-100.470757
11493.347168	-101.226097
11498.730469	-101.385826
11504.113770	-100.641556
11509.497070	-100.855957
11514.880371	-100.263977
11520.263672	-99.733475
11525.646973	-100.329300
11531.030273	-99.873070
11536.413574	-99.748436
11541.796875	-99.923019
11547.180176	-100.144440
11552.563477	-100.388580
11557.946777	-100.029945
11563.330078	-100.010162
11568.713379	-99.884163
11574.096680	-100.627457
11579.479980	-100.572853
11584.863281	-100.345734
11590.246582	-100.248856
11595.629883	-99.715485
11601.013184	-99.485558
11606.396484	-100.214676
11611.779785	-100.472115
11617.163086	-100.531311
11622.546387	-100.198997
11627.929688	-100.667717
11633.312988	-100.279747
11638.696289	-100.507271
11644.079590	-99.890236
11649.462891	-100.679794
11654.846191	-100.706421
11660.229492	-100.939606
11665.612793	-101.262962
11670.996094	-101.458908
11676.379395	-102.100159
11681.762695	-101.671478
11687.145996	-100.977539
11692.529297	-100.694893
11697.912598	-100.620544
11703.295898	-101.535286
11708.679199	-100.812302
11714.062500	-99.963295
11719.445801	-99.786583
11724.829102	-99.345016
11730.212402	-99.931343
11735.595703	-100.269791
11740.979004	-100.461823
11746.362305	-100.396996
11751.745605	-100.313538
11757.128906	-100.002380
11762.512207	-100.252800
11767.895508	-100.690331
11773.278809	-99.835655
11778.662109	-99.712891
11784.045410	-100.049965
11789.428711	-100.382378
11794.812012	-100.797447
11800.195312	-100.712723
11805.578613	-99.838020
11810.961914	-99.645050
11816.345215	-99.569633
11821.728516	-99.811684
11827.111816	-99.760513
11832.495117	-99.833015
11837.878418	-100.461159
11843.261719	-101.141632
11848.645020	-100.927917
11854.028320	-100.583519
11859.411621	-100.388268
11864.794922	-100.455933
11870.178223	-100.407295
11875.561523	-100.084862
11880.944824	-100.062538
11886.328125	-100.217087
11891.711426	-100.457901
11897.094727	-99.639656
11902.478027	-100.461136
11907.861328	-101.032867
11913.244629	-100.500740
11918.627930	-101.209526
11924.011230	-101.339592
11929.394531	-100.879944
11934.777832	-101.081924
11940.161133	-101.269989
11945.544434	-101.402374
11950.927734	-101.219322
11956.311035	-101.269531
11961.694336	-101.559578
11967.077637	-100.374886
11972.460938	-100.354683
11977.844238	-100.656128
11983.227539	-101.254417
11988.610840	-100.821960
11993.994141	-100.933754
11999.377441	-100.723389
12004.760742	-101.181229
12010.144043	-101.758293
12015.527344	-101.612122
12020.910645	-101.311562
12026.293945	-101.351303
12031.677246	-102.064949
12037.060547	-102.059090
12042.443848	-101.458397
12047.827148	-101.074448
12053.210449	-101.301666
12058.593750	-101.521988
12063.977051	-101.490936
12069.360352	-101.923889
12074.743652	-102.385185
12080.126953	-101.736496
12085.510254	-101.748230
12090.893555	-101.694603
12096.276855	-101.169662
12101.660156	-100.496033
12107.043457	-100.963135
12112.426758	-101.130188
12117.810059	-100.662308
12123.193359	-100.456741
12128.576660	-101.015640
12133.959961	-101.142998
12139.343262	-100.657593
12144.726562	-100.430336
12150.109863	-100.596352
12155.493164	-100.218513
12160.876465	-100.715942
12166.259766	-100.886124
12171.643066	-100.913940
12177.026367	-101.027649
12182.409668	-101.144501
12187.792969	-101.249268
12193.176270	-101.023048
12198.559570	-101.571587
12203.942871	-100.796455
12209.326172	-100.993622
12214.709473	-101.022820
12220.092773	-101.197914
12225.476074	-101.181297
12230.859375	-101.203094
12236.242676	-101.514091
12241.625977	-101.441048
12247.009277	-100.854973
12252.392578	-101.072868
12257.775879	-101.353775
12263.159180	-101.345985
12268.542480	-100.886627
12273.925781	-101.481590
12279.309082	-101.568474
12284.692383	-101.039726
12290.075684	-101.587494
12295.458984	-101.207451
12300.842285	-100.972343
12306.225586	-101.010384
12311.608887	-101.675255
12316.992188	-101.515160
12322.375488	-101.690102
12327.758789	-101.593971
12333.142090	-101.952156
12338.525391	-101.756340
12343.908691	-102.084633
12349.291992	-102.475037
12354.675293	-101.673050
12360.058594	-101.738701
12365.441895	-101.932068
12370.825195	-102.200615
12376.208496	-101.922264
12381.591797	-101.912048
12386.975098	-102.092285
12392.358398	-102.011765
12397.741699	-101.770805
12403.125000	-102.165291
12408.508301	-101.713089
12413.891602	-101.820473
12419.274902	-101.929581
12424.658203	-102.064583
12430.041504	-101.320045
12435.424805	-102.088371
12440.808105	-102.204987
12446.191406	-101.794113
12451.574707	-102.332191
12456.958008	-102.757210
12462.341309	-102.683205
12467.724609	-102.426163
12473.107910	-102.815681
12478.491211	-102.976234
12483.874512	-102.678421
12489.257812	-102.297043
12494.641113	-102.496750
12500.024414	-102.392761
12505.407715	-102.296181
12510.791016	-102.195717
12516.174316	-102.155899
12521.557617	-102.761047
12526.940918	-102.640091
12532.324219	-102.373299
12537.707520	-102.383408
12543.090820	-102.876160
12548.474121	-103.191368
12553.857422	-102.923851
12559.240723	-102.796349
12564.624023	-102.794258
12570.007324	-103.001747
12575.390625	-103.007942
12580.773926	-102.679764
12586.157227	-102.889671
12591.540527	-102.837357
12596.923828	-103.057823
12602.307129	-103.086983
12607.690430	-103.285889
12613.073730	-103.249306
12618.457031	-102.548096
12623.840332	-102.711807
12629.223633	-103.062843
12634.606934	-103.297729
12639.990234	-103.310051
12645.373535	-102.845032
12650.756836	-103.114838
12656.140137	-103.878738
12661.523438	-102.965736
12666.906738	-103.038757
12672.290039	-102.860008
12677.673340	-102.617279
12683.056641	-102.417969
12688.439941	-103.407463
12693.823242	-103.194298
12699.206543	-102.662605
12704.589844	-102.796692
12709.973145	-103.491554
12715.356445	-102.750641
12720.739746	-102.969589
12726.123047	-103.106430
12731.506348	-103.392761
12736.889648	-103.566597
12742.272949	-103.835831
12747.656250	-103.998337
12753.039551	-103.982468
12758.422852	-102.882599
12763.806152	-102.538673
12769.189453	-102.305412
12774.572754	-102.697243
12779.956055	-103.053368
12785.339355	-103.052124
12790.722656	-103.625504
12796.105957	-103.604752
12801.489258	-103.427116
12806.872559	-103.826691
12812.255859	-103.657372
12817.639160	-103.719910
12823.022461	-104.010864
12828.405762	-103.520721
12833.789062	-103.353569
12839.172363	-103.610344
12844.555664	-103.474480
12849.938965	-103.356613
12855.322266	-104.046753
12860.705566	-103.720825
12866.088867	-103.808525
12871.472168	-104.111374
12876.855469	-104.547562
12882.238770	-104.442825
12887.622070	-104.197838
12893.005371	-104.411736
12898.388672	-104.485031
12903.771973	-104.553215
12909.155273	-104.509605
12914.538574	-104.542580
12919.921875	-104.101631
12925.305176	-104.755066
12930.688477	-104.807274
12936.071777	-104.457787
12941.455078	-104.597740
12946.838379	-104.699493
12952.221680	-103.775131
12957.604980	-104.097839
12962.988281	-104.151711
12968.371582	-103.521362
12973.754883	-103.568184
12979.138184	-103.936127
12984.521484	-104.436592
12989.904785	-104.362335
12995.288086	-104.161957
13000.671387	-103.826248
13006.054688	-103.664551
13011.437988	-103.561440
13016.821289	-103.707191
13022.204590	-103.829895
13027.587891	-103.934898
13032.971191	-104.232468
13038.354492	-103.759026
13043.737793	-103.867157
13049.121094	-104.027809
13054.504395	-103.814095
13059.887695	-103.657806
13065.270996	-104.240990
13070.654297	-104.275574
13076.037598	-103.879646
13081.420898	-103.983276
13086.804199	-103.378670
13092.187500	-103.001640
13097.570801	-103.359520
13102.954102	-103.657669
13108.337402	-103.204781
13113.720703	-102.967033
13119.104004	-102.426186
13124.487305	-102.449387
13129.870605	-101.626442
13135.253906	-100.684578
13140.637207	-100.263321
13146.020508	-101.870987
13151.403809	-102.149216
13156.787109	-101.685371
13162.170410	-102.087906
13167.553711	-102.891228
13172.937012	-102.487228
13178.320312	-103.386620
13183.703613	-103.334267
13189.086914	-102.546921
13194.470215	-102.364029
13199.853516	-101.702370
13205.236816	-101.549454
13210.620117	-102.404396
13216.003418	-101.562866
13221.386719	-100.157661
13226.770020	-99.713257
13232.153320	-100.131828
13237.536621	-100.268028
13242.919922	-100.294487
13248.303223	-101.091988
13253.686523	-99.616119
13259.069824	-98.441223
13264.453125	-100.159431
13269.836426	-101.851585
13275.219727	-101.025879
13280.603027	-101.785881
13285.986328	-102.986229
13291.369629	-103.057152
13296.752930	-102.627396
13302.136230	-102.645050
13307.519531	-102.497452
13312.902832	-102.503548
13318.286133	-101.861557
13323.669434	-100.894424
13329.052734	-100.933060
13334.436035	-101.872009
13339.819336	-101.941017
13345.202637	-100.564209
13350.585938	-100.649544
13355.969238	-100.955467
13361.352539	-100.939293
13366.735840	-102.369324
13372.119141	-102.515450
13377.502441	-102.588272
13382.885742	-102.817062
13388.269043	-102.799896
13393.652344	-101.993126
13399.035645	-102.155434
13404.418945	-102.855415
13409.802246	-102.693542
13415.185547	-102.423615
13420.568848	-101.445526
13425.952148	-101.625473
13431.335449	-101.987831
13436.718750	-101.718742
13442.102051	-101.558044
13447.485352	-101.373871
13452.868652	-101.799789
13458.251953	-101.994316
13463.635254	-101.450012
13469.018555	-101.877899
13474.401855	-101.184486
13479.785156	-100.138901
13485.168457	-101.553123
13490.551758	-101.586548
13495.935059	-102.494888
13501.318359	-102.655205
13506.701660	-101.904655
13512.084961	-101.597710
13517.468262	-102.302689
13522.851562	-103.136124
13528.234863	-102.796211
13533.618164	-103.025345
13539.001465	-103.255341
13544.384766	-102.804413
13549.768066	-102.544716
13555.151367	-102.843323
13560.534668	-101.617409
13565.917969	-101.561188
13571.301270	-101.583984
13576.684570	-101.966705
13582.067871	-102.431282
13587.451172	-103.280396
13592.834473	-103.393082
13598.217773	-104.040871
13603.601074	-103.713516
13608.984375	-103.661522
13614.367676	-103.842163
13619.750977	-103.548241
13625.134277	-103.633224
13630.517578	-103.252617
13635.900879	-103.474945
13641.284180	-103.539467
13646.667480	-103.039124
13652.050781	-103.307648
13657.434082	-104.194740
13662.817383	-104.358414
13668.200684	-104.463745
13673.583984	-104.064537
13678.967285	-104.249687
13684.350586	-103.837036
13689.733887	-104.397072
13695.117188	-105.004654
13700.500488	-105.418968
13705.883789	-105.344131
13711.267090	-105.128464
13716.650391	-104.783859
13722.033691	-104.380135
13727.416992	-104.056099
13732.800293	-104.245743
13738.183594	-104.572029
13743.566895	-104.634438
13748.950195	-104.276230
13754.333496	-103.953506
13759.716797	-104.412338
13765.100098	-104.019310
13770.483398	-104.013008
13775.866699	-104.454178
13781.250000	-104.546295
13786.633301	-104.898369
13792.016602	-105.028061
13797.399902	-104.876404
13802.783203	-104.393425
13808.166504	-104.544884
13813.549805	-104.537628
13818.933105	-104.103676
13824.316406	-103.858467
13829.699707	-104.414276
13835.083008	-103.618614
13840.466309	-101.463181
13845.849609	-97.516930
13851.232910	-101.497467
13856.616211	-103.798950
13861.999512	-103.985092
13867.382812	-103.971458
13872.766113	-104.035202
13878.149414	-104.687302
13883.532715	-104.371857
13888.916016	-103.808083
13894.299316	-104.618340
13899.682617	-105.526215
13905.065918	-105.179985
13910.449219	-105.101456
13915.832520	-105.162895
13921.215820	-105.638969
13926.599121	-104.793236
13931.982422	-104.808128
13937.365723	-104.957420
13942.749023	-105.171844
13948.132324	-104.728081
13953.515625	-105.272263
13958.898926	-104.509972
13964.282227	-103.442253
13969.665527	-104.260567
13975.048828	-104.535355
13980.432129	-104.479805
13985.815430	-103.971031
13991.198730	-103.423439
13996.582031	-103.579323
14001.965332	-103.413216
14007.348633	-103.853806
14012.731934	-104.608818
14018.115234	-104.519173
14023.498535	-104.424698
14028.881836	-104.729958
14034.265137	-104.398430
14039.648438	-104.530098
14045.031738	-104.896622
14050.415039	-105.026382
14055.798340	-104.822807
14061.181641	-104.519371
14066.564941	-104.888748
14071.948242	-104.347939
14077.331543	-104.039749
14082.714844	-104.247726
14088.098145	-104.744614
14093.481445	-104.274162
14098.864746	-104.977692
14104.248047	-105.018784
14109.631348	-105.313766
14115.014648	-104.976990
14120.397949	-105.281952
14125.781250	-105.144257
14131.164551	-105.268028
14136.547852	-105.431816
14141.931152	-104.489197
14147.314453	-104.572098
14152.697754	-105.201416
14158.081055	-105.140686
14163.464355	-105.051376
14168.847656	-104.744987
14174.230957	-104.886398
14179.614258	-105.218452
14184.997559	-105.001465
14190.380859	-104.569305
14195.764160	-104.952599
14201.147461	-105.140755
14206.530762	-104.450836
14211.914062	-103.669708
14217.297363	-103.543076
14222.680664	-104.245979
14228.063965	-104.250610
14233.447266	-104.016037
14238.830566	-104.497559
14244.213867	-104.632515
14249.597168	-104.710831
14254.980469	-104.722748
14260.363770	-105.208267
14265.747070	-104.797577
14271.130371	-104.187241
14276.513672	-104.427368
14281.896973	-104.164352
14287.280273	-104.421272
14292.663574	-105.077171
14298.046875	-105.020782
14303.430176	-104.940323
14308.813477	-104.394203
14314.196777	-104.543869
14319.580078	-104.991699
14324.963379	-104.841385
14330.346680	-104.645393
14335.729980	-104.262238
14341.113281	-104.685600
14346.496582	-105.364548
14351.879883	-105.811928
14357.263184	-105.197464
14362.646484	-104.801552
14368.029785	-104.888153
14373.413086	-104.747375
14378.796387	-103.790207
14384.179688	-103.540550
14389.562988	-103.876518
14394.946289	-103.515480
14400.329590	-104.108276
14405.712891	-104.054794
14411.096191	-103.716637
14416.479492	-103.638382
14421.862793	-103.435219
14427.246094	-103.758324
14432.629395	-103.625603
14438.012695	-103.676231
14443.395996	-104.051537
14448.779297	-103.902473
14454.162598	-103.684998
14459.545898	-103.988335
14464.929199	-104.254463
14470.312500	-104.109779
14475.695801	-104.096405
14481.079102	-104.047447
14486.462402	-103.587662
14491.845703	-104.147392
14497.229004	-104.134094
14502.612305	-104.605362
14507.995605	-104.457085
14513.378906	-103.728821
14518.762207	-104.271294
14524.145508	-104.150742
14529.528809	-104.215202
14534.912109	-104.334290
14540.295410	-104.222275
14545.678711	-104.172386
14551.062012	-104.803009
14556.445312	-105.018623
14561.828613	-104.972626
14567.211914	-105.469810
14572.595215	-106.023918
14577.978516	-105.245300
14583.361816	-104.732796
14588.745117	-105.531822
14594.128418	-105.087097
14599.511719	-104.566917
14604.895020	-103.988564
14610.278320	-104.474701
14615.661621	-104.954323
14621.044922	-104.688461
14626.428223	-104.511368
14631.811523	-104.201508
14637.194824	-104.058289
14642.578125	-104.479584
14647.961426	-104.764137
14653.344727	-105.018707
14658.728027	-105.170891
14664.111328	-104.919907
14669.494629	-105.127800
14674.877930	-104.769058
14680.261230	-104.362732
14685.644531	-104.500221
14691.027832	-103.995049
14696.411133	-104.737328
14701.794434	-105.216881
14707.177734	-104.374367
14712.561035	-104.005318
14717.944336	-104.460518
14723.327637	-104.778648
14728.710938	-104.176277
14734.094238	-104.446907
14739.477539	-104.310555
14744.860840	-104.561905
14750.244141	-104.757103
14755.627441	-105.002220
14761.010742	-105.026703
14766.394043	-104.581581
14771.777344	-103.829384
14777.160645	-104.082626
14782.543945	-104.746971
14787.927246	-104.179214
14793.310547	-104.336227
14798.693848	-104.137032
14804.077148	-103.936546
14809.460449	-103.919693
14814.843750	-104.504898
14820.227051	-104.471764
14825.610352	-103.929611
14830.993652	-103.201057
14836.376953	-103.056023
14841.760254	-103.231087
14847.143555	-103.942902
14852.526855	-104.675072
14857.910156	-104.303757
14863.293457	-104.573296
14868.676758	-104.315681
14874.060059	-104.560287
14879.443359	-104.861389
14884.826660	-104.665237
14890.209961	-105.209648
14895.593262	-104.589195
14900.976562	-104.427742
14906.359863	-104.705025
14911.743164	-104.845528
14917.126465	-104.669884
14922.509766	-104.051865
14927.893066	-104.120148
14933.276367	-104.563416
14938.659668	-104.840889
14944.042969	-104.687386
14949.426270	-104.473335
14954.809570	-104.263168
14960.192871	-104.746826
14965.576172	-104.488159
14970.959473	-104.250938
14976.342773	-104.627518
14981.726074	-104.420883
14987.109375	-104.149132
14992.492676	-104.230362
14997.875977	-104.435387
15003.259277	-104.492546
15008.642578	-104.296173
15014.025879	-104.629913
15019.409180	-104.816788
15024.792480	-104.826385
15030.175781	-103.916054
15035.559082	-103.801544
15040.942383	-104.076805
15046.325684	-104.025681
15051.708984	-104.272408
15057.092285	-103.975487
15062.475586	-104.143814
15067.858887	-104.148849
15073.242188	-104.692535
15078.625488	-104.975456
15084.008789	-105.295197
15089.392090	-105.455414
15094.775391	-105.636429
15100.158691	-104.843773
15105.541992	-104.483154
15110.925293	-104.603897
15116.308594	-104.656006
15121.691895	-104.166771
15127.075195	-104.097008
15132.458496	-104.092209
15137.841797	-104.697693
15143.225098	-104.999008
15148.608398	-104.780281
15153.991699	-105.226471
15159.375000	-104.885597
15164.758301	-104.791893
15170.141602	-104.702225
15175.524902	-104.263412
15180.908203	-104.509819
15186.291504	-104.946754
15191.674805	-104.303490
15197.058105	-104.138840
15202.441406	-104.419083
15207.824707	-104.936958
15213.208008	-104.215584
15218.591309	-104.314636
15223.974609	-105.073860
15229.357910	-104.700264
15234.741211	-104.457390
15240.124512	-104.613785
15245.507812	-104.742455
15250.891113	-104.289795
15256.274414	-103.546722
15261.657715	-103.473686
15267.041016	-104.555534
15272.424316	-104.945450
15277.807617	-104.272667
15283.190918	-104.370903
15288.574219	-104.227119
15293.957520	-104.335075
15299.340820	-104.709816
15304.724121	-104.855164
15310.107422	-104.938919
15315.490723	-104.597969
15320.874023	-105.264389
15326.257324	-105.608414
15331.640625	-105.445389
15337.023926	-105.482849
15342.407227	-105.224327
15347.790527	-104.566658
15353.173828	-105.324890
15358.557129	-105.204330
15363.940430	-105.007088
15369.323730	-105.195526
15374.707031	-104.475929
15380.090332	-105.069389
15385.473633	-105.043327
15390.856934	-104.605507
15396.240234	-105.055328
15401.623535	-105.924164
15407.006836	-105.588654
15412.390137	-105.413132
15417.773438	-105.260857
15423.156738	-105.368896
15428.540039	-105.017578
15433.923340	-104.619469
15439.306641	-104.998962
15444.689941	-105.577324
15450.073242	-105.146980
15455.456543	-104.717293
15460.839844	-104.854034
15466.223145	-104.498756
15471.606445	-104.341286
15476.989746	-104.589874
15482.373047	-105.128983
15487.756348	-105.440224
15493.139648	-104.470581
15498.522949	-105.015709
15503.906250	-105.377464
15509.289551	-105.334206
15514.672852	-104.951576
15520.056152	-104.378433
15525.439453	-104.266640
15530.822754	-104.385338
15536.206055	-104.386398
15541.589355	-104.734917
15546.972656	-105.001785
15552.355957	-104.782516
15557.739258	-105.311134
15563.122559	-105.791611
15568.505859	-106.067688
15573.889160	-105.232674
15579.272461	-105.284927
15584.655762	-105.196556
15590.039062	-104.643394
15595.422363	-104.802696
15600.805664	-105.017838
15606.188965	-104.920822
15611.572266	-105.072639
15616.955566	-105.462830
15622.338867	-105.795013
15627.722168	-105.733780
15633.105469	-106.292542
15638.488770	-106.353416
15643.872070	-105.826584
15649.255371	-106.044014
15654.638672	-105.835068
15660.021973	-105.534073
15665.405273	-105.758896
15670.788574	-105.408546
15676.171875	-105.403038
15681.555176	-105.330757
15686.938477	-105.424782
15692.321777	-105.562737
15697.705078	-105.429489
15703.088379	-104.983704
15708.471680	-104.682152
15713.854980	-105.614166
15719.238281	-105.282845
15724.621582	-104.885712
15730.004883	-105.372879
15735.388184	-105.124130
15740.771484	-105.156715
15746.154785	-106.160568
15751.538086	-105.743423
15756.921387	-105.298927
15762.304688	-105.415878
15767.687988	-105.445526
15773.071289	-105.193008
15778.454590	-105.774345
15783.837891	-106.018166
15789.221191	-105.809731
15794.604492	-105.635986
15799.987793	-106.276848
15805.371094	-105.268684
15810.754395	-105.327011
15816.137695	-105.439552
15821.520996	-105.593994
15826.904297	-105.741013
15832.287598	-106.012871
15837.670898	-106.388260
15843.054199	-106.516083
15848.437500	-106.490501
15853.820801	-106.077827
15859.204102	-105.472816
15864.587402	-105.350334
15869.970703	-105.237282
15875.354004	-105.997787
15880.737305	-106.085938
15886.120605	-106.256767
15891.503906	-106.259094
15896.887207	-106.225685
15902.270508	-106.100891
15907.653809	-106.079071
15913.037109	-105.602730
15918.420410	-105.566727
15923.803711	-105.093422
15929.187012	-104.991570
15934.570312	-105.581200
15939.953613	-106.317650
15945.336914	-105.950989
15950.720215	-106.031715
15956.103516	-106.224457
15961.486816	-105.994682
15966.870117	-105.986961
15972.253418	-105.967018
15977.636719	-106.679039
15983.020020	-107.656456
15988.403320	-109.796867
15993.786621	-113.438828
15999.169922	-117.256760
16004.553223	-122.616951
16009.936523	-124.448242
16015.319824	-123.730911
16020.703125	-123.955780
16026.086426	-124.841553
16031.469727	-125.641380
16036.853027	-124.884964
16042.236328	-125.246483
16047.619629	-125.350426
16053.002930	-125.403618
16058.386230	-125.346870
16063.769531	-125.448097
16069.152832	-125.554672
16074.536133	-125.616318
16079.919434	-125.634621
16085.302734	-125.474701
16090.686035	-125.531097
16096.069336	-125.428955
16101.452637	-125.485779
16106.835938	-125.885666
16112.219238	-125.206299
16117.602539	-126.037018
16122.985840	-125.391457
16128.369141	-125.642387
16133.752441	-125.685280
16139.135742	-125.662811
16144.519043	-125.504761
16149.902344	-125.882904
16155.285645	-125.702042
16160.668945	-125.745033
16166.052246	-125.554985
16171.435547	-125.417473
16176.818848	-125.445877
16182.202148	-125.807152
16187.585449	-125.415169
16192.968750	-125.848297
16198.352051	-125.623528
16203.735352	-125.685532
16209.118652	-125.707268
16214.501953	-125.873428
16219.885254	-125.801170
16225.268555	-125.368164
16230.651855	-125.849419
16236.035156	-125.611107
16241.418457	-125.496117
16246.801758	-125.716743
16252.185059	-125.871933
16257.568359	-125.433723
16262.951660	-125.740990
16268.334961	-125.897148
16273.718262	-125.506325
16279.101562	-125.777748
16284.484863	-125.438438
16289.868164	-125.937134
16295.251465	-125.458183
16300.634766	-125.665474
16306.018066	-125.768074
16311.401367	-125.736191
16316.784668	-125.662514
16322.167969	-125.883141
16327.551270	-125.517838
16332.934570	-126.027824
16338.317871	-125.560730
16343.701172	-125.713013
16349.084473	-125.549782
16354.467773	-125.756355
16359.851074	-125.958618
16365.234375	-125.631111
16370.617676	-125.553627
16376.000977	-125.803604
16381.384277	-125.657295
16386.767578	-125.458588
16392.150879	-126.037842
16397.534180	-125.331383
16402.917480	-126.063530
16408.300781	-125.524925
16413.684082	-125.609192
16419.067383	-125.894844
16424.450684	-125.759865
16429.833984	-125.587616
16435.217285	-126.214691
16440.600586	-125.465195
16445.983887	-125.760071
16451.367188	-125.891197
16456.750488	-125.660057
16462.133789	-125.670929
16467.517090	-125.723465
16472.900391	-125.987717
16478.283691	-125.434799
16483.666992	-126.020042
16489.050293	-125.640366
16494.433594	-126.002731
16499.816895	-125.644226
16505.200195	-125.925568
16510.583496	-125.690636
16515.966797	-125.584450
16521.350098	-125.695518
16526.733398	-126.048477
16532.116699	-125.778549
16537.500000	-125.795921
16542.883301	-125.695564
16548.266602	-125.918045
16553.649902	-125.601532
16559.033203	-125.944542
16564.416504	-125.690231
16569.799805	-125.702538
16575.183105	-125.938553
16580.566406	-125.600273
16585.949707	-125.993736
16591.333008	-125.597305
16596.716309	-125.628708
16602.099609	-125.811348
16607.482910	-125.706779
16612.866211	-125.785225
16618.249512	-126.017197
16623.632812	-125.703743
16629.016113	-125.517944
16634.399414	-126.138054
16639.782715	-125.742706
16645.166016	-125.862259
16650.549316	-125.903984
16655.932617	-125.794601
16661.315918	-125.841614
16666.699219	-125.400452
16672.082520	-125.942490
16677.465820	-125.969269
16682.849121	-125.643349
16688.232422	-125.856369
16693.615723	-125.971802
16698.999023	-125.651405
16704.382324	-125.835342
16709.765625	-125.689491
16715.148926	-126.108658
16720.532227	-125.597198
16725.915527	-125.805496
16731.298828	-125.876129
16736.682129	-125.761726
16742.065430	-125.911819
16747.448730	-125.318825
16752.832031	-126.338638
16758.215332	-125.514977
16763.598633	-125.881531
16768.981934	-125.841812
16774.365234	-125.672905
16779.748535	-125.713158
16785.131836	-125.802795
16790.515137	-125.820938
16795.898438	-125.786064
16801.281738	-125.819626
16806.665039	-125.789276
16812.048340	-125.919571
16817.431641	-125.502098
16822.814941	-125.813873
16828.198242	-125.894356
16833.581543	-125.869492
16838.964844	-125.843651
16844.348145	-125.817001
16849.731445	-125.888046
16855.114746	-125.975670
16860.498047	-125.839989
16865.881348	-125.812469
16871.264648	-125.721214
16876.647949	-125.987137
16882.031250	-125.439613
16887.414551	-126.189034
16892.797852	-125.914566
16898.181152	-125.633560
16903.564453	-125.795395
16908.947754	-125.759682
16914.331055	-125.970207
16919.714355	-125.710320
16925.097656	-125.776596
16930.480957	-125.953262
16935.864258	-125.782204
16941.247559	-126.076813
16946.630859	-125.860413
16952.014160	-125.721199
16957.397461	-125.942039
16962.780762	-125.970016
16968.164062	-125.973770
16973.547363	-125.876343
16978.930664	-125.750763
16984.313965	-126.060432
16989.697266	-125.564880
16995.080566	-126.407288
17000.463867	-125.537025
17005.847168	-125.962601
17011.230469	-125.834381
17016.613770	-126.209671
17021.997070	-125.604851
17027.380371	-125.783951
17032.763672	-125.797455
17038.146973	-125.690392
17043.530273	-125.832550
17048.913574	-125.913528
17054.296875	-126.142738
17059.680176	-125.922585
17065.063477	-126.023659
17070.446777	-125.800064
17075.830078	-125.680878
17081.213379	-126.371948
17086.596680	-125.692078
17091.979980	-126.222382
17097.363281	-125.687675
17102.746582	-125.949554
17108.129883	-125.850227
17113.513184	-125.676926
17118.896484	-126.154427
17124.279785	-125.833435
17129.663086	-125.894958
17135.046387	-125.727669
17140.429688	-125.902863
17145.812988	-125.787903
17151.196289	-125.677795
17156.579590	-125.909569
17161.962891	-125.750404
17167.346191	-125.796112
17172.729492	-126.170265
17178.112793	-125.725845
17183.496094	-125.739090
17188.879395	-126.200333
17194.262695	-125.832993
17199.645996	-125.853531
17205.029297	-125.987022
17210.412598	-125.663597
17215.795898	-126.261078
17221.179199	-125.573105
17226.562500	-125.934402
17231.945801	-125.935669
17237.329102	-125.741379
17242.712402	-125.861954
17248.095703	-125.955620
17253.479004	-126.093163
17258.862305	-125.816772
17264.245605	-125.851990
17269.628906	-125.925110
17275.012207	-125.872597
17280.395508	-125.649963
17285.778809	-126.207474
17291.162109	-125.636284
17296.545410	-126.446388
17301.928711	-125.855141
17307.312012	-125.960632
17312.695312	-125.817078
17318.078613	-126.244537
17323.461914	-125.743568
17328.845215	-126.144669
17334.228516	-126.381386
17339.611816	-125.589622
17344.995117	-125.900589
17350.378418	-125.888855
17355.761719	-125.914650
17361.145020	-125.820801
17366.528320	-125.918037
17371.911621	-125.953239
17377.294922	-126.046791
17382.678223	-126.039322
17388.061523	-125.845398
17393.444824	-126.349228
17398.828125	-125.739693
17404.211426	-126.190300
17409.594727	-125.776527
17414.978027	-125.720108
17420.361328	-125.907646
17425.744629	-125.653473
17431.127930	-126.196678
17436.511230	-125.970512
17441.894531	-125.953438
17447.277832	-125.952431
17452.661133	-126.254875
17458.044434	-125.901115
17463.427734	-125.958687
17468.811035	-126.141335
17474.194336	-125.931412
17479.577637	-126.070213
17484.960938	-125.997986
17490.344238	-125.999954
17495.727539	-126.012672
17501.110840	-125.964783
17506.494141	-125.709465
17511.877441	-126.142220
17517.260742	-125.820488
17522.644043	-126.108559
17528.027344	-125.832741
17533.410645	-126.057610
17538.793945	-125.947289
17544.177246	-125.815636
17549.560547	-125.918533
17554.943848	-125.941231
17560.327148	-125.835510
17565.710449	-125.829231
17571.093750	-126.411217
17576.477051	-125.766006
17581.860352	-126.399551
17587.243652	-125.658310
17592.626953	-125.874817
17598.010254	-126.111313
17603.393555	-125.630287
17608.776855	-126.244125
17614.160156	-126.004051
17619.543457	-125.934967
17624.926758	-126.129120
17630.310059	-125.971588
17635.693359	-126.093918
17641.076660	-125.973396
17646.459961	-125.934120
17651.843262	-125.842216
17657.226562	-126.133118
17662.609863	-126.021553
17667.993164	-125.920555
17673.376465	-125.945000
17678.759766	-125.927315
17684.143066	-126.093849
17689.526367	-125.975395
17694.909668	-125.782440
17700.292969	-126.541283
17705.676270	-125.681664
17711.059570	-125.983963
17716.442871	-126.002563
17721.826172	-125.962509
17727.209473	-125.905022
17732.592773	-125.867416
17737.976074	-126.141273
17743.359375	-125.855469
17748.742676	-126.008804
17754.125977	-126.018280
17759.509277	-126.090279
17764.892578	-126.178841
17770.275879	-125.807243
17775.659180	-125.956848
17781.042480	-125.821793
17786.425781	-125.863182
17791.809082	-126.012543
17797.192383	-126.277832
17802.575684	-125.842995
17807.958984	-125.889893
17813.342285	-125.703087
17818.725586	-126.042511
17824.108887	-125.959770
17829.492188	-125.882721
17834.875488	-126.014252
17840.258789	-126.171997
17845.642090	-125.824898
17851.025391	-126.144279
17856.408691	-126.108490
17861.791992	-125.959663
17867.175293	-126.145897
17872.558594	-125.853104
17877.941895	-125.952774
17883.325195	-126.227875
17888.708496	-125.949684
17894.091797	-125.965027
17899.475098	-126.143761
17904.858398	-125.980728
17910.241699	-125.966209
17915.625000	-126.194382
17921.008301	-125.882347
17926.391602	-126.220795
17931.774902	-125.838135
17937.158203	-126.094345
17942.541504	-125.958252
17947.924805	-125.817947
17953.308105	-126.289413
17958.691406	-125.640617
17964.074707	-126.239288
17969.458008	-126.238800
17974.841309	-126.023338
17980.224609	-126.259613
17985.607910	-125.788559
17990.991211	-126.129349
17996.374512	-125.875038
18001.757812	-125.977943
18007.141113	-125.928986
18012.524414	-126.060822
18017.907715	-125.859055
18023.291016	-126.359268
18028.674316	-125.886551
18034.057617	-126.034050
18039.440918	-126.234581
18044.824219	-125.856796
18050.207520	-126.261360
18055.590820	-126.194038
18060.974121	-126.030815
18066.357422	-126.181541
18071.740723	-126.014084
18077.124023	-126.028748
18082.507324	-126.114265
18087.890625	-126.071045
18093.273926	-126.045395
18098.657227	-126.059158
18104.040527	-125.976517
18109.423828	-126.003853
18114.807129	-126.072784
18120.190430	-125.938118
18125.573730	-125.994484
18130.957031	-125.971367
18136.340332	-125.934097
18141.723633	-126.237579
18147.106934	-125.884781
18152.490234	-126.566429
18157.873535	-125.906754
18163.256836	-125.966202
18168.640137	-126.118401
18174.023438	-126.219582
18179.406738	-126.291054
18184.790039	-126.187805
18190.173340	-126.215973
18195.556641	-125.933449
18200.939941	-126.094635
18206.323242	-126.025040
18211.706543	-126.134933
18217.089844	-126.197754
18222.473145	-125.737114
18227.856445	-126.340492
18233.239746	-126.067749
18238.623047	-125.905357
18244.006348	-126.515442
18249.389648	-125.919662
18254.772949	-126.189705
18260.156250	-126.044014
18265.539551	-126.017723
18270.922852	-126.381729
18276.306152	-126.043335
18281.689453	-126.072021
18287.072754	-125.987953
18292.456055	-126.089966
18297.839355	-125.982193
18303.222656	-125.854622
18308.605957	-126.481819
18313.989258	-125.836388
18319.372559	-126.665359
18324.755859	-125.993507
18330.139160	-126.210518
18335.522461	-125.882431
18340.905762	-126.305855
18346.289062	-125.936981
18351.672363	-126.063744
18357.055664	-125.888077
18362.438965	-126.296753
18367.822266	-125.982056
18373.205566	-125.976898
18378.588867	-126.113152
18383.972168	-126.081848
18389.355469	-126.123833
18394.738770	-126.414589
18400.122070	-125.981979
18405.505371	-126.144569
18410.888672	-125.936531
18416.271973	-126.054962
18421.655273	-125.911011
18427.038574	-126.107536
18432.421875	-126.108192
18437.805176	-125.772560
18443.188477	-126.473587
18448.571777	-126.050148
18453.955078	-126.035339
18459.338379	-125.866425
18464.721680	-126.252090
18470.104980	-126.229477
18475.488281	-126.169388
18480.871582	-126.095131
18486.254883	-126.132454
18491.638184	-125.805054
18497.021484	-126.159767
18502.404785	-126.313232
18507.788086	-126.051125
18513.171387	-126.130646
18518.554688	-126.023399
18523.937988	-126.180168
18529.321289	-125.862030
18534.704590	-126.076302
18540.087891	-125.857613
18545.471191	-126.172150
18550.854492	-126.099159
18556.237793	-126.108734
18561.621094	-126.216850
18567.004395	-126.230942
18572.387695	-126.203949
18577.770996	-126.274422
18583.154297	-125.796394
18588.537598	-125.970505
18593.920898	-126.274261
18599.304199	-126.225136
18604.687500	-125.909584
18610.070801	-126.128227
18615.454102	-125.805923
18620.837402	-126.258629
18626.220703	-125.902817
18631.604004	-126.351501
18636.987305	-125.884880
18642.370605	-126.270454
18647.753906	-126.086731
18653.137207	-126.094154
18658.520508	-126.115318
18663.903809	-125.970734
18669.287109	-126.227135
18674.670410	-126.226387
18680.053711	-126.308784
18685.437012	-125.924995
18690.820312	-126.125694
18696.203613	-126.251747
18701.586914	-126.317192
18706.970215	-125.869041
18712.353516	-126.136757
18717.736816	-126.249771
18723.120117	-125.802116
18728.503418	-126.257347
18733.886719	-126.370903
18739.270020	-126.097931
18744.653320	-126.367134
18750.036621	-125.872086
18755.419922	-126.450043
18760.803223	-125.824394
18766.186523	-126.348335
18771.569824	-126.076012
18776.953125	-126.058067
18782.336426	-126.416023
18787.719727	-125.925018
18793.103027	-126.275505
18798.486328	-126.135742
18803.869629	-125.961266
18809.252930	-126.226166
18814.636230	-126.202370
18820.019531	-126.363625
18825.402832	-126.140457
18830.786133	-125.914200
18836.169434	-126.458679
18841.552734	-126.324509
18846.936035	-125.919388
18852.319336	-126.317619
18857.702637	-126.005653
18863.085938	-126.262611
18868.469238	-126.108284
18873.852539	-125.971848
18879.235840	-126.249275
18884.619141	-126.182892
18890.002441	-126.175468
18895.385742	-126.119270
18900.769043	-126.227829
18906.152344	-126.262939
18911.535645	-126.202354
18916.918945	-126.128540
18922.302246	-126.099892
18927.685547	-126.080162
18933.068848	-126.160118
18938.452148	-126.333893
18943.835449	-126.190605
18949.218750	-126.230156
18954.602051	-126.215721
18959.985352	-126.134560
18965.368652	-126.345528
18970.751953	-126.308350
18976.135254	-125.977608
18981.518555	-125.808220
18986.901855	-126.504234
18992.285156	-126.272141
18997.668457	-126.107727
19003.051758	-126.228050
19008.435059	-125.956474
19013.818359	-126.185799
19019.201660	-126.065315
19024.584961	-126.216888
19029.968262	-126.159691
19035.351562	-126.105621
19040.734863	-126.370018
19046.118164	-126.051643
19051.501465	-126.418381
19056.884766	-126.021027
19062.268066	-126.007072
19067.651367	-126.090828
19073.034668	-126.120087
19078.417969	-126.425514
19083.801270	-125.744972
19089.184570	-126.100731
19094.567871	-126.136002
19099.951172	-126.443832
19105.334473	-126.161690
19110.717773	-126.227623
19116.101074	-125.729782
19121.484375	-126.522545
19126.867676	-126.066086
19132.250977	-126.349091
19137.634277	-125.879852
19143.017578	-126.233322
19148.400879	-126.392471
19153.784180	-126.348335
19159.167480	-126.168640
19164.550781	-126.496490
19169.934082	-125.826233
19175.317383	-126.180786
19180.700684	-126.389130
19186.083984	-125.951263
19191.467285	-126.479134
19196.850586	-126.279999
19202.233887	-125.849319
19207.617188	-126.607773
19213.000488	-126.168137
19218.383789	-126.190559
19223.767090	-126.190758
19229.150391	-126.171143
19234.533691	-126.241753
19239.916992	-126.131950
19245.300293	-126.250435
19250.683594	-126.298447
19256.066895	-126.217796
19261.450195	-126.073166
19266.833496	-125.997124
19272.216797	-126.318413
19277.600098	-126.526215
19282.983398	-126.288490
19288.366699	-126.092590
19293.750000	-126.290810
19299.133301	-126.195633
19304.516602	-126.068771
19309.899902	-126.372299
19315.283203	-126.193108
19320.666504	-126.140114
19326.049805	-126.316032
19331.433105	-126.388695
19336.816406	-125.848648
19342.199707	-126.351501
19347.583008	-126.117935
19352.966309	-126.280739
19358.349609	-126.213356
19363.732910	-126.005409
19369.116211	-126.151154
19374.499512	-126.121254
19379.882812	-126.496811
19385.266113	-126.270569
19390.649414	-126.202827
19396.032715	-126.081566
19401.416016	-126.057281
19406.799316	-126.145279
19412.182617	-126.212875
19417.565918	-126.227852
19422.949219	-126.227409
19428.332520	-126.205032
19433.715820	-126.192406
19439.099121	-126.215004
19444.482422	-126.352676
19449.865723	-126.247002
19455.249023	-126.054039
19460.632324	-126.275711
19466.015625	-126.334663
19471.398926	-126.236511
19476.782227	-126.210922
19482.165527	-126.172058
19487.548828	-126.374245
19492.932129	-125.954079
19498.315430	-126.185425
19503.698730	-126.207848
19509.082031	-126.397339
19514.465332	-126.101700
19519.848633	-126.381844
19525.231934	-126.102722
19530.615234	-126.230179
19535.998535	-126.286591
19541.381836	-126.245476
19546.765137	-126.013794
19552.148438	-126.316597
19557.531738	-126.466125
19562.915039	-126.285446
19568.298340	-126.148994
19573.681641	-126.446251
19579.064941	-125.896759
19584.448242	-126.402512
19589.831543	-125.979813
19595.214844	-126.413849
19600.598145	-126.092705
19605.981445	-126.520805
19611.364746	-125.951065
19616.748047	-126.453506
19622.131348	-126.149437
19627.514648	-126.248177
19632.897949	-126.161995
19638.281250	-126.470490
19643.664551	-126.225090
19649.047852	-126.211525
19654.431152	-126.351456
19659.814453	-125.923828
19665.197754	-126.446144
19670.581055	-126.222672
19675.964355	-126.292152
19681.347656	-126.116913
19686.730957	-125.943024
19692.114258	-126.489922
19697.497559	-126.312981
19702.880859	-126.057556
19708.264160	-126.035431
19713.647461	-126.098831
19719.030762	-126.340706
19724.414062	-125.922386
19729.797363	-126.385254
19735.180664	-126.259209
19740.563965	-126.339966
19745.947266	-126.488846
19751.330566	-125.941444
19756.713867	-126.499939
19762.097168	-126.176392
19767.480469	-126.240883
19772.863770	-126.278290
19778.247070	-126.163345
19783.630371	-126.356117
19789.013672	-125.956642
19794.396973	-126.318695
19799.780273	-126.222313
19805.163574	-126.179710
19810.546875	-126.282639
19815.930176	-126.162987
19821.313477	-126.187416
19826.696777	-126.073471
19832.080078	-126.008194
19837.463379	-126.397522
19842.846680	-126.260254
19848.229980	-126.322273
19853.613281	-126.102493
19858.996582	-126.181808
19864.379883	-126.275551
19869.763184	-126.257027
19875.146484	-126.084564
19880.529785	-126.362747
19885.913086	-126.244217
19891.296387	-126.062271
19896.679688	-126.524315
19902.062988	-126.039734
19907.446289	-126.268417
19912.829590	-126.174385
19918.212891	-126.076790
19923.596191	-126.182579
19928.979492	-126.448738
19934.362793	-126.052826
19939.746094	-126.363739
19945.129395	-126.045235
19950.512695	-126.569557
19955.895996	-126.156548
19961.279297	-126.494125
19966.662598	-125.925636
19972.045898	-126.139465
19977.429199	-126.335037
19982.812500	-126.225296
19988.195801	-126.398575
19993.579102	-126.264229
19998.962402	-126.016388
20004.345703	-126.493820
20009.729004	-126.250069
20015.112305	-126.345963
20020.495605	-126.384476
20025.878906	-126.109962
20031.262207	-126.430161
20036.645508	-125.995941
20042.028809	-126.340797
20047.412109	-126.134247
20052.795410	-126.479065
20058.178711	-126.177147
20063.562012	-126.273041
20068.945312	-126.534782
20074.328613	-126.019821
20079.711914	-126.409744
20085.095215	-126.537971
20090.478516	-126.327721
20095.861816	-126.231483
20101.245117	-126.459129
20106.628418	-126.103561
20112.011719	-126.564522
20117.395020	-126.013939
20122.778320	-126.562981
20128.161621	-126.205833
20133.544922	-126.067871
20138.928223	-126.443321
20144.311523	-126.308296
20149.694824	-126.354027
20155.078125	-126.177979
20160.461426	-126.329765
20165.844727	-126.147423
20171.228027	-125.998909
20176.611328	-126.647903
20181.994629	-125.950958
20187.377930	-126.432480
20192.761230	-126.448967
20198.144531	-126.021706
20203.527832	-126.526886
20208.911133	-126.285629
20214.294434	-126.405388
20219.677734	-126.123543
20225.061035	-126.665771
20230.444336	-126.234856
20235.827637	-126.090836
20241.210938	-126.116425
20246.594238	-126.827759
20251.977539	-126.175957
20257.360840	-125.972504
20262.744141	-126.368523
20268.127441	-126.226639
20273.510742	-126.153893
20278.894043	-126.213165
20284.277344	-126.253319
20289.660645	-126.275398
20295.043945	-126.209709
20300.427246	-126.346947
20305.810547	-126.446480
20311.193848	-126.044968
20316.577148	-126.137337
20321.960449	-126.417664
20327.343750	-126.434464
20332.727051	-126.040146
20338.110352	-126.402306
20343.493652	-126.273170
20348.876953	-126.334450
20354.260254	-126.239479
20359.643555	-126.290726
20365.026855	-126.277428
20370.410156	-126.319283
20375.793457	-126.247955
20381.176758	-126.025642
20386.560059	-126.674896
20391.943359	-126.293800
20397.326660	-126.356674
20402.709961	-126.334740
20408.093262	-126.480431
20413.476562	-126.048973
20418.859863	-126.465225
20424.243164	-126.239708
20429.626465	-126.070251
20435.009766	-125.960655
20440.393066	-126.375290
20445.776367	-126.356041
20451.159668	-126.269966
20456.542969	-126.382217
20461.926270	-126.149208
20467.309570	-126.612869
20472.692871	-126.140099
20478.076172	-126.370918
20483.459473	-126.134941
20488.842773	-126.558670
20494.226074	-125.831711
20499.609375	-126.538986
20504.992676	-126.209381
20510.375977	-126.113274
20515.759277	-126.515633
20521.142578	-126.401230
20526.525879	-126.219353
20531.909180	-126.785240
20537.292480	-126.179420
20542.675781	-126.476456
20548.059082	-126.229950
20553.442383	-126.185928
20558.825684	-126.318169
20564.208984	-126.095413
20569.592285	-126.625092
20574.975586	-126.125015
20580.358887	-126.273033
20585.742188	-126.393021
20591.125488	-126.324493
20596.508789	-126.450066
20601.892090	-126.287926
20607.275391	-126.410172
20612.658691	-126.290207
20618.041992	-126.348732
20623.425293	-126.022339
20628.808594	-126.866020
20634.191895	-125.960068
20639.575195	-126.246796
20644.958496	-126.578178
20650.341797	-126.319397
20655.725098	-126.292503
20661.108398	-126.468727
20666.491699	-126.458115
20671.875000	-125.864784
20677.258301	-126.572617
20682.641602	-126.281746
20688.024902	-126.249893
20693.408203	-126.704727
20698.791504	-126.290833
20704.174805	-126.297325
20709.558105	-126.848656
20714.941406	-126.140297
20720.324707	-126.610275
20725.708008	-126.309135
20731.091309	-126.269409
20736.474609	-126.474594
20741.857910	-126.489189
20747.241211	-126.547836
20752.624512	-126.278877
20758.007812	-126.556541
20763.391113	-126.338142
20768.774414	-126.532471
20774.157715	-126.699692
20779.541016	-126.277100
20784.924316	-126.633766
20790.307617	-126.348389
20795.690918	-126.868797
20801.074219	-126.434639
20806.457520	-126.722832
20811.840820	-126.364639
20817.224121	-126.640213
20822.607422	-126.426903
20827.990723	-126.580719
20833.374023	-126.821396
20838.757324	-126.475700
20844.140625	-126.322998
20849.523926	-126.727211
20854.907227	-126.674423
20860.290527	-126.539124
20865.673828	-126.631386
20871.057129	-126.686073
20876.440430	-126.492188
20881.823730	-126.620125
20887.207031	-126.545105
20892.590332	-126.784538
20897.973633	-126.617088
20903.356934	-126.848534
20908.740234	-126.404259
20914.123535	-126.727745
20919.506836	-126.631721
20924.890137	-126.931740
20930.273438	-126.726013
20935.656738	-126.699532
20941.040039	-126.844414
20946.423340	-126.775665
20951.806641	-126.630157
20957.189941	-126.856461
20962.573242	-126.694664
20967.956543	-126.966713
20973.339844	-126.801102
20978.723145	-126.813934
20984.106445	-126.952805
20989.489746	-126.972542
20994.873047	-126.777664
21000.256348	-126.910561
21005.639648	-126.901070
21011.022949	-127.076744
21016.406250	-126.836273
21021.789551	-126.820602
21027.172852	-126.980751
21032.556152	-127.039482
21037.939453	-126.895760
21043.322754	-126.996422
21048.706055	-126.990662
21054.089355	-127.262550
21059.472656	-126.783371
21064.855957	-127.120949
21070.239258	-127.138939
21075.622559	-126.989326
21081.005859	-127.019470
21086.389160	-127.198021
21091.772461	-127.058578
21097.155762	-126.999596
21102.539062	-127.223083
21107.922363	-126.964745
21113.305664	-127.136017
21118.688965	-127.138954
21124.072266	-127.157753
21129.455566	-127.128090
21134.838867	-127.115906
21140.222168	-127.174690
21145.605469	-127.091560
21150.988770	-127.270340
21156.372070	-127.180412
21161.755371	-127.188835
21167.138672	-127.144310
21172.521973	-127.211243
21177.905273	-127.214325
21183.288574	-127.162277
21188.671875	-127.274887
21194.055176	-127.242935
21199.438477	-127.103386
21204.821777	-127.281792
21210.205078	-127.255661
21215.588379	-127.213028
21220.971680	-127.314095
21226.354980	-127.201721
21231.738281	-127.188255
21237.121582	-127.281006
21242.504883	-127.305229
21247.888184	-127.232590
21253.271484	-127.223686
21258.654785	-127.397087
21264.038086	-127.176697
21269.421387	-127.260490
21274.804688	-127.323265
21280.187988	-127.275772
21285.571289	-127.270218
21290.954590	-127.253487
21296.337891	-127.330711
21301.721191	-127.299248
21307.104492	-127.255981
21312.487793	-127.355637
21317.871094	-127.262367
21323.254395	-127.311127
21328.637695	-127.285538
21334.020996	-127.320084
21339.404297	-127.283714
21344.787598	-127.323868
21350.170898	-127.305267
21355.554199	-127.304779
21360.937500	-127.278778
21366.320801	-127.328728
21371.704102	-127.305885
21377.087402	-127.307274
21382.470703	-127.316368
21387.854004	-127.309311
21393.237305	-127.320976
21398.620605	-127.298302
21404.003906	-127.316536
21409.387207	-127.315475
21414.770508	-127.311493
21420.153809	-127.308830
21425.537109	-127.338837
21430.920410	-127.299904
21436.303711	-127.320419
21441.687012	-127.310654
21447.070312	-127.317017
21452.453613	-127.322693
21457.836914	-127.309410
21463.220215	-127.320610
21468.603516	-127.326248
21473.986816	-127.323738
21479.370117	-127.312035
21484.753418	-127.320244
21490.136719	-127.316360
21495.520020	-127.327934
21500.903320	-127.316933
21506.286621	-127.328606
21511.669922	-127.316895
21517.053223	-127.320053
21522.436523	-127.319748
21527.819824	-127.324478
21533.203125	-127.317970
21538.586426	-127.327431
21543.969727	-127.318535
21549.353027	-127.318253
21554.736328	-127.325027
21560.119629	-127.321045
21565.502930	-127.325684
21570.886230	-127.319870
21576.269531	-127.326218
21581.652832	-127.317993
21587.036133	-127.323830
21592.419434	-127.324745
21597.802734	-127.323952
21603.186035	-127.322052
21608.569336	-127.322525
21613.952637	-127.324234
21619.335938	-127.323753
21624.719238	-127.322556
21630.102539	-127.324677
21635.485840	-127.322891
21640.869141	-127.325905
21646.252441	-127.323738
21651.635742	-127.323135
21657.019043	-127.325119
21662.402344	-127.323891
21667.785645	-127.324554
21673.168945	-127.324272
21678.552246	-127.324448
21683.935547	-127.325302
21689.318848	-127.324615
21694.702148	-127.324509
21700.085449	-127.325447
21705.468750	-127.325165
21710.852051	-127.324997
21716.235352	-127.325134
21721.618652	-127.325188
21727.001953	-127.325279
21732.385254	-127.325668
21737.768555	-127.325211
21743.151855	-127.325508
21748.535156	-127.325943
21753.918457	-127.326027
21759.301758	-127.325272
21764.685059	-127.326263
21770.068359	-127.325996
21775.451660	-127.325645
21780.834961	-127.325928
21786.218262	-127.326057
21791.601562	-127.326271
21796.984863	-127.326477
21802.368164	-127.326324
21807.751465	-127.326469
21813.134766	-127.326210
21818.518066	-127.326660
21823.901367	-127.326523
21829.284668	-127.326454
21834.667969	-127.326607
21840.051270	-127.326447
21845.434570	-127.326752
21850.817871	-127.326729
21856.201172	-127.326553
21861.584473	-127.326874
21866.967773	-127.326859
21872.351074	-127.326836
21877.734375	-127.327042
21883.117676	-127.327179
21888.500977	-127.326950
21893.884277	-127.326782
21899.267578	-127.327057
21904.650879	-127.326950
21910.034180	-127.327019
21915.417480	-127.327011
21920.800781	-127.327042
21926.184082	-127.327225
21931.567383	-127.327316
21936.950684	-127.327187
21942.333984	-127.327408
21947.717285	-127.327141
21953.100586	-127.327202
21958.483887	-127.327759
21963.867188	-127.327385
21969.250488	-127.327515
21974.633789	-127.327431
21980.017090	-127.327896
21985.400391	-127.327538
21990.783691	-127.327400
21996.166992	-127.327721
22001.550293	-127.327560
22006.933594	-127.327492
22012.316895	-127.327454
22017.700195	-127.327507
22023.083496	-127.327568
22028.466797	-127.327667
22033.850098	-127.327515
22039.233398	-127.327515
22044.616699	-127.327560
