Frequency (Hz)	Level (dB)
5.383301	-67.894043
10.766602	-67.156364
16.149902	-61.674942
21.533203	-50.719013
26.916504	-51.294746
32.299805	-50.157345
37.683105	-46.965946
43.066406	-43.732380
48.449707	-40.975544
53.833008	-39.647842
59.216309	-39.451553
64.599609	-38.380074
69.982910	-38.421635
75.366211	-39.219303
80.749512	-39.544765
86.132812	-39.506321
91.516113	-39.538963
96.899414	-40.695454
102.282715	-39.977253
107.666016	-39.887047
113.049316	-40.882832
118.432617	-41.910164
123.815918	-43.264412
129.199219	-43.969433
134.582520	-44.181660
139.965820	-44.040058
145.349121	-44.497208
150.732422	-44.622620
156.115723	-44.864857
161.499023	-45.519066
166.882324	-45.948238
172.265625	-47.080231
177.648926	-47.922302
183.032227	-48.070732
188.415527	-48.699623
193.798828	-47.661446
199.182129	-48.960655
204.565430	-50.317940
209.948730	-50.644588
215.332031	-50.284058
220.715332	-49.256618
226.098633	-48.999672
231.481934	-47.593079
236.865234	-46.328896
242.248535	-44.851948
247.631836	-44.452782
253.015137	-43.790627
258.398438	-44.407986
263.781738	-44.833950
269.165039	-45.063744
274.548340	-45.555485
279.931641	-44.890915
285.314941	-44.351730
290.698242	-43.320187
296.081543	-43.391247
301.464844	-44.263451
306.848145	-45.873672
312.231445	-46.579361
317.614746	-47.441982
322.998047	-47.766850
328.381348	-47.597572
333.764648	-46.652470
339.147949	-46.061638
344.531250	-45.688011
349.914551	-46.150955
355.297852	-46.929649
360.681152	-46.625858
366.064453	-47.361649
371.447754	-48.374168
376.831055	-49.201210
382.214355	-49.232914
387.597656	-49.462250
392.980957	-50.238472
398.364258	-51.025627
403.747559	-51.548012
409.130859	-51.093163
414.514160	-50.644421
419.897461	-50.438999
425.280762	-50.263988
430.664062	-51.430851
436.047363	-51.199821
441.430664	-51.356632
446.813965	-51.143879
452.197266	-50.933762
457.580566	-50.421268
462.963867	-49.946426
468.347168	-50.835403
473.730469	-51.330906
479.113770	-51.065655
484.497070	-51.364166
489.880371	-51.534866
495.263672	-50.477440
500.646973	-49.687588
506.030273	-49.111801
511.413574	-48.775440
516.796875	-48.878384
522.180176	-48.462185
527.563477	-48.492302
532.946777	-48.448483
538.330078	-48.827114
543.713379	-49.076031
549.096680	-49.384010
554.479980	-49.810993
559.863281	-51.172146
565.246582	-52.493774
570.629883	-52.617710
576.013184	-50.798759
581.396484	-49.982883
586.779785	-50.072433
592.163086	-50.378323
597.546387	-51.178703
602.929688	-51.167812
608.312988	-51.069008
613.696289	-51.103443
619.079590	-50.918209
624.462891	-51.287357
629.846191	-50.784527
635.229492	-50.589424
640.612793	-51.275921
645.996094	-52.948723
651.379395	-54.543102
656.762695	-55.223843
662.145996	-54.885044
667.529297	-53.655502
672.912598	-53.250694
678.295898	-53.718864
683.679199	-53.956463
689.062500	-54.496887
694.445801	-55.244476
699.829102	-55.437618
705.212402	-55.060654
710.595703	-55.063297
715.979004	-54.748596
721.362305	-54.343365
726.745605	-53.613091
732.128906	-53.600784
737.512207	-54.380116
742.895508	-55.557995
748.278809	-55.552818
753.662109	-56.444157
759.045410	-56.365067
764.428711	-56.744465
769.812012	-57.073063
775.195312	-56.404488
780.578613	-55.694920
785.961914	-54.921974
791.345215	-53.959232
796.728516	-52.482967
802.111816	-50.915878
807.495117	-50.424641
812.878418	-49.949722
818.261719	-49.594498
823.645020	-49.952442
829.028320	-50.224480
834.411621	-49.968433
839.794922	-49.943535
845.178223	-51.069618
850.561523	-52.054829
855.944824	-53.085667
861.328125	-54.349678
866.711426	-56.268925
872.094727	-57.317310
877.478027	-57.671883
882.861328	-57.418667
888.244629	-56.985924
893.627930	-56.693546
899.011230	-56.099567
904.394531	-55.671898
909.777832	-56.074203
915.161133	-56.674816
920.544434	-56.332546
925.927734	-56.564358
931.311035	-56.086876
936.694336	-55.491028
942.077637	-54.622463
947.460938	-54.301422
952.844238	-54.252800
958.227539	-52.839848
963.610840	-52.586647
968.994141	-52.421249
974.377441	-52.492847
979.760742	-52.473606
985.144043	-52.431828
990.527344	-52.383060
995.910645	-52.559509
1001.293945	-52.943123
1006.677246	-53.821423
1012.060547	-54.686783
1017.443848	-55.516895
1022.827148	-55.265270
1028.210449	-55.510406
1033.593750	-55.665680
1038.977051	-56.441086
1044.360352	-56.388123
1049.743652	-56.737659
1055.126953	-56.695015
1060.510254	-56.884399
1065.893555	-57.605984
1071.276855	-58.194469
1076.660156	-58.318233
1082.043457	-57.355793
1087.426758	-56.129421
1092.810059	-55.151909
1098.193359	-54.753956
1103.576660	-54.621197
1108.959961	-54.517864
1114.343262	-55.237774
1119.726562	-55.337299
1125.109863	-54.952187
1130.493164	-56.048759
1135.876465	-56.365307
1141.259766	-56.454491
1146.643066	-56.224903
1152.026367	-56.580219
1157.409668	-57.187832
1162.792969	-56.745434
1168.176270	-57.185623
1173.559570	-57.292622
1178.942871	-57.496586
1184.326172	-57.448681
1189.709473	-57.857376
1195.092773	-58.322788
1200.476074	-58.592442
1205.859375	-59.722580
1211.242676	-60.808285
1216.625977	-60.980885
1222.009277	-61.971180
1227.392578	-62.416077
1232.775879	-62.201157
1238.159180	-62.906162
1243.542480	-63.496513
1248.925781	-63.550316
1254.309082	-62.353367
1259.692383	-61.419224
1265.075684	-60.171604
1270.458984	-59.058487
1275.842285	-58.136768
1281.225586	-57.750103
1286.608887	-58.320515
1291.992188	-58.088978
1297.375488	-58.308414
1302.758789	-57.947651
1308.142090	-58.057110
1313.525391	-57.536785
1318.908691	-57.177776
1324.291992	-56.384171
1329.675293	-55.930271
1335.058594	-56.228424
1340.441895	-56.763039
1345.825195	-56.576500
1351.208496	-56.537350
1356.591797	-57.281387
1361.975098	-57.575741
1367.358398	-58.192657
1372.741699	-57.808659
1378.125000	-57.755203
1383.508301	-57.140533
1388.891602	-57.457428
1394.274902	-58.646477
1399.658203	-59.932404
1405.041504	-60.372398
1410.424805	-60.605762
1415.808105	-59.910675
1421.191406	-59.390339
1426.574707	-58.794624
1431.958008	-58.446999
1437.341309	-58.658401
1442.724609	-59.667324
1448.107910	-61.450108
1453.491211	-62.293015
1458.874512	-61.681458
1464.257812	-60.824547
1469.641113	-60.205284
1475.024414	-59.328693
1480.407715	-59.056545
1485.791016	-59.433887
1491.174316	-58.484287
1496.557617	-58.151405
1501.940918	-58.406704
1507.324219	-58.269459
1512.707520	-58.190979
1518.090820	-58.667805
1523.474121	-59.306461
1528.857422	-60.286266
1534.240723	-60.455326
1539.624023	-60.365574
1545.007324	-59.905960
1550.390625	-59.673542
1555.773926	-59.607281
1561.157227	-59.700676
1566.540527	-59.637753
1571.923828	-59.847630
1577.307129	-60.003792
1582.690430	-59.816410
1588.073730	-59.884125
1593.457031	-59.225353
1598.840332	-59.039993
1604.223633	-59.420815
1609.606934	-60.297676
1614.990234	-61.313377
1620.373535	-62.635387
1625.756836	-63.972446
1631.140137	-64.046501
1636.523438	-63.617455
1641.906738	-63.787430
1647.290039	-63.816097
1652.673340	-63.146362
1658.056641	-63.070255
1663.439941	-62.948112
1668.823242	-63.190655
1674.206543	-63.546658
1679.589844	-63.321110
1684.973145	-63.200470
1690.356445	-62.709343
1695.739746	-62.498108
1701.123047	-62.455128
1706.506348	-62.347763
1711.889648	-61.658260
1717.272949	-61.443653
1722.656250	-61.022800
1728.039551	-61.224613
1733.422852	-62.168480
1738.806152	-62.341728
1744.189453	-62.657749
1749.572754	-63.579041
1754.956055	-64.764618
1760.339355	-64.927399
1765.722656	-66.049751
1771.105957	-65.494682
1776.489258	-65.871979
1781.872559	-65.079338
1787.255859	-64.693558
1792.639160	-64.764458
1798.022461	-64.745125
1803.405762	-63.681435
1808.789062	-62.818192
1814.172363	-62.826687
1819.555664	-62.958149
1824.938965	-62.584099
1830.322266	-62.962860
1835.705566	-63.156254
1841.088867	-62.796467
1846.472168	-61.549526
1851.855469	-61.926697
1857.238770	-62.432842
1862.622070	-62.537651
1868.005371	-62.450432
1873.388672	-62.313877
1878.771973	-62.820366
1884.155273	-62.659752
1889.538574	-61.600262
1894.921875	-60.432705
1900.305176	-60.117455
1905.688477	-60.035923
1911.071777	-59.528080
1916.455078	-59.731621
1921.838379	-60.435150
1927.221680	-60.911194
1932.604980	-61.054932
1937.988281	-61.938034
1943.371582	-62.787445
1948.754883	-63.577160
1954.138184	-63.004478
1959.521484	-62.360260
1964.904785	-62.342297
1970.288086	-62.365265
1975.671387	-62.579121
1981.054688	-62.202557
1986.437988	-62.013695
1991.821289	-61.105125
1997.204590	-61.316303
2002.587891	-62.935833
2007.971191	-63.414501
2013.354492	-64.152863
2018.737793	-64.272438
2024.121094	-64.094490
2029.504395	-63.560612
2034.887695	-62.437294
2040.270996	-61.904213
2045.654297	-61.107231
2051.037598	-60.633896
2056.420898	-60.289917
2061.804199	-60.517841
2067.187500	-61.158348
2072.570801	-62.124268
2077.954102	-63.076626
2083.337402	-63.567085
2088.720703	-63.338497
2094.104004	-63.081848
2099.487305	-63.656399
2104.870605	-64.493507
2110.253906	-65.151253
2115.637207	-65.296913
2121.020508	-65.741234
2126.403809	-66.281258
2131.787109	-66.916840
2137.170410	-67.361130
2142.553711	-68.281792
2147.937012	-68.142982
2153.320312	-68.667389
2158.703613	-69.251534
2164.086914	-68.334793
2169.470215	-67.399673
2174.853516	-67.917671
2180.236816	-68.166550
2185.620117	-69.087410
2191.003418	-69.406433
2196.386719	-68.885262
2201.770020	-68.539772
2207.153320	-68.459015
2212.536621	-68.040421
2217.919922	-67.818344
2223.303223	-67.473511
2228.686523	-67.930428
2234.069824	-68.488785
2239.453125	-68.539169
2244.836426	-68.805817
2250.219727	-67.652420
2255.603027	-67.095459
2260.986328	-66.239197
2266.369629	-66.267960
2271.752930	-66.361267
2277.136230	-66.914650
2282.519531	-67.143547
2287.902832	-66.539810
2293.286133	-65.743423
2298.669434	-65.409210
2304.052734	-64.856110
2309.436035	-64.458366
2314.819336	-64.665138
2320.202637	-65.017746
2325.585938	-65.226807
2330.969238	-65.679459
2336.352539	-66.681358
2341.735840	-66.413727
2347.119141	-66.900253
2352.502441	-67.037125
2357.885742	-67.380760
2363.269043	-66.806389
2368.652344	-66.569580
2374.035645	-66.162498
2379.418945	-66.466568
2384.802246	-65.794685
2390.185547	-65.206314
2395.568848	-64.318069
2400.952148	-64.500298
2406.335449	-64.955177
2411.718750	-64.446480
2417.102051	-64.460632
2422.485352	-64.037125
2427.868652	-64.349693
2433.251953	-64.159828
2438.635254	-65.316093
2444.018555	-66.126778
2449.401855	-65.414459
2454.785156	-65.247337
2460.168457	-65.145737
2465.551758	-64.450653
2470.935059	-64.720093
2476.318359	-65.385506
2481.701660	-66.309418
2487.084961	-66.721085
2492.468262	-66.609528
2497.851562	-66.595779
2503.234863	-66.449860
2508.618164	-66.104240
2514.001465	-66.031319
2519.384766	-66.008720
2524.768066	-66.739441
2530.151367	-66.383179
2535.534668	-66.966766
2540.917969	-67.375183
2546.301270	-66.749802
2551.684570	-66.170845
2557.067871	-66.011414
2562.451172	-65.190033
2567.834473	-64.169685
2573.217773	-63.255230
2578.601074	-63.375881
2583.984375	-63.324554
2589.367676	-63.155235
2594.750977	-63.113918
2600.134277	-62.312504
2605.517578	-62.165260
2610.900879	-62.615662
2616.284180	-63.309013
2621.667480	-64.586967
2627.050781	-64.999695
2632.434082	-65.103920
2637.817383	-65.848831
2643.200684	-66.424934
2648.583984	-66.029800
2653.967285	-66.409698
2659.350586	-66.641533
2664.733887	-66.902657
2670.117188	-67.242393
2675.500488	-67.822403
2680.883789	-68.118187
2686.267090	-67.765274
2691.650391	-67.936249
2697.033691	-68.134422
2702.416992	-68.279869
2707.800293	-68.784798
2713.183594	-68.381844
2718.566895	-68.325684
2723.950195	-68.773987
2729.333496	-68.932007
2734.716797	-68.543892
2740.100098	-68.112625
2745.483398	-67.325386
2750.866699	-66.938324
2756.250000	-66.836372
2761.633301	-66.555740
2767.016602	-66.882523
2772.399902	-66.758995
2777.783203	-66.623062
2783.166504	-66.059090
2788.549805	-65.482735
2793.933105	-64.909721
2799.316406	-64.681564
2804.699707	-65.264519
2810.083008	-65.427460
2815.466309	-64.968567
2820.849609	-65.579735
2826.232910	-65.712807
2831.616211	-65.950493
2836.999512	-66.361244
2842.382812	-66.451759
2847.766113	-66.439301
2853.149414	-66.971878
2858.532715	-66.972389
2863.916016	-66.817726
2869.299316	-66.652359
2874.682617	-66.764755
2880.065918	-66.945580
2885.449219	-67.123024
2890.832520	-67.295876
2896.215820	-67.059982
2901.599121	-67.088333
2906.982422	-67.263359
2912.365723	-67.547058
2917.749023	-68.277649
2923.132324	-68.119530
2928.515625	-68.088173
2933.898926	-68.633614
2939.282227	-68.509224
2944.665527	-68.234467
2950.048828	-67.769844
2955.432129	-67.933800
2960.815430	-68.079880
2966.198730	-67.799774
2971.582031	-67.318184
2976.965332	-66.496849
2982.348633	-65.862869
2987.731934	-65.127411
2993.115234	-65.370178
2998.498535	-65.748436
3003.881836	-65.558762
3009.265137	-65.401840
3014.648438	-65.351158
3020.031738	-65.378983
3025.415039	-64.859795
3030.798340	-64.023293
3036.181641	-64.270729
3041.564941	-63.910595
3046.948242	-64.068352
3052.331543	-64.867958
3057.714844	-65.505753
3063.098145	-65.021271
3068.481445	-65.314941
3073.864746	-65.894974
3079.248047	-65.748024
3084.631348	-65.315849
3090.014648	-64.972458
3095.397949	-64.591972
3100.781250	-63.938740
3106.164551	-63.686058
3111.547852	-63.928944
3116.931152	-65.355736
3122.314453	-65.833847
3127.697754	-65.762657
3133.081055	-65.103409
3138.464355	-64.969177
3143.847656	-65.771538
3149.230957	-66.607544
3154.614258	-66.779709
3159.997559	-65.946777
3165.380859	-65.461571
3170.764160	-64.945656
3176.147461	-64.369667
3181.530762	-64.385284
3186.914062	-65.116257
3192.297363	-65.272949
3197.680664	-65.565742
3203.063965	-66.095139
3208.447266	-65.797791
3213.830566	-66.309814
3219.213867	-67.056816
3224.597168	-68.027374
3229.980469	-68.643661
3235.363770	-68.342033
3240.747070	-68.617630
3246.130371	-68.442024
3251.513672	-67.900085
3256.896973	-67.109406
3262.280273	-66.545540
3267.663574	-67.242798
3273.046875	-66.794014
3278.430176	-67.064857
3283.813477	-67.397026
3289.196777	-67.471504
3294.580078	-67.777428
3299.963379	-68.481499
3305.346680	-68.252304
3310.729980	-67.708847
3316.113281	-67.199402
3321.496582	-67.335785
3326.879883	-66.874855
3332.263184	-66.611313
3337.646484	-67.160759
3343.029785	-66.599808
3348.413086	-65.870094
3353.796387	-66.392220
3359.179688	-66.031792
3364.562988	-65.517860
3369.946289	-65.623833
3375.329590	-65.301277
3380.712891	-65.724663
3386.096191	-66.309830
3391.479492	-67.034676
3396.862793	-67.957169
3402.246094	-67.586258
3407.629395	-67.792778
3413.012695	-67.831543
3418.395996	-67.443550
3423.779297	-67.874817
3429.162598	-67.657944
3434.545898	-67.674019
3439.929199	-67.998505
3445.312500	-68.363060
3450.695801	-68.386765
3456.079102	-68.471550
3461.462402	-68.808182
3466.845703	-69.987305
3472.229004	-71.450241
3477.612305	-71.234772
3482.995605	-70.218216
3488.378906	-69.262398
3493.762207	-68.751488
3499.145508	-68.604233
3504.528809	-68.676445
3509.912109	-68.080750
3515.295410	-67.757195
3520.678711	-68.247849
3526.062012	-69.053223
3531.445312	-68.232666
3536.828613	-67.948898
3542.211914	-67.795029
3547.595215	-66.947105
3552.978516	-66.727745
3558.361816	-67.345657
3563.745117	-67.546700
3569.128418	-68.183792
3574.511719	-67.620758
3579.895020	-68.187103
3585.278320	-67.932648
3590.661621	-68.116608
3596.044922	-67.888603
3601.428223	-67.234009
3606.811523	-67.808701
3612.194824	-68.199287
3617.578125	-68.505135
3622.961426	-67.815826
3628.344727	-67.336746
3633.728027	-67.747665
3639.111328	-67.399490
3644.494629	-67.103546
3649.877930	-66.977036
3655.261230	-67.519806
3660.644531	-66.876289
3666.027832	-67.492325
3671.411133	-67.760811
3676.794434	-67.779922
3682.177734	-68.105179
3687.561035	-67.860435
3692.944336	-67.730217
3698.327637	-67.053497
3703.710938	-66.956200
3709.094238	-67.509964
3714.477539	-67.583115
3719.860840	-66.767677
3725.244141	-67.054337
3730.627441	-68.428711
3736.010742	-69.086632
3741.394043	-69.805153
3746.777344	-70.586189
3752.160645	-70.375694
3757.543945	-70.138435
3762.927246	-70.510078
3768.310547	-70.934280
3773.693848	-71.292221
3779.077148	-71.550476
3784.460449	-71.605789
3789.843750	-71.464798
3795.227051	-71.366875
3800.610352	-71.160133
3805.993652	-71.315086
3811.376953	-71.049355
3816.760254	-71.439384
3822.143555	-70.889313
3827.526855	-69.821640
3832.910156	-69.018318
3838.293457	-69.675034
3843.676758	-69.431015
3849.060059	-69.705154
3854.443359	-69.221306
3859.826660	-69.033157
3865.209961	-69.617058
3870.593262	-69.592339
3875.976562	-69.025589
3881.359863	-68.973885
3886.743164	-69.496857
3892.126465	-69.508812
3897.509766	-70.124207
3902.893066	-70.698929
3908.276367	-70.716660
3913.659668	-70.833466
3919.042969	-71.008224
3924.426270	-71.466682
3929.809570	-71.543655
3935.192871	-72.117149
3940.576172	-71.882263
3945.959473	-72.487587
3951.342773	-72.837860
3956.726074	-72.329674
3962.109375	-72.615677
3967.492676	-73.068718
3972.875977	-72.853531
3978.259277	-72.547440
3983.642578	-72.255363
3989.025879	-72.833351
3994.409180	-72.056625
3999.792480	-72.217056
4005.175781	-71.959846
4010.559082	-71.536148
4015.942383	-71.566025
4021.325684	-71.258804
4026.708984	-71.063263
4032.092285	-71.286018
4037.475586	-71.109245
4042.858887	-71.419205
4048.242188	-71.644707
4053.625488	-71.329689
4059.008789	-71.487282
4064.392090	-71.673416
4069.775391	-71.551979
4075.158691	-71.239212
4080.541992	-71.212982
4085.925293	-70.725441
4091.308594	-70.592178
4096.691895	-70.275208
4102.075195	-69.862305
4107.458496	-70.139359
4112.841797	-70.620514
4118.225098	-70.358055
4123.608398	-70.020927
4128.991699	-69.758919
4134.375000	-70.291649
4139.758301	-69.474098
4145.141602	-69.145828
4150.524902	-70.163971
4155.908203	-70.496948
4161.291504	-70.460320
4166.674805	-70.554146
4172.058105	-70.930603
4177.441406	-70.582886
4182.824707	-70.482826
4188.208008	-70.028290
4193.591309	-70.088509
4198.974609	-70.619827
4204.357910	-70.899216
4209.741211	-70.870468
4215.124512	-70.675278
4220.507812	-71.451309
4225.891113	-71.332748
4231.274414	-71.223907
4236.657715	-70.634689
4242.041016	-70.598251
4247.424316	-70.535538
4252.807617	-70.819931
4258.190918	-70.824501
4263.574219	-71.183449
4268.957520	-71.295708
4274.340820	-70.453163
4279.724121	-69.978218
4285.107422	-70.109398
4290.490723	-70.076569
4295.874023	-70.324387
4301.257324	-70.070633
4306.640625	-70.568626
4312.023926	-72.367722
4317.407227	-71.802383
4322.790527	-71.563614
4328.173828	-72.369209
4333.557129	-72.239952
4338.940430	-71.870880
4344.323730	-71.776497
4349.707031	-70.998772
4355.090332	-70.192810
4360.473633	-69.861755
4365.856934	-69.882530
4371.240234	-69.618988
4376.623535	-70.259270
4382.006836	-70.595657
4387.390137	-70.772491
4392.773438	-70.792053
4398.156738	-71.746254
4403.540039	-71.449066
4408.923340	-70.778175
4414.306641	-70.890144
4419.689941	-71.071724
4425.073242	-71.251770
4430.456543	-71.783150
4435.839844	-71.845726
4441.223145	-71.899765
4446.606445	-72.117722
4451.989746	-72.370132
4457.373047	-72.376488
4462.756348	-72.364258
4468.139648	-72.573914
4473.522949	-72.261971
4478.906250	-71.989410
4484.289551	-71.678993
4489.672852	-72.386963
4495.056152	-72.624474
4500.439453	-72.629387
4505.822754	-72.757233
4511.206055	-73.416290
4516.589355	-73.249359
4521.972656	-72.969528
4527.355957	-73.514198
4532.739258	-73.871262
4538.122559	-73.717239
4543.505859	-73.362373
4548.889160	-72.943977
4554.272461	-73.045952
4559.655762	-72.378700
4565.039062	-72.448532
4570.422363	-72.651031
4575.805664	-72.536865
4581.188965	-72.903442
4586.572266	-73.283592
4591.955566	-73.119095
4597.338867	-73.158813
4602.722168	-73.339256
4608.105469	-73.322426
4613.488770	-73.577759
4618.872070	-73.620171
4624.255371	-73.984642
4629.638672	-73.947968
4635.021973	-74.007477
4640.405273	-73.666580
4645.788574	-72.872368
4651.171875	-72.744301
4656.555176	-73.346153
4661.938477	-72.990891
4667.321777	-72.312820
4672.705078	-72.028366
4678.088379	-71.401001
4683.471680	-71.256676
4688.854980	-71.857635
4694.238281	-71.684631
4699.621582	-71.137306
4705.004883	-70.737808
4710.388184	-70.703667
4715.771484	-70.824799
4721.154785	-71.373207
4726.538086	-72.469833
4731.921387	-73.649147
4737.304688	-73.322182
4742.687988	-73.230202
4748.071289	-73.729286
4753.454590	-73.485306
4758.837891	-73.206642
4764.221191	-72.772736
4769.604492	-72.944221
4774.987793	-73.407539
4780.371094	-72.566132
4785.754395	-73.206001
4791.137695	-73.271957
4796.520996	-72.751778
4801.904297	-72.062805
4807.287598	-72.091225
4812.670898	-72.454277
4818.054199	-72.975510
4823.437500	-72.112381
4828.820801	-72.335312
4834.204102	-72.571747
4839.587402	-72.521904
4844.970703	-72.563202
4850.354004	-72.990410
4855.737305	-73.476982
4861.120605	-73.304710
4866.503906	-73.292191
4871.887207	-73.868782
4877.270508	-74.357475
4882.653809	-74.805763
4888.037109	-75.340279
4893.420410	-75.210289
4898.803711	-75.005615
4904.187012	-74.651772
4909.570312	-74.909790
4914.953613	-75.197395
4920.336914	-74.849113
4925.720215	-74.270966
4931.103516	-74.027016
4936.486816	-73.848549
4941.870117	-73.649200
4947.253418	-73.796623
4952.636719	-73.540337
4958.020020	-72.225410
4963.403320	-72.649590
4968.786621	-72.516533
4974.169922	-72.102097
4979.553223	-72.208992
4984.936523	-72.609924
4990.319824	-72.815056
4995.703125	-74.089394
5001.086426	-74.393852
5006.469727	-73.876709
5011.853027	-73.777084
5017.236328	-74.113640
5022.619629	-74.012566
5028.002930	-73.822327
5033.386230	-74.222343
5038.769531	-74.446472
5044.152832	-74.057976
5049.536133	-74.651276
5054.919434	-74.870956
5060.302734	-74.212379
5065.686035	-74.178635
5071.069336	-74.394844
5076.452637	-73.474037
5081.835938	-73.505035
5087.219238	-74.078957
5092.602539	-74.245605
5097.985840	-74.408745
5103.369141	-74.538795
5108.752441	-75.467758
5114.135742	-76.321808
5119.519043	-76.442101
5124.902344	-75.698189
5130.285645	-75.871719
5135.668945	-75.859520
5141.052246	-76.125755
5146.435547	-75.740471
5151.818848	-75.424461
5157.202148	-75.373199
5162.585449	-75.405579
5167.968750	-75.264847
5173.352051	-75.311371
5178.735352	-75.564583
5184.118652	-75.502342
5189.501953	-75.441887
5194.885254	-75.080307
5200.268555	-75.546539
5205.651855	-76.220856
5211.035156	-76.562119
5216.418457	-75.979660
5221.801758	-75.809631
5227.185059	-76.058144
5232.568359	-76.152229
5237.951660	-76.453636
5243.334961	-76.074539
5248.718262	-76.348679
5254.101562	-76.426743
5259.484863	-76.400475
5264.868164	-76.710510
5270.251465	-76.812607
5275.634766	-77.066879
5281.018066	-76.726685
5286.401367	-76.324867
5291.784668	-75.865479
5297.167969	-75.734367
5302.551270	-75.077560
5307.934570	-75.052414
5313.317871	-75.631813
5318.701172	-75.482765
5324.084473	-75.326340
5329.467773	-75.359291
5334.851074	-75.089111
5340.234375	-74.877838
5345.617676	-75.134018
5351.000977	-75.005806
5356.384277	-74.795380
5361.767578	-75.336502
5367.150879	-76.046852
5372.534180	-76.286583
5377.917480	-76.329346
5383.300781	-76.647255
5388.684082	-76.168526
5394.067383	-75.552185
5399.450684	-75.374611
5404.833984	-75.654739
5410.217285	-75.076309
5415.600586	-74.806152
5420.983887	-75.159012
5426.367188	-74.949013
5431.750488	-75.136925
5437.133789	-75.198547
5442.517090	-75.022285
5447.900391	-74.439140
5453.283691	-74.783226
5458.666992	-74.870071
5464.050293	-75.117668
5469.433594	-75.103821
5474.816895	-75.547745
5480.200195	-75.918030
5485.583496	-75.893143
5490.966797	-75.644531
5496.350098	-75.033142
5501.733398	-74.635994
5507.116699	-74.937553
5512.500000	-75.070450
5517.883301	-74.639465
5523.266602	-74.163788
5528.649902	-74.393211
5534.033203	-74.801765
5539.416504	-74.344452
5544.799805	-74.088188
5550.183105	-74.996597
5555.566406	-75.275871
5560.949707	-75.175957
5566.333008	-75.503548
5571.716309	-75.573349
5577.099609	-75.606758
5582.482910	-75.654663
5587.866211	-75.565895
5593.249512	-75.835838
5598.632812	-76.405388
5604.016113	-76.454613
5609.399414	-76.242607
5614.782715	-76.153961
5620.166016	-76.190247
5625.549316	-75.683228
5630.932617	-74.714874
5636.315918	-75.286064
5641.699219	-74.895248
5647.082520	-75.016541
5652.465820	-75.269859
5657.849121	-75.089378
5663.232422	-74.840660
5668.615723	-75.212715
5673.999023	-75.558197
5679.382324	-74.791313
5684.765625	-75.147278
5690.148926	-75.729988
5695.532227	-75.676819
5700.915527	-75.803085
5706.298828	-76.118385
5711.682129	-75.927536
5717.065430	-77.047104
5722.448730	-77.267235
5727.832031	-77.636650
5733.215332	-77.697609
5738.598633	-77.832817
5743.981934	-78.318443
5749.365234	-78.514366
5754.748535	-78.563904
5760.131836	-78.460564
5765.515137	-78.965149
5770.898438	-78.841125
5776.281738	-78.660599
5781.665039	-78.536682
5787.048340	-78.453918
5792.431641	-77.741486
5797.814941	-77.162544
5803.198242	-77.142197
5808.581543	-77.400749
5813.964844	-76.854561
5819.348145	-76.642998
5824.731445	-76.093681
5830.114746	-75.224648
5835.498047	-76.466797
5840.881348	-77.713135
5846.264648	-76.974312
5851.647949	-77.589897
5857.031250	-77.900612
5862.414551	-77.477386
5867.797852	-77.575470
5873.181152	-77.456818
5878.564453	-77.152359
5883.947754	-76.911018
5889.331055	-76.856720
5894.714355	-76.946030
5900.097656	-76.866661
5905.480957	-76.977295
5910.864258	-77.224655
5916.247559	-77.507965
5921.630859	-77.596535
5927.014160	-78.152046
5932.397461	-77.627487
5937.780762	-77.464890
5943.164062	-78.037575
5948.547363	-77.969177
5953.930664	-77.984581
5959.313965	-77.888306
5964.697266	-77.632103
5970.080566	-77.806503
5975.463867	-77.768379
5980.847168	-77.483635
5986.230469	-77.042397
5991.613770	-76.831306
5996.997070	-76.902542
6002.380371	-76.744568
6007.763672	-77.161888
6013.146973	-76.420387
6018.530273	-76.457291
6023.913574	-77.110970
6029.296875	-76.689102
6034.680176	-76.281975
6040.063477	-77.018700
6045.446777	-77.145630
6050.830078	-77.485062
6056.213379	-77.465736
6061.596680	-77.113548
6066.979980	-77.465668
6072.363281	-77.405602
6077.746582	-77.095657
6083.129883	-77.071983
6088.513184	-76.756271
6093.896484	-77.070290
6099.279785	-77.145142
6104.663086	-76.400909
6110.046387	-76.456253
6115.429688	-76.950821
6120.812988	-76.363663
6126.196289	-76.017212
6131.579590	-77.202286
6136.962891	-77.993805
6142.346191	-77.630775
6147.729492	-77.928963
6153.112793	-77.828369
6158.496094	-77.856422
6163.879395	-78.231613
6169.262695	-78.589966
6174.645996	-77.169823
6180.029297	-76.988281
6185.412598	-77.753021
6190.795898	-77.825607
6196.179199	-77.333458
6201.562500	-76.716118
6206.945801	-76.728157
6212.329102	-76.806175
6217.712402	-77.200935
6223.095703	-78.031929
6228.479004	-77.825798
6233.862305	-77.363480
6239.245605	-77.225670
6244.628906	-76.772446
6250.012207	-76.623383
6255.395508	-77.152496
6260.778809	-77.867950
6266.162109	-78.891655
6271.545410	-78.721329
6276.928711	-78.530312
6282.312012	-78.128113
6287.695312	-77.834312
6293.078613	-77.609825
6298.461914	-76.688492
6303.845215	-76.869560
6309.228516	-77.069870
6314.611816	-76.205620
6319.995117	-76.359901
6325.378418	-76.631004
6330.761719	-76.672379
6336.145020	-76.543182
6341.528320	-76.401924
6346.911621	-76.838226
6352.294922	-76.780991
6357.678223	-76.431229
6363.061523	-76.890244
6368.444824	-77.423592
6373.828125	-77.250145
6379.211426	-77.256020
6384.594727	-77.632248
6389.978027	-78.372826
6395.361328	-78.389587
6400.744629	-78.314354
6406.127930	-78.432251
6411.511230	-78.321815
6416.894531	-78.376022
6422.277832	-78.296463
6427.661133	-77.880188
6433.044434	-77.550423
6438.427734	-77.392761
6443.811035	-77.225227
6449.194336	-77.403458
6454.577637	-77.428436
6459.960938	-78.001465
6465.344238	-77.697945
6470.727539	-77.848465
6476.110840	-78.089172
6481.494141	-77.452576
6486.877441	-77.081696
6492.260742	-77.534691
6497.644043	-77.776421
6503.027344	-78.400421
6508.410645	-78.390114
6513.793945	-77.855377
6519.177246	-77.728683
6524.560547	-77.241226
6529.943848	-76.774193
6535.327148	-76.485397
6540.710449	-76.557297
6546.093750	-76.732765
6551.477051	-75.964455
6556.860352	-76.995125
6562.243652	-77.319031
6567.626953	-77.459595
6573.010254	-77.221138
6578.393555	-76.838318
6583.776855	-77.292183
6589.160156	-77.925682
6594.543457	-77.699944
6599.926758	-77.924812
6605.310059	-77.563774
6610.693359	-77.366028
6616.076660	-76.994606
6621.459961	-77.310883
6626.843262	-77.593811
6632.226562	-77.016205
6637.609863	-76.969482
6642.993164	-77.170357
6648.376465	-77.831581
6653.759766	-77.972206
6659.143066	-76.803848
6664.526367	-77.183739
6669.909668	-76.709290
6675.292969	-77.181633
6680.676270	-77.323471
6686.059570	-77.251381
6691.442871	-77.517975
6696.826172	-77.459297
6702.209473	-77.945404
6707.592773	-78.582329
6712.976074	-78.098877
6718.359375	-77.401520
6723.742676	-77.102859
6729.125977	-77.238029
6734.509277	-76.961456
6739.892578	-76.245399
6745.275879	-76.551727
6750.659180	-76.927109
6756.042480	-76.426086
6761.425781	-75.889137
6766.809082	-76.302521
6772.192383	-76.190933
6777.575684	-76.392273
6782.958984	-76.888931
6788.342285	-77.004333
6793.725586	-77.720200
6799.108887	-77.510345
6804.492188	-78.110947
6809.875488	-78.839890
6815.258789	-78.772491
6820.642090	-78.012077
6826.025391	-78.098724
6831.408691	-77.579353
6836.791992	-76.888443
6842.175293	-77.011452
6847.558594	-77.025017
6852.941895	-77.122108
6858.325195	-77.174332
6863.708496	-77.910019
6869.091797	-77.228050
6874.475098	-77.291779
6879.858398	-77.820435
6885.241699	-77.762009
6890.625000	-77.452072
6896.008301	-78.101624
6901.391602	-77.888954
6906.774902	-77.873528
6912.158203	-78.257393
6917.541504	-78.068588
6922.924805	-77.823303
6928.308105	-77.894958
6933.691406	-78.034096
6939.074707	-78.357643
6944.458008	-77.925735
6949.841309	-77.970497
6955.224609	-77.929886
6960.607910	-77.345337
6965.991211	-77.574203
6971.374512	-77.578392
6976.757812	-77.413391
6982.141113	-77.498909
6987.524414	-77.832420
6992.907715	-78.127228
6998.291016	-77.937965
7003.674316	-78.015541
7009.057617	-77.688110
7014.440918	-77.990860
7019.824219	-78.594322
7025.207520	-78.982422
7030.590820	-78.488182
7035.974121	-78.666458
7041.357422	-78.909256
7046.740723	-79.313591
7052.124023	-79.286316
7057.507324	-79.705154
7062.890625	-78.986420
7068.273926	-78.663628
7073.657227	-78.200256
7079.040527	-77.909981
7084.423828	-77.893845
7089.807129	-78.312584
7095.190430	-78.754318
7100.573730	-79.011246
7105.957031	-78.699547
7111.340332	-78.708572
7116.723633	-78.883820
7122.106934	-78.856346
7127.490234	-79.162674
7132.873535	-78.187263
7138.256836	-77.382095
7143.640137	-77.444214
7149.023438	-78.107948
7154.406738	-77.811226
7159.790039	-78.290604
7165.173340	-78.195190
7170.556641	-78.391624
7175.939941	-78.306496
7181.323242	-78.748413
7186.706543	-78.124031
7192.089844	-78.523483
7197.473145	-78.570152
7202.856445	-78.343414
7208.239746	-78.120018
7213.623047	-78.160881
7219.006348	-77.956825
7224.389648	-78.440781
7229.772949	-78.016548
7235.156250	-78.675751
7240.539551	-79.238586
7245.922852	-79.542023
7251.306152	-79.955849
7256.689453	-80.002235
7262.072754	-80.008812
7267.456055	-80.067413
7272.839355	-79.966881
7278.222656	-80.047249
7283.605957	-79.611122
7288.989258	-79.590210
7294.372559	-79.444595
7299.755859	-78.950783
7305.139160	-78.514206
7310.522461	-78.691925
7315.905762	-78.928276
7321.289062	-78.219093
7326.672363	-77.750793
7332.055664	-77.979462
7337.438965	-78.522163
7342.822266	-79.072380
7348.205566	-79.823570
7353.588867	-79.489815
7358.972168	-79.189049
7364.355469	-79.001984
7369.738770	-78.986290
7375.122070	-79.423462
7380.505371	-79.186607
7385.888672	-79.132446
7391.271973	-79.513374
7396.655273	-79.175072
7402.038574	-79.795837
7407.421875	-79.186684
7412.805176	-78.672920
7418.188477	-78.448914
7423.571777	-79.183655
7428.955078	-78.448730
7434.338379	-78.543289
7439.721680	-78.743195
7445.104980	-78.500366
7450.488281	-78.812531
7455.871582	-79.221870
7461.254883	-79.940544
7466.638184	-80.100906
7472.021484	-79.913528
7477.404785	-79.686249
7482.788086	-79.939850
7488.171387	-80.098320
7493.554688	-79.967789
7498.937988	-80.382088
7504.321289	-79.946182
7509.704590	-79.665283
7515.087891	-80.107346
7520.471191	-79.999290
7525.854492	-79.264702
7531.237793	-79.386147
7536.621094	-80.028183
7542.004395	-80.202797
7547.387695	-80.281006
7552.770996	-80.589775
7558.154297	-80.466057
7563.537598	-79.875420
7568.920898	-80.276192
7574.304199	-80.461487
7579.687500	-80.458893
7585.070801	-80.579155
7590.454102	-80.576637
7595.837402	-80.747177
7601.220703	-80.748512
7606.604004	-81.035294
7611.987305	-80.790466
7617.370605	-80.717674
7622.753906	-80.914780
7628.137207	-80.877991
7633.520508	-80.290352
7638.903809	-80.177612
7644.287109	-80.687859
7649.670410	-80.768013
7655.053711	-80.523758
7660.437012	-80.760574
7665.820312	-80.658768
7671.203613	-80.016205
7676.586914	-80.170845
7681.970215	-80.049324
7687.353516	-80.297623
7692.736816	-79.988304
7698.120117	-80.159393
7703.503418	-79.837692
7708.886719	-80.122200
7714.270020	-80.409134
7719.653320	-80.222824
7725.036621	-80.040672
7730.419922	-80.109077
7735.803223	-79.978233
7741.186523	-80.068794
7746.569824	-79.925209
7751.953125	-80.122429
7757.336426	-80.087837
7762.719727	-79.688469
7768.103027	-80.366638
7773.486328	-79.910454
7778.869629	-79.796471
7784.252930	-79.748405
7789.636230	-79.758293
7795.019531	-80.007111
7800.402832	-79.573441
7805.786133	-79.733879
7811.169434	-80.158112
7816.552734	-80.307968
7821.936035	-80.418640
7827.319336	-80.179962
7832.702637	-80.375679
7838.085938	-80.570541
7843.469238	-80.595810
7848.852539	-81.063416
7854.235840	-81.003891
7859.619141	-81.378845
7865.002441	-81.227470
7870.385742	-80.736229
7875.769043	-80.174179
7881.152344	-80.736748
7886.535645	-81.220154
7891.918945	-81.309425
7897.302246	-80.955070
7902.685547	-80.650696
7908.068848	-80.288925
7913.452148	-80.112610
7918.835449	-79.616272
7924.218750	-79.740372
7929.602051	-80.300591
7934.985352	-80.463463
7940.368652	-79.958824
7945.751953	-80.162415
7951.135254	-80.737595
7956.518555	-80.654228
7961.901855	-80.270264
7967.285156	-80.459991
7972.668457	-80.413689
7978.051758	-80.532669
7983.435059	-81.534142
7988.818359	-81.816277
7994.201660	-81.422523
7999.584961	-81.538483
8004.968262	-81.491417
8010.351562	-80.988220
8015.734863	-80.753494
8021.118164	-80.687996
8026.501465	-81.067230
8031.884766	-81.116158
8037.268066	-81.501076
8042.651367	-81.629585
8048.034668	-81.375412
8053.417969	-81.235336
8058.801270	-79.894669
8064.184570	-80.302109
8069.567871	-80.510132
8074.951172	-80.779694
8080.334473	-80.137558
8085.717773	-80.734528
8091.101074	-80.539902
8096.484375	-79.459259
8101.867676	-79.549965
8107.250977	-79.808609
8112.634277	-79.673233
8118.017578	-80.293854
8123.400879	-80.725266
8128.784180	-81.095024
8134.167480	-81.471909
8139.550781	-81.430244
8144.934082	-82.086830
8150.317383	-81.223808
8155.700684	-81.227844
8161.083984	-81.416245
8166.467285	-81.447830
8171.850586	-81.244568
8177.233887	-81.581505
8182.617188	-81.596909
8188.000488	-81.439568
8193.383789	-81.684975
8198.767090	-81.618462
8204.150391	-82.050537
8209.533691	-82.029213
8214.916992	-82.441483
8220.300293	-82.327606
8225.683594	-82.267868
8231.066895	-81.766144
8236.450195	-81.524117
8241.833496	-81.920197
8247.216797	-82.562698
8252.600098	-82.827538
8257.983398	-83.107651
8263.366699	-82.994385
8268.750000	-82.417816
8274.133301	-82.782867
8279.516602	-82.752495
8284.899902	-82.561592
8290.283203	-82.668762
8295.666504	-82.785301
8301.049805	-82.580421
8306.433105	-82.533813
8311.816406	-82.547775
8317.199707	-83.425575
8322.583008	-83.383171
8327.966309	-83.156456
8333.349609	-82.558830
8338.732910	-82.954933
8344.116211	-83.147423
8349.499512	-82.920166
8354.882812	-82.264313
8360.266113	-82.419510
8365.649414	-82.984154
8371.032715	-82.393890
8376.416016	-82.512527
8381.799316	-82.661163
8387.182617	-82.716629
8392.565918	-82.815529
8397.949219	-82.055389
8403.332520	-82.073410
8408.715820	-81.910843
8414.099121	-81.661110
8419.482422	-81.658905
8424.865723	-82.072960
8430.249023	-82.605156
8435.632324	-82.581589
8441.015625	-82.917038
8446.398926	-82.338226
8451.782227	-81.893425
8457.165527	-82.203217
8462.548828	-83.259323
8467.932129	-83.186417
8473.315430	-83.107216
8478.698730	-82.758423
8484.082031	-83.359306
8489.465332	-83.170418
8494.848633	-83.204613
8500.231934	-82.966011
8505.615234	-82.497742
8510.998535	-82.976921
8516.381836	-82.788559
8521.765137	-82.797401
8527.148438	-83.406052
8532.531738	-82.986198
8537.915039	-83.029701
8543.298340	-82.660774
8548.681641	-82.621895
8554.064941	-82.938255
8559.448242	-82.638786
8564.831543	-83.093140
8570.214844	-83.037544
8575.598145	-82.928375
8580.981445	-83.356621
8586.364746	-83.243668
8591.748047	-82.674133
8597.131348	-82.781860
8602.514648	-81.966209
8607.897949	-81.782944
8613.281250	-82.094658
8618.664551	-81.676888
8624.047852	-81.907486
8629.431152	-82.094704
8634.814453	-81.900826
8640.197754	-82.624664
8645.581055	-82.093315
8650.964355	-82.310326
8656.347656	-82.638824
8661.730957	-82.898438
8667.114258	-82.549255
8672.497559	-82.260849
8677.880859	-82.637337
8683.264160	-82.596741
8688.647461	-83.257622
8694.030762	-83.205757
8699.414062	-82.949615
8704.797363	-82.842804
8710.180664	-82.700859
8715.563965	-82.570045
8720.947266	-82.509651
8726.330566	-82.195602
8731.713867	-82.348656
8737.097168	-82.022827
8742.480469	-81.997620
8747.863770	-81.453316
8753.247070	-81.740128
8758.630371	-81.957329
8764.013672	-81.957008
8769.396973	-82.053894
8774.780273	-81.828758
8780.163574	-82.381355
8785.546875	-82.752136
8790.930176	-82.887093
8796.313477	-81.406425
8801.696777	-81.337303
8807.080078	-81.709259
8812.463379	-82.279984
8817.846680	-82.570557
8823.229980	-82.892166
8828.613281	-83.413399
8833.996582	-83.202911
8839.379883	-83.876251
8844.763184	-83.080544
8850.146484	-83.020569
8855.529785	-82.796509
8860.913086	-82.622238
8866.296387	-82.253426
8871.679688	-82.559418
8877.062988	-82.693214
8882.446289	-82.966255
8887.829590	-82.633217
8893.212891	-82.591156
8898.596191	-82.696960
8903.979492	-83.460175
8909.362793	-83.198547
8914.746094	-82.899857
8920.129395	-83.346123
8925.512695	-84.430222
8930.895996	-85.325569
8936.279297	-85.236046
8941.662598	-84.840317
8947.045898	-84.770897
8952.429199	-84.549835
8957.812500	-84.397751
8963.195801	-84.083252
8968.579102	-84.022675
8973.962402	-84.193779
8979.345703	-83.815056
8984.729004	-83.651833
8990.112305	-83.635559
8995.495605	-83.603996
9000.878906	-83.586288
9006.262207	-83.606911
9011.645508	-83.462021
9017.028809	-83.254501
9022.412109	-83.851097
9027.795410	-83.183594
9033.178711	-82.774002
9038.562012	-83.538536
9043.945312	-83.492218
9049.328613	-82.994202
9054.711914	-83.423775
9060.095215	-83.975624
9065.478516	-84.365685
9070.861816	-84.950752
9076.245117	-84.055916
9081.628418	-84.252235
9087.011719	-84.192566
9092.395020	-83.981575
9097.778320	-83.778954
9103.161621	-83.454567
9108.544922	-83.458733
9113.928223	-83.842537
9119.311523	-83.312660
9124.694824	-83.668892
9130.078125	-84.049126
9135.461426	-83.826065
9140.844727	-83.597694
9146.228027	-82.976883
9151.611328	-83.602646
9156.994629	-84.163979
9162.377930	-84.464081
9167.761230	-84.475311
9173.144531	-84.514091
9178.527832	-84.773811
9183.911133	-85.078011
9189.294434	-85.227577
9194.677734	-85.047867
9200.061035	-85.008919
9205.444336	-84.954918
9210.827637	-85.340485
9216.210938	-85.013474
9221.594238	-84.873543
9226.977539	-84.131172
9232.360840	-84.158913
9237.744141	-84.609230
9243.127441	-84.436729
9248.510742	-84.310829
9253.894043	-83.977707
9259.277344	-83.833298
9264.660645	-83.533051
9270.043945	-83.119820
9275.427246	-83.179443
9280.810547	-83.519997
9286.193848	-83.253662
9291.577148	-83.111389
9296.960449	-83.353088
9302.343750	-83.080170
9307.727051	-83.273102
9313.110352	-83.588326
9318.493652	-83.524643
9323.876953	-83.802681
9329.260254	-84.160858
9334.643555	-84.310936
9340.026855	-83.875717
9345.410156	-84.276901
9350.793457	-84.657600
9356.176758	-84.787651
9361.560059	-84.941376
9366.943359	-84.503883
9372.326660	-84.081223
9377.709961	-83.812996
9383.093262	-84.002228
9388.476562	-84.967690
9393.859863	-84.586487
9399.243164	-84.123703
9404.626465	-83.888931
9410.009766	-83.667061
9415.393066	-83.853287
9420.776367	-83.757660
9426.159668	-83.596336
9431.542969	-83.940407
9436.926270	-84.686378
9442.309570	-85.251198
9447.692871	-85.019707
9453.076172	-84.939056
9458.459473	-84.980240
9463.842773	-84.868637
9469.226074	-84.805344
9474.609375	-84.555199
9479.992676	-84.990547
9485.375977	-85.126976
9490.759277	-85.107353
9496.142578	-85.055428
9501.525879	-84.796776
9506.909180	-84.842194
9512.292480	-84.637535
9517.675781	-84.981903
9523.059082	-85.384903
9528.442383	-85.312653
9533.825684	-85.126015
9539.208984	-84.707207
9544.592285	-85.101646
9549.975586	-84.916481
9555.358887	-85.132805
9560.742188	-84.984749
9566.125488	-84.552605
9571.508789	-84.669273
9576.892090	-84.491577
9582.275391	-84.583870
9587.658691	-84.590034
9593.041992	-84.356422
9598.425293	-84.183182
9603.808594	-84.249542
9609.191895	-84.195183
9614.575195	-83.969620
9619.958496	-83.846786
9625.341797	-83.912613
9630.725098	-83.946358
9636.108398	-83.624176
9641.491699	-84.049690
9646.875000	-83.329582
9652.258301	-83.309303
9657.641602	-83.555321
9663.024902	-83.881378
9668.408203	-84.218079
9673.791504	-84.454613
9679.174805	-84.796707
9684.558105	-85.293053
9689.941406	-85.429657
9695.324707	-85.451965
9700.708008	-85.232018
9706.091309	-85.098366
9711.474609	-85.395309
9716.857910	-85.545654
9722.241211	-84.815605
9727.624512	-84.351990
9733.007812	-84.713203
9738.391113	-84.181313
9743.774414	-84.277115
9749.157715	-84.894379
9754.541016	-84.821281
9759.924316	-84.663353
9765.307617	-84.414833
9770.690918	-84.474731
9776.074219	-85.231033
9781.457520	-84.830330
9786.840820	-84.678925
9792.224121	-84.931313
9797.607422	-85.347176
9802.990723	-84.955444
9808.374023	-84.872200
9813.757324	-85.368896
9819.140625	-84.976929
9824.523926	-84.844673
9829.907227	-85.098221
9835.290527	-85.064430
9840.673828	-85.139534
9846.057129	-85.653076
9851.440430	-84.700180
9856.823730	-84.224167
9862.207031	-84.272263
9867.590332	-84.413780
9872.973633	-84.052078
9878.356934	-84.198822
9883.740234	-83.936287
9889.123535	-83.903351
9894.506836	-84.520729
9899.890137	-85.424843
9905.273438	-85.690048
9910.656738	-85.628944
9916.040039	-84.832596
9921.423340	-84.729439
9926.806641	-84.728615
9932.189941	-84.809181
9937.573242	-85.159477
9942.956543	-84.798920
9948.339844	-84.192001
9953.723145	-83.997177
9959.106445	-83.830162
9964.489746	-83.104904
9969.873047	-83.490135
9975.256348	-83.653976
9980.639648	-83.757187
9986.022949	-83.528358
9991.406250	-83.691238
9996.789551	-83.668274
10002.172852	-83.573708
10007.556152	-84.211884
10012.939453	-83.874298
10018.322754	-84.187019
10023.706055	-83.926247
10029.089355	-83.818222
10034.472656	-84.416229
10039.855957	-84.416641
10045.239258	-83.590813
10050.622559	-83.275452
10056.005859	-83.250694
10061.389160	-83.342087
10066.772461	-83.543541
10072.155762	-83.697083
10077.539062	-84.068390
10082.922363	-84.714539
10088.305664	-84.592178
10093.688965	-84.613770
10099.072266	-84.024963
10104.455566	-83.199425
10109.838867	-83.764145
10115.222168	-83.593643
10120.605469	-84.199097
10125.988770	-84.477097
10131.372070	-84.042526
10136.755371	-83.887375
10142.138672	-84.377945
10147.521973	-84.244247
10152.905273	-84.220680
10158.288574	-84.640518
10163.671875	-84.516693
10169.055176	-84.106491
10174.438477	-83.825066
10179.821777	-83.451286
10185.205078	-83.705864
10190.588379	-83.746948
10195.971680	-83.943680
10201.354980	-84.289261
10206.738281	-84.286156
10212.121582	-84.437073
10217.504883	-84.868988
10222.888184	-84.540108
10228.271484	-84.612587
10233.654785	-84.479073
10239.038086	-84.297211
10244.421387	-84.121536
10249.804688	-84.269180
10255.187988	-84.769432
10260.571289	-84.442070
10265.954590	-84.396629
10271.337891	-84.113167
10276.721191	-84.605965
10282.104492	-84.914818
10287.487793	-84.553024
10292.871094	-84.268646
10298.254395	-84.613968
10303.637695	-83.873154
10309.020996	-84.464561
10314.404297	-84.180908
10319.787598	-84.003479
10325.170898	-83.918144
10330.554199	-82.851959
10335.937500	-82.818909
10341.320801	-82.826797
10346.704102	-82.445023
10352.087402	-81.948425
10357.470703	-82.105736
10362.854004	-82.191673
10368.237305	-82.526199
10373.620605	-82.812141
10379.003906	-82.658882
10384.387207	-82.887108
10389.770508	-82.854630
10395.153809	-83.097519
10400.537109	-83.604897
10405.920410	-83.585205
10411.303711	-83.825462
10416.687012	-83.869164
10422.070312	-84.600861
10427.453613	-84.709747
10432.836914	-84.163338
10438.220215	-84.160530
10443.603516	-83.704254
10448.986816	-83.498878
10454.370117	-83.731415
10459.753418	-83.469879
10465.136719	-83.554832
10470.520020	-83.947739
10475.903320	-84.540108
10481.286621	-84.671585
10486.669922	-84.281372
10492.053223	-84.654831
10497.436523	-84.689331
10502.819824	-85.205811
10508.203125	-85.396881
10513.586426	-85.882553
10518.969727	-85.734261
10524.353027	-86.043327
10529.736328	-85.336052
10535.119629	-85.237625
10540.502930	-85.377853
10545.886230	-85.701126
10551.269531	-85.867226
10556.652832	-85.009872
10562.036133	-85.085213
10567.419434	-84.973228
10572.802734	-84.957329
10578.186035	-85.201736
10583.569336	-85.457146
10588.952637	-85.690613
10594.335938	-84.883987
10599.719238	-84.702644
10605.102539	-85.302116
10610.485840	-85.538879
10615.869141	-85.008484
10621.252441	-84.902237
10626.635742	-84.404968
10632.019043	-84.068832
10637.402344	-84.491692
10642.785645	-84.874001
10648.168945	-85.394440
10653.552246	-84.823875
10658.935547	-85.440475
10664.318848	-85.519104
10669.702148	-84.935272
10675.085449	-84.928986
10680.468750	-85.183456
10685.852051	-85.915276
10691.235352	-85.991402
10696.618652	-85.470200
10702.001953	-85.612007
10707.385254	-85.836609
10712.768555	-85.900352
10718.151855	-85.983681
10723.535156	-86.386314
10728.918457	-85.960701
10734.301758	-86.083015
10739.685059	-86.341789
10745.068359	-85.170860
10750.451660	-85.289902
10755.834961	-85.134537
10761.218262	-85.104767
10766.601562	-84.681290
10771.984863	-84.674492
10777.368164	-84.342033
10782.751465	-84.498894
10788.134766	-84.734505
10793.518066	-85.028091
10798.901367	-85.314621
10804.284668	-85.488586
10809.667969	-85.909111
10815.051270	-86.344101
10820.434570	-86.405426
10825.817871	-86.272583
10831.201172	-86.303780
10836.584473	-85.248711
10841.967773	-84.954414
10847.351074	-85.226059
10852.734375	-85.328476
10858.117676	-84.842789
10863.500977	-85.488907
10868.884277	-85.806320
10874.267578	-86.012985
10879.650879	-86.211906
10885.034180	-86.642242
10890.417480	-86.126900
10895.800781	-86.288765
10901.184082	-86.963058
10906.567383	-87.193909
10911.950684	-87.065483
10917.333984	-86.658409
10922.717285	-87.632835
10928.100586	-87.741928
10933.483887	-87.357964
10938.867188	-87.290215
10944.250488	-86.396652
10949.633789	-86.417122
10955.017090	-86.181366
10960.400391	-86.585457
10965.783691	-86.319901
10971.166992	-85.924706
10976.550293	-86.270454
10981.933594	-85.724998
10987.316895	-85.634766
10992.700195	-85.084473
10998.083496	-85.562675
11003.466797	-85.495270
11008.850098	-85.754097
11014.233398	-85.965439
11019.616699	-86.153862
11025.000000	-86.444962
11030.383301	-85.905632
11035.766602	-86.257698
11041.149902	-86.157120
11046.533203	-86.055275
11051.916504	-85.788963
11057.299805	-86.291069
11062.683105	-86.544579
11068.066406	-86.337730
11073.449707	-86.099869
11078.833008	-86.456932
11084.216309	-86.869591
11089.599609	-86.712173
11094.982910	-87.494774
11100.366211	-87.330391
11105.749512	-87.364151
11111.132812	-86.968140
11116.516113	-86.074875
11121.899414	-85.848396
11127.282715	-85.397476
11132.666016	-85.030205
11138.049316	-85.362534
11143.432617	-85.995338
11148.815918	-86.151855
11154.199219	-86.065491
11159.582520	-85.747223
11164.965820	-85.884705
11170.349121	-86.675667
11175.732422	-87.079460
11181.115723	-86.632210
11186.499023	-86.191353
11191.882324	-86.364632
11197.265625	-86.663353
11202.648926	-86.427956
11208.032227	-86.950363
11213.415527	-86.540688
11218.798828	-87.092484
11224.182129	-86.977180
11229.565430	-86.579475
11234.948730	-87.129791
11240.332031	-86.851135
11245.715332	-87.013466
11251.098633	-86.653259
11256.481934	-86.451782
11261.865234	-87.145332
11267.248535	-87.155571
11272.631836	-87.009865
11278.015137	-87.444580
11283.398438	-87.629456
11288.781738	-87.311897
11294.165039	-87.463425
11299.548340	-87.330940
11304.931641	-87.659134
11310.314941	-87.732361
11315.698242	-87.213249
11321.081543	-87.086380
11326.464844	-86.999542
11331.848145	-85.954041
11337.231445	-85.903618
11342.614746	-86.269913
11347.998047	-86.129662
11353.381348	-86.154663
11358.764648	-85.941254
11364.147949	-86.083199
11369.531250	-85.720062
11374.914551	-86.454636
11380.297852	-86.268913
11385.681152	-85.994919
11391.064453	-86.507347
11396.447754	-86.081947
11401.831055	-86.352257
11407.214355	-86.450081
11412.597656	-86.519257
11417.980957	-86.626015
11423.364258	-86.832008
11428.747559	-87.206680
11434.130859	-86.837601
11439.514160	-86.906441
11444.897461	-87.083267
11450.280762	-87.702011
11455.664062	-87.668709
11461.047363	-87.304466
11466.430664	-87.492050
11471.813965	-87.527718
11477.197266	-87.269440
11482.580566	-87.072197
11487.963867	-86.706787
11493.347168	-86.748398
11498.730469	-87.230263
11504.113770	-87.606453
11509.497070	-87.640869
11514.880371	-87.523911
11520.263672	-87.553650
11525.646973	-88.069923
11531.030273	-87.901093
11536.413574	-88.008934
11541.796875	-87.846222
11547.180176	-87.290581
11552.563477	-87.174057
11557.946777	-87.094673
11563.330078	-87.732155
11568.713379	-87.386459
11574.096680	-87.268600
11579.479980	-87.293030
11584.863281	-87.642448
11590.246582	-87.497498
11595.629883	-87.282837
11601.013184	-87.325195
11606.396484	-87.284225
11611.779785	-87.407463
11617.163086	-87.532494
11622.546387	-87.809578
11627.929688	-87.886848
11633.312988	-87.682899
11638.696289	-87.666763
11644.079590	-88.369202
11649.462891	-88.256531
11654.846191	-87.543968
11660.229492	-87.472412
11665.612793	-87.147942
11670.996094	-87.007538
11676.379395	-87.178101
11681.762695	-87.398346
11687.145996	-87.014656
11692.529297	-88.305832
11697.912598	-89.045395
11703.295898	-88.763153
11708.679199	-88.720070
11714.062500	-89.042625
11719.445801	-89.421570
11724.829102	-89.370857
11730.212402	-88.421143
11735.595703	-88.501312
11740.979004	-88.626076
11746.362305	-88.777786
11751.745605	-88.633728
11757.128906	-88.817856
11762.512207	-88.528221
11767.895508	-87.953705
11773.278809	-88.450378
11778.662109	-88.600479
11784.045410	-88.980972
11789.428711	-89.040924
11794.812012	-89.005295
11800.195312	-89.021011
11805.578613	-88.645164
11810.961914	-89.228699
11816.345215	-89.518806
11821.728516	-90.039825
11827.111816	-89.256859
11832.495117	-88.554985
11837.878418	-88.538628
11843.261719	-87.294327
11848.645020	-87.099014
11854.028320	-87.570068
11859.411621	-87.570953
11864.794922	-87.532578
11870.178223	-88.089577
11875.561523	-89.030769
11880.944824	-87.950356
11886.328125	-87.968941
11891.711426	-87.890068
11897.094727	-87.964783
11902.478027	-88.056458
11907.861328	-88.001320
11913.244629	-88.077362
11918.627930	-87.666397
11924.011230	-88.099113
11929.394531	-87.748856
11934.777832	-87.552841
11940.161133	-87.686546
11945.544434	-88.226532
11950.927734	-88.790123
11956.311035	-88.564995
11961.694336	-88.766907
11967.077637	-89.840500
11972.460938	-89.113068
11977.844238	-89.183037
11983.227539	-89.702194
11988.610840	-89.800583
11993.994141	-89.660393
11999.377441	-89.547638
12004.760742	-89.539825
12010.144043	-89.088379
12015.527344	-88.831345
12020.910645	-88.639351
12026.293945	-89.284302
12031.677246	-88.778481
12037.060547	-88.157257
12042.443848	-88.477257
12047.827148	-88.970619
12053.210449	-88.789383
12058.593750	-89.292732
12063.977051	-89.470055
12069.360352	-89.933487
12074.743652	-90.108200
12080.126953	-90.365509
12085.510254	-90.250771
12090.893555	-90.571724
12096.276855	-91.299751
12101.660156	-90.798050
12107.043457	-90.519379
12112.426758	-90.051514
12117.810059	-89.846092
12123.193359	-89.768578
12128.576660	-90.208740
12133.959961	-90.113113
12139.343262	-90.134560
12144.726562	-90.316933
12150.109863	-90.083710
12155.493164	-90.186188
12160.876465	-89.787842
12166.259766	-90.245941
12171.643066	-89.886154
12177.026367	-89.847244
12182.409668	-89.681992
12187.792969	-89.673454
12193.176270	-89.823021
12198.559570	-89.105461
12203.942871	-88.490494
12209.326172	-89.092758
12214.709473	-89.922997
12220.092773	-89.666145
12225.476074	-89.868202
12230.859375	-89.655540
12236.242676	-89.597343
12241.625977	-89.631439
12247.009277	-89.330620
12252.392578	-89.440262
12257.775879	-89.175674
12263.159180	-89.422638
12268.542480	-88.869415
12273.925781	-89.149330
12279.309082	-90.025978
12284.692383	-89.919106
12290.075684	-90.062309
12295.458984	-90.039383
12300.842285	-90.334419
12306.225586	-90.233238
12311.608887	-90.161194
12316.992188	-90.145401
12322.375488	-90.209290
12327.758789	-90.634254
12333.142090	-90.647499
12338.525391	-90.867928
12343.908691	-91.053337
12349.291992	-91.375931
12354.675293	-89.959213
12360.058594	-90.107048
12365.441895	-89.995628
12370.825195	-90.174950
12376.208496	-90.158363
12381.591797	-90.014915
12386.975098	-90.266571
12392.358398	-90.044205
12397.741699	-89.994194
12403.125000	-89.521927
12408.508301	-90.018600
12413.891602	-90.165222
12419.274902	-90.865753
12424.658203	-90.558365
12430.041504	-90.336288
12435.424805	-90.095665
12440.808105	-89.984718
12446.191406	-90.052185
12451.574707	-89.836044
12456.958008	-89.322197
12462.341309	-89.589340
12467.724609	-90.098373
12473.107910	-89.261322
12478.491211	-89.331932
12483.874512	-89.559448
12489.257812	-89.685707
12494.641113	-90.232224
12500.024414	-90.756241
12505.407715	-90.357101
12510.791016	-90.605453
12516.174316	-90.570892
12521.557617	-89.764267
12526.940918	-89.998894
12532.324219	-90.721817
12537.707520	-90.346619
12543.090820	-90.758461
12548.474121	-91.116920
12553.857422	-90.934616
12559.240723	-90.628738
12564.624023	-90.938278
12570.007324	-90.981567
12575.390625	-90.885170
12580.773926	-90.876274
12586.157227	-90.705429
12591.540527	-90.472435
12596.923828	-90.437897
12602.307129	-90.408691
12607.690430	-90.802826
12613.073730	-90.855598
12618.457031	-90.820206
12623.840332	-91.060364
12629.223633	-90.687973
12634.606934	-91.216026
12639.990234	-91.236259
12645.373535	-91.128456
12650.756836	-91.283371
12656.140137	-91.015678
12661.523438	-91.373802
12666.906738	-91.143707
12672.290039	-91.299942
12677.673340	-92.043442
12683.056641	-91.478859
12688.439941	-91.669327
12693.823242	-91.799515
12699.206543	-92.057571
12704.589844	-91.799583
12709.973145	-91.731735
12715.356445	-91.279793
12720.739746	-91.254547
12726.123047	-91.394821
12731.506348	-91.172485
12736.889648	-90.841797
12742.272949	-90.592766
12747.656250	-91.163689
12753.039551	-91.336555
12758.422852	-90.827759
12763.806152	-90.068550
12769.189453	-90.246597
12774.572754	-90.731071
12779.956055	-90.611633
12785.339355	-90.631363
12790.722656	-90.333817
12796.105957	-90.296043
12801.489258	-90.808945
12806.872559	-90.145630
12812.255859	-90.654243
12817.639160	-90.815811
12823.022461	-91.092583
12828.405762	-91.432518
12833.789062	-91.195152
12839.172363	-90.865295
12844.555664	-90.739029
12849.938965	-90.858116
12855.322266	-90.866356
12860.705566	-91.277000
12866.088867	-91.403877
12871.472168	-90.765213
12876.855469	-91.249130
12882.238770	-91.869896
12887.622070	-92.094276
12893.005371	-92.452415
12898.388672	-92.335045
12903.771973	-92.272316
12909.155273	-92.620361
12914.538574	-92.207993
12919.921875	-92.705185
12925.305176	-92.860504
12930.688477	-92.231956
12936.071777	-92.049347
12941.455078	-92.935974
12946.838379	-92.681938
12952.221680	-92.647552
12957.604980	-92.751785
12962.988281	-91.802734
12968.371582	-92.033966
12973.754883	-92.150917
12979.138184	-91.647804
12984.521484	-92.165520
12989.904785	-92.211494
12995.288086	-92.337524
13000.671387	-92.400528
13006.054688	-92.706985
13011.437988	-92.588837
13016.821289	-92.488007
13022.204590	-93.031006
13027.587891	-92.955315
13032.971191	-93.139816
13038.354492	-93.280334
13043.737793	-93.300346
13049.121094	-92.727661
13054.504395	-92.669250
13059.887695	-93.078209
13065.270996	-93.059181
13070.654297	-93.878288
13076.037598	-93.293541
13081.420898	-93.301704
13086.804199	-92.898880
13092.187500	-92.622368
13097.570801	-92.688293
13102.954102	-91.842804
13108.337402	-92.372780
13113.720703	-92.498589
13119.104004	-92.456604
13124.487305	-92.346260
13129.870605	-91.957657
13135.253906	-91.675468
13140.637207	-91.784142
13146.020508	-92.227081
13151.403809	-92.823448
13156.787109	-93.232887
13162.170410	-92.854355
13167.553711	-92.685257
13172.937012	-92.984253
13178.320312	-92.611168
13183.703613	-91.936661
13189.086914	-91.929405
13194.470215	-92.041939
13199.853516	-91.645683
13205.236816	-91.341034
13210.620117	-91.306320
13216.003418	-91.973480
13221.386719	-91.667618
13226.770020	-91.063255
13232.153320	-91.502892
13237.536621	-91.847794
13242.919922	-91.258667
13248.303223	-91.011467
13253.686523	-90.948570
13259.069824	-91.778862
13264.453125	-91.848083
13269.836426	-91.752441
13275.219727	-91.794052
13280.603027	-92.118713
13285.986328	-92.654442
13291.369629	-91.959610
13296.752930	-91.607964
13302.136230	-91.926376
13307.519531	-92.549301
13312.902832	-92.644943
13318.286133	-92.157562
13323.669434	-92.483047
13329.052734	-92.629189
13334.436035	-92.545830
13339.819336	-93.095207
13345.202637	-92.567734
13350.585938	-92.369331
13355.969238	-92.727440
13361.352539	-92.579826
13366.735840	-91.903221
13372.119141	-92.964745
13377.502441	-93.436310
13382.885742	-93.580170
13388.269043	-93.678833
13393.652344	-93.249619
13399.035645	-93.414268
13404.418945	-94.169472
13409.802246	-94.678223
13415.185547	-94.332489
13420.568848	-93.639061
13425.952148	-92.955513
13431.335449	-93.469162
13436.718750	-93.199440
13442.102051	-92.965813
13447.485352	-92.727081
13452.868652	-92.372543
13458.251953	-93.056358
13463.635254	-93.111443
13469.018555	-92.677940
13474.401855	-92.376831
13479.785156	-92.123329
13485.168457	-91.901588
13490.551758	-92.295807
13495.935059	-92.625992
13501.318359	-93.020020
13506.701660	-92.812767
13512.084961	-92.474228
13517.468262	-92.177643
13522.851562	-92.762299
13528.234863	-93.816360
13533.618164	-93.617729
13539.001465	-93.672821
13544.384766	-93.822159
13549.768066	-93.585381
13555.151367	-93.802025
13560.534668	-94.085358
13565.917969	-93.107948
13571.301270	-93.516670
13576.684570	-93.212669
13582.067871	-93.227654
13587.451172	-92.763351
13592.834473	-92.439224
13598.217773	-92.042946
13603.601074	-91.688377
13608.984375	-92.329857
13614.367676	-92.507256
13619.750977	-92.867645
13625.134277	-93.074059
13630.517578	-92.908768
13635.900879	-93.118744
13641.284180	-92.989395
13646.667480	-92.633865
13652.050781	-93.017960
13657.434082	-92.875610
13662.817383	-93.189476
13668.200684	-93.411133
13673.583984	-93.708519
13678.967285	-93.645668
13684.350586	-93.340813
13689.733887	-93.439232
13695.117188	-92.676643
13700.500488	-92.819405
13705.883789	-93.043884
13711.267090	-93.076935
13716.650391	-93.038857
13722.033691	-93.023003
13727.416992	-93.288551
13732.800293	-93.313385
13738.183594	-93.784050
13743.566895	-93.553368
13748.950195	-93.312019
13754.333496	-92.832016
13759.716797	-92.595451
13765.100098	-92.878616
13770.483398	-92.422684
13775.866699	-92.462906
13781.250000	-92.099983
13786.633301	-91.786697
13792.016602	-92.421730
13797.399902	-93.185905
13802.783203	-92.674904
13808.166504	-92.850121
13813.549805	-93.134560
13818.933105	-93.667511
13824.316406	-93.457932
13829.699707	-93.670303
13835.083008	-93.559837
13840.466309	-92.565941
13845.849609	-91.451935
13851.232910	-92.707352
13856.616211	-92.974686
13861.999512	-93.280586
13867.382812	-93.638771
13872.766113	-93.800407
13878.149414	-94.138649
13883.532715	-93.332764
13888.916016	-93.201935
13894.299316	-93.499733
13899.682617	-93.699272
13905.065918	-94.248672
13910.449219	-93.576790
13915.832520	-93.285721
13921.215820	-93.620476
13926.599121	-93.541939
13931.982422	-93.524559
13937.365723	-93.947456
13942.749023	-93.792503
13948.132324	-94.147987
13953.515625	-94.174454
13958.898926	-94.504211
13964.282227	-94.890167
13969.665527	-94.295181
13975.048828	-93.780296
13980.432129	-94.115417
13985.815430	-94.267166
13991.198730	-94.011780
13996.582031	-94.402611
14001.965332	-94.285805
14007.348633	-94.306503
14012.731934	-94.287827
14018.115234	-94.498825
14023.498535	-94.305687
14028.881836	-94.603119
14034.265137	-94.068909
14039.648438	-94.109573
14045.031738	-94.273018
14050.415039	-93.961304
14055.798340	-93.264145
14061.181641	-92.798424
14066.564941	-92.361992
14071.948242	-92.729218
14077.331543	-92.955452
14082.714844	-93.300499
14088.098145	-92.295181
14093.481445	-92.425056
14098.864746	-92.569954
14104.248047	-93.272545
14109.631348	-93.084854
14115.014648	-92.527817
14120.397949	-92.538040
14125.781250	-92.509071
14131.164551	-92.741959
14136.547852	-92.714767
14141.931152	-92.480057
14147.314453	-93.123596
14152.697754	-93.235390
14158.081055	-93.772415
14163.464355	-94.160042
14168.847656	-94.255165
14174.230957	-94.379532
14179.614258	-94.425423
14184.997559	-95.402824
14190.380859	-95.315308
14195.764160	-95.041611
14201.147461	-94.010506
14206.530762	-94.199829
14211.914062	-93.991425
14217.297363	-93.740654
14222.680664	-93.982994
14228.063965	-93.953079
14233.447266	-93.889099
14238.830566	-93.885902
14244.213867	-93.923805
14249.597168	-93.459442
14254.980469	-92.870796
14260.363770	-92.546524
14265.747070	-92.029602
14271.130371	-92.345490
14276.513672	-92.475121
14281.896973	-92.625023
14287.280273	-92.883743
14292.663574	-93.530594
14298.046875	-93.122177
14303.430176	-93.353264
14308.813477	-93.504143
14314.196777	-93.844589
14319.580078	-93.775185
14324.963379	-93.787605
14330.346680	-93.977104
14335.729980	-93.777008
14341.113281	-93.749924
14346.496582	-93.485550
14351.879883	-93.304985
14357.263184	-93.232635
14362.646484	-93.481094
14368.029785	-93.837357
14373.413086	-94.006821
14378.796387	-94.360054
14384.179688	-94.314590
14389.562988	-93.958054
14394.946289	-93.800385
14400.329590	-93.295753
14405.712891	-93.848854
14411.096191	-93.683182
14416.479492	-92.884964
14421.862793	-93.341576
14427.246094	-93.118500
14432.629395	-92.515732
14438.012695	-92.613739
14443.395996	-92.952133
14448.779297	-93.020241
14454.162598	-92.990204
14459.545898	-93.082733
14464.929199	-93.560486
14470.312500	-93.531960
14475.695801	-93.779350
14481.079102	-94.590889
14486.462402	-93.865921
14491.845703	-93.832474
14497.229004	-93.416077
14502.612305	-92.691238
14507.995605	-92.852676
14513.378906	-92.306297
14518.762207	-92.510712
14524.145508	-93.532127
14529.528809	-93.522385
14534.912109	-93.346199
14540.295410	-93.047531
14545.678711	-93.156998
14551.062012	-93.544449
14556.445312	-93.291618
14561.828613	-93.841393
14567.211914	-94.274834
14572.595215	-94.552048
14577.978516	-94.021790
14583.361816	-94.042191
14588.745117	-94.229576
14594.128418	-94.095345
14599.511719	-93.822975
14604.895020	-93.534348
14610.278320	-93.656929
14615.661621	-93.657654
14621.044922	-93.878815
14626.428223	-93.567589
14631.811523	-93.723251
14637.194824	-92.968056
14642.578125	-92.841911
14647.961426	-93.133545
14653.344727	-92.966026
14658.728027	-93.008804
14664.111328	-92.878517
14669.494629	-93.690872
14674.877930	-93.904793
14680.261230	-94.251755
14685.644531	-94.471581
14691.027832	-93.557121
14696.411133	-93.958214
14701.794434	-93.774765
14707.177734	-93.776344
14712.561035	-93.403221
14717.944336	-93.549431
14723.327637	-93.757469
14728.710938	-93.814507
14734.094238	-93.831139
14739.477539	-93.924187
14744.860840	-93.381485
14750.244141	-93.321533
14755.627441	-92.628098
14761.010742	-92.827965
14766.394043	-92.443634
14771.777344	-92.811592
14777.160645	-93.462730
14782.543945	-93.332542
14787.927246	-93.494202
14793.310547	-93.430939
14798.693848	-92.989960
14804.077148	-92.799438
14809.460449	-93.245094
14814.843750	-93.216080
14820.227051	-93.651817
14825.610352	-93.659096
14830.993652	-93.593163
14836.376953	-93.336342
14841.760254	-93.242577
14847.143555	-93.352684
14852.526855	-93.310165
14857.910156	-92.951820
14863.293457	-93.478432
14868.676758	-92.919327
14874.060059	-92.913406
14879.443359	-93.465591
14884.826660	-93.396461
14890.209961	-93.042519
14895.593262	-93.201317
14900.976562	-93.236794
14906.359863	-93.579918
14911.743164	-93.556160
14917.126465	-94.396355
14922.509766	-94.240219
14927.893066	-94.349655
14933.276367	-94.569221
14938.659668	-94.715027
14944.042969	-94.661697
14949.426270	-94.321465
14954.809570	-94.788040
14960.192871	-94.628754
14965.576172	-94.474113
14970.959473	-94.406433
14976.342773	-94.608948
14981.726074	-94.632057
14987.109375	-94.487282
14992.492676	-94.373238
14997.875977	-94.531708
15003.259277	-94.145401
15008.642578	-94.296219
15014.025879	-93.938538
15019.409180	-93.699051
15024.792480	-93.774261
15030.175781	-93.858170
15035.559082	-94.211281
15040.942383	-93.982567
15046.325684	-93.552849
15051.708984	-93.216125
15057.092285	-93.188606
15062.475586	-93.620285
15067.858887	-93.461227
15073.242188	-93.693710
15078.625488	-93.449425
15084.008789	-93.019936
15089.392090	-93.680634
15094.775391	-94.781540
15100.158691	-94.778702
15105.541992	-95.679245
15110.925293	-95.208786
15116.308594	-95.056305
15121.691895	-95.031815
15127.075195	-94.757042
15132.458496	-94.419579
15137.841797	-94.068420
15143.225098	-94.055702
15148.608398	-94.060226
15153.991699	-93.812973
15159.375000	-93.521858
15164.758301	-93.296249
15170.141602	-93.674271
15175.524902	-93.579979
15180.908203	-93.278419
15186.291504	-93.872864
15191.674805	-93.489677
15197.058105	-93.448685
15202.441406	-93.634468
15207.824707	-93.768410
15213.208008	-93.764801
15218.591309	-94.061279
15223.974609	-94.068993
15229.357910	-93.878418
15234.741211	-94.008430
15240.124512	-93.729424
15245.507812	-93.630287
15250.891113	-94.383568
15256.274414	-94.076332
15261.657715	-94.168762
15267.041016	-93.713989
15272.424316	-93.412735
15277.807617	-94.284821
15283.190918	-93.975655
15288.574219	-93.435463
15293.957520	-93.382500
15299.340820	-93.569534
15304.724121	-93.808807
15310.107422	-93.929581
15315.490723	-94.390388
15320.874023	-94.271149
15326.257324	-94.862732
15331.640625	-94.692970
15337.023926	-94.735435
15342.407227	-94.193932
15347.790527	-94.235138
15353.173828	-93.772980
15358.557129	-93.582993
15363.940430	-93.909836
15369.323730	-93.778275
15374.707031	-93.678581
15380.090332	-93.435181
15385.473633	-93.421959
15390.856934	-94.261642
15396.240234	-94.284607
15401.623535	-94.271721
15407.006836	-94.143143
15412.390137	-94.515427
15417.773438	-95.344917
15423.156738	-95.355835
15428.540039	-95.121887
15433.923340	-94.306778
15439.306641	-94.478241
15444.689941	-95.300362
15450.073242	-94.692078
15455.456543	-94.248375
15460.839844	-94.503860
15466.223145	-94.147682
15471.606445	-94.198967
15476.989746	-94.572922
15482.373047	-94.279411
15487.756348	-93.795479
15493.139648	-92.915329
15498.522949	-93.598045
15503.906250	-93.962646
15509.289551	-94.019218
15514.672852	-94.358437
15520.056152	-94.332176
15525.439453	-94.231590
15530.822754	-94.685280
15536.206055	-94.976830
15541.589355	-94.359230
15546.972656	-94.572006
15552.355957	-94.983879
15557.739258	-95.121506
15563.122559	-94.849510
15568.505859	-94.520294
15573.889160	-94.089111
15579.272461	-93.209488
15584.655762	-93.764359
15590.039062	-94.427338
15595.422363	-93.673058
15600.805664	-93.784874
15606.188965	-94.313156
15611.572266	-94.292679
15616.955566	-94.623444
15622.338867	-94.717819
15627.722168	-95.156967
15633.105469	-95.419609
15638.488770	-95.655960
15643.872070	-95.925697
15649.255371	-96.119629
15654.638672	-96.228012
15660.021973	-96.003067
15665.405273	-96.279701
15670.788574	-95.843300
15676.171875	-95.836487
15681.555176	-95.789589
15686.938477	-95.548347
15692.321777	-95.697266
15697.705078	-95.557823
15703.088379	-95.552277
15708.471680	-95.109085
15713.854980	-95.530617
15719.238281	-95.671196
15724.621582	-95.721657
15730.004883	-95.899391
15735.388184	-96.369583
15740.771484	-95.678467
15746.154785	-95.689873
15751.538086	-95.906242
15756.921387	-96.049858
15762.304688	-96.011368
15767.687988	-96.149658
15773.071289	-96.838577
15778.454590	-96.840279
15783.837891	-97.245178
15789.221191	-97.140816
15794.604492	-97.007889
15799.987793	-97.517479
15805.371094	-97.229858
15810.754395	-96.997948
15816.137695	-97.086472
15821.520996	-96.701553
15826.904297	-97.197220
15832.287598	-96.830505
15837.670898	-97.270622
15843.054199	-97.361595
15848.437500	-97.260902
15853.820801	-96.985924
15859.204102	-97.248337
15864.587402	-97.474678
15869.970703	-97.065628
15875.354004	-97.064880
15880.737305	-97.052849
15886.120605	-97.002419
15891.503906	-97.048988
15896.887207	-97.694794
15902.270508	-97.856171
15907.653809	-98.279816
15913.037109	-98.588104
15918.420410	-98.329826
15923.803711	-98.276306
15929.187012	-98.602646
15934.570312	-99.290642
15939.953613	-99.178047
15945.336914	-98.755783
15950.720215	-98.436279
15956.103516	-98.406693
15961.486816	-98.432350
15966.870117	-98.015038
15972.253418	-97.838028
15977.636719	-98.656364
15983.020020	-99.989616
15988.403320	-102.272758
15993.786621	-105.037262
15999.169922	-109.644608
16004.553223	-115.327835
16009.936523	-118.134315
16015.319824	-116.444893
16020.703125	-117.289406
16026.086426	-117.878952
16031.469727	-118.655495
16036.853027	-118.424591
16042.236328	-118.245949
16047.619629	-118.536346
16053.002930	-118.768555
16058.386230	-118.793480
16063.769531	-118.726433
16069.152832	-118.521080
16074.536133	-118.914719
16079.919434	-118.826332
16085.302734	-118.762932
16090.686035	-118.768005
16096.069336	-118.933548
16101.452637	-118.817291
16106.835938	-118.881142
16112.219238	-118.649490
16117.602539	-119.072067
16122.985840	-118.697556
16128.369141	-119.024323
16133.752441	-118.830193
16139.135742	-118.844368
16144.519043	-118.820244
16149.902344	-119.085426
16155.285645	-118.732994
16160.668945	-118.909363
16166.052246	-118.945473
16171.435547	-118.891510
16176.818848	-118.902916
16182.202148	-118.848351
16187.585449	-119.104866
16192.968750	-118.718826
16198.352051	-119.088188
16203.735352	-118.782562
16209.118652	-118.921036
16214.501953	-118.994232
16219.885254	-118.859543
16225.268555	-118.999825
16230.651855	-118.866180
16236.035156	-118.902901
16241.418457	-118.956429
16246.801758	-118.918327
16252.185059	-118.994797
16257.568359	-118.866234
16262.951660	-119.027222
16268.334961	-118.807991
16273.718262	-119.062683
16279.101562	-119.029770
16284.484863	-118.849449
16289.868164	-118.950417
16295.251465	-119.001915
16300.634766	-118.929863
16306.018066	-119.052551
16311.401367	-118.787491
16316.784668	-119.086304
16322.167969	-118.900215
16327.551270	-118.957809
16332.934570	-119.026169
16338.317871	-118.990440
16343.701172	-118.809143
16349.084473	-119.010948
16354.467773	-118.984520
16359.851074	-119.079475
16365.234375	-118.893265
16370.617676	-119.006721
16376.000977	-119.011101
16381.384277	-118.911865
16386.767578	-118.977524
16392.150879	-119.025887
16397.534180	-119.019684
16402.917480	-118.854370
16408.300781	-119.086113
16413.684082	-118.956680
16419.067383	-118.946617
16424.450684	-118.962257
16429.833984	-119.088089
16435.217285	-118.978966
16440.600586	-118.988655
16445.983887	-118.934853
16451.367188	-119.081436
16456.750488	-118.876839
16462.133789	-119.119858
16467.517090	-118.838417
16472.900391	-119.128166
16478.283691	-119.016296
16483.666992	-118.987297
16489.050293	-119.072113
16494.433594	-118.967117
16499.816895	-119.005959
16505.200195	-118.984215
16510.583496	-119.050545
16515.966797	-119.106018
16521.350098	-118.982079
16526.733398	-119.056450
16532.116699	-119.002792
16537.500000	-118.933388
16542.883301	-119.134407
16548.266602	-119.014473
16553.649902	-118.893242
16559.033203	-119.117859
16564.416504	-119.048325
16569.799805	-119.065086
16575.183105	-118.920494
16580.566406	-119.109673
16585.949707	-119.036743
16591.333008	-119.120201
16596.716309	-118.890816
16602.099609	-119.005630
16607.482910	-119.188560
16612.866211	-119.012856
16618.249512	-119.044403
16623.632812	-119.021240
16629.016113	-119.078705
16634.399414	-119.114944
16639.782715	-118.932480
16645.166016	-119.124771
16650.549316	-119.040230
16655.932617	-119.051491
16661.315918	-119.117477
16666.699219	-118.980759
16672.082520	-119.190819
16677.465820	-118.964172
16682.849121	-119.067123
16688.232422	-119.079201
16693.615723	-119.177597
16698.999023	-119.052681
16704.382324	-119.039703
16709.765625	-119.072975
16715.148926	-119.206970
16720.532227	-118.880280
16725.915527	-119.201271
16731.298828	-119.046265
16736.682129	-119.137016
16742.065430	-119.013443
16747.448730	-119.182961
16752.832031	-119.071869
16758.215332	-118.979156
16763.598633	-119.082596
16768.981934	-119.205757
16774.365234	-118.970139
16779.748535	-119.245377
16785.131836	-118.925484
16790.515137	-119.255882
16795.898438	-118.989143
16801.281738	-119.108086
16806.665039	-119.113106
16812.048340	-119.121941
16817.431641	-119.028648
16822.814941	-119.167480
16828.198242	-119.126213
16833.581543	-119.109215
16838.964844	-119.086082
16844.348145	-119.091476
16849.731445	-119.124252
16855.114746	-119.174782
16860.498047	-119.110184
16865.881348	-119.058365
16871.264648	-119.102562
16876.647949	-119.080711
16882.031250	-119.003563
16887.414551	-119.239838
16892.797852	-119.111732
16898.181152	-119.096710
16903.564453	-119.221107
16908.947754	-118.921608
16914.331055	-119.272713
16919.714355	-119.130806
16925.097656	-119.073601
16930.480957	-119.250801
16935.864258	-119.005928
16941.247559	-119.176956
16946.630859	-119.123619
16952.014160	-119.177902
16957.397461	-119.075325
16962.780762	-119.215034
16968.164062	-119.104996
16973.547363	-119.012733
16978.930664	-119.277855
16984.313965	-119.069771
16989.697266	-119.289772
16995.080566	-119.031479
17000.463867	-119.181122
17005.847168	-119.055603
17011.230469	-119.123627
17016.613770	-119.171150
17021.997070	-119.219772
17027.380371	-119.048378
17032.763672	-119.161118
17038.146973	-119.052544
17043.530273	-119.263069
17048.913574	-119.188934
17054.296875	-119.057571
17059.680176	-119.354973
17065.063477	-118.977699
17070.446777	-119.258453
17075.830078	-119.148392
17081.213379	-119.134445
17086.596680	-119.106201
17091.979980	-119.173286
17097.363281	-119.180191
17102.746582	-119.119644
17108.129883	-119.080261
17113.513184	-119.211250
17118.896484	-119.103096
17124.279785	-119.266991
17129.663086	-119.106514
17135.046387	-119.129997
17140.429688	-119.161896
17145.812988	-119.234489
17151.196289	-119.075897
17156.579590	-119.188812
17161.962891	-119.232483
17167.346191	-119.140335
17172.729492	-119.275726
17178.112793	-119.107140
17183.496094	-119.141739
17188.879395	-119.160072
17194.262695	-119.175819
17199.645996	-119.204910
17205.029297	-119.138214
17210.412598	-119.237740
17215.795898	-119.163033
17221.179199	-119.247986
17226.562500	-119.109184
17231.945801	-119.240211
17237.329102	-119.126801
17242.712402	-119.318405
17248.095703	-119.075974
17253.479004	-119.220856
17258.862305	-119.185135
17264.245605	-119.198174
17269.628906	-119.221169
17275.012207	-119.162643
17280.395508	-119.246681
17285.778809	-119.233253
17291.162109	-119.173019
17296.545410	-119.236313
17301.928711	-119.148109
17307.312012	-119.285225
17312.695312	-119.116043
17318.078613	-119.275978
17323.461914	-119.292679
17328.845215	-119.100471
17334.228516	-119.283623
17339.611816	-119.179642
17344.995117	-119.374413
17350.378418	-118.952896
17355.761719	-119.426674
17361.145020	-119.100357
17366.528320	-119.228607
17371.911621	-119.269699
17377.294922	-119.205597
17382.678223	-119.331497
17388.061523	-119.187073
17393.444824	-119.258224
17398.828125	-119.059700
17404.211426	-119.326591
17409.594727	-119.202194
17414.978027	-119.218437
17420.361328	-119.214676
17425.744629	-119.212723
17431.127930	-119.302528
17436.511230	-119.253555
17441.894531	-119.335236
17447.277832	-119.148140
17452.661133	-119.270561
17458.044434	-119.193008
17463.427734	-119.281425
17468.811035	-119.150841
17474.194336	-119.367401
17479.577637	-119.226425
17484.960938	-119.330109
17490.344238	-119.264259
17495.727539	-119.081184
17501.110840	-119.357155
17506.494141	-119.249222
17511.877441	-119.255875
17517.260742	-119.216484
17522.644043	-119.319603
17528.027344	-119.230042
17533.410645	-119.225853
17538.793945	-119.265205
17544.177246	-119.160278
17549.560547	-119.390999
17554.943848	-119.121086
17560.327148	-119.294373
17565.710449	-119.284836
17571.093750	-119.316895
17576.477051	-119.258316
17581.860352	-119.286064
17587.243652	-119.185852
17592.626953	-119.328262
17598.010254	-119.104469
17603.393555	-119.475227
17608.776855	-119.183022
17614.160156	-119.210602
17619.543457	-119.412445
17624.926758	-119.176880
17630.310059	-119.415764
17635.693359	-119.179115
17641.076660	-119.380554
17646.459961	-119.225037
17651.843262	-119.259270
17657.226562	-119.267632
17662.609863	-119.277283
17667.993164	-119.232086
17673.376465	-119.386269
17678.759766	-119.369080
17684.143066	-119.079697
17689.526367	-119.376366
17694.909668	-119.319511
17700.292969	-119.111618
17705.676270	-119.389656
17711.059570	-119.356247
17716.442871	-119.246414
17721.826172	-119.335121
17727.209473	-119.371666
17732.592773	-119.228775
17737.976074	-119.324341
17743.359375	-119.262070
17748.742676	-119.314659
17754.125977	-119.364655
17759.509277	-119.254509
17764.892578	-119.447533
17770.275879	-119.185242
17775.659180	-119.411232
17781.042480	-119.175987
17786.425781	-119.438385
17791.809082	-119.306992
17797.192383	-119.265465
17802.575684	-119.409790
17807.958984	-119.186852
17813.342285	-119.474419
17818.725586	-119.318214
17824.108887	-119.313484
17829.492188	-119.179543
17834.875488	-119.495399
17840.258789	-119.231201
17845.642090	-119.365837
17851.025391	-119.371094
17856.408691	-119.234001
17861.791992	-119.341843
17867.175293	-119.308029
17872.558594	-119.467628
17877.941895	-119.222115
17883.325195	-119.264397
17888.708496	-119.340546
17894.091797	-119.376526
17899.475098	-119.429024
17904.858398	-119.257652
17910.241699	-119.290237
17915.625000	-119.383385
17921.008301	-119.285103
17926.391602	-119.282791
17931.774902	-119.368172
17937.158203	-119.331345
17942.541504	-119.348228
17947.924805	-119.283234
17953.308105	-119.402252
17958.691406	-119.205063
17964.074707	-119.384239
17969.458008	-119.337318
17974.841309	-119.394531
17980.224609	-119.312202
17985.607910	-119.265182
17990.991211	-119.362015
17996.374512	-119.407921
18001.757812	-119.359543
18007.141113	-119.349869
18012.524414	-119.340546
18017.907715	-119.436478
18023.291016	-119.354454
18028.674316	-119.342949
18034.057617	-119.305176
18039.440918	-119.434647
18044.824219	-119.308617
18050.207520	-119.418694
18055.590820	-119.344337
18060.974121	-119.349091
18066.357422	-119.344429
18071.740723	-119.450279
18077.124023	-119.254227
18082.507324	-119.489784
18087.890625	-119.257797
18093.273926	-119.320404
18098.657227	-119.423126
18104.040527	-119.401024
18109.423828	-119.311867
18114.807129	-119.489464
18120.190430	-119.256058
18125.573730	-119.419861
18130.957031	-119.350006
18136.340332	-119.360504
18141.723633	-119.347488
18147.106934	-119.486214
18152.490234	-119.303703
18157.873535	-119.292625
18163.256836	-119.451729
18168.640137	-119.398537
18174.023438	-119.251900
18179.406738	-119.459023
18184.790039	-119.436218
18190.173340	-119.380142
18195.556641	-119.435364
18200.939941	-119.449768
18206.323242	-119.215218
18211.706543	-119.496101
18217.089844	-119.406906
18222.473145	-119.465630
18227.856445	-119.360512
18233.239746	-119.399780
18238.623047	-119.383499
18244.006348	-119.359596
18249.389648	-119.470306
18254.772949	-119.426491
18260.156250	-119.308441
18265.539551	-119.464905
18270.922852	-119.358620
18276.306152	-119.448875
18281.689453	-119.430313
18287.072754	-119.381523
18292.456055	-119.469353
18297.839355	-119.392860
18303.222656	-119.414978
18308.605957	-119.324203
18313.989258	-119.588150
18319.372559	-119.298630
18324.755859	-119.439903
18330.139160	-119.520233
18335.522461	-119.316727
18340.905762	-119.449783
18346.289062	-119.302689
18351.672363	-119.435463
18357.055664	-119.379860
18362.438965	-119.399445
18367.822266	-119.446701
18373.205566	-119.490326
18378.588867	-119.433289
18383.972168	-119.307838
18389.355469	-119.476547
18394.738770	-119.467644
18400.122070	-119.380882
18405.505371	-119.317673
18410.888672	-119.475014
18416.271973	-119.373894
18421.655273	-119.444946
18427.038574	-119.465439
18432.421875	-119.448273
18437.805176	-119.404785
18443.188477	-119.410156
18448.571777	-119.359695
18453.955078	-119.469093
18459.338379	-119.466293
18464.721680	-119.372841
18470.104980	-119.444939
18475.488281	-119.415108
18480.871582	-119.423126
18486.254883	-119.575539
18491.638184	-119.376122
18497.021484	-119.390678
18502.404785	-119.472664
18507.788086	-119.380013
18513.171387	-119.433548
18518.554688	-119.419205
18523.937988	-119.450165
18529.321289	-119.504730
18534.704590	-119.445930
18540.087891	-119.404099
18545.471191	-119.444382
18550.854492	-119.499123
18556.237793	-119.480072
18561.621094	-119.389343
18567.004395	-119.325172
18572.387695	-119.527229
18577.770996	-119.485085
18583.154297	-119.416283
18588.537598	-119.431808
18593.920898	-119.531464
18599.304199	-119.436554
18604.687500	-119.434990
18610.070801	-119.514160
18615.454102	-119.412689
18620.837402	-119.484116
18626.220703	-119.389740
18631.604004	-119.639320
18636.987305	-119.257545
18642.370605	-119.601654
18647.753906	-119.356644
18653.137207	-119.450005
18658.520508	-119.428192
18663.903809	-119.540268
18669.287109	-119.307953
18674.670410	-119.551575
18680.053711	-119.518623
18685.437012	-119.344223
18690.820312	-119.479492
18696.203613	-119.447296
18701.586914	-119.496986
18706.970215	-119.355087
18712.353516	-119.672546
18717.736816	-119.290794
18723.120117	-119.757095
18728.503418	-119.253212
18733.886719	-119.482368
18739.270020	-119.622086
18744.653320	-119.307442
18750.036621	-119.624268
18755.419922	-119.449867
18760.803223	-119.279839
18766.186523	-119.606560
18771.569824	-119.476616
18776.953125	-119.357056
18782.336426	-119.529289
18787.719727	-119.446152
18793.103027	-119.517197
18798.486328	-119.439972
18803.869629	-119.484131
18809.252930	-119.548126
18814.636230	-119.323265
18820.019531	-119.573273
18825.402832	-119.463852
18830.786133	-119.520569
18836.169434	-119.440536
18841.552734	-119.445381
18846.936035	-119.718857
18852.319336	-119.371475
18857.702637	-119.451622
18863.085938	-119.447159
18868.469238	-119.534676
18873.852539	-119.413078
18879.235840	-119.538460
18884.619141	-119.552208
18890.002441	-119.400749
18895.385742	-119.653297
18900.769043	-119.438484
18906.152344	-119.491722
18911.535645	-119.604507
18916.918945	-119.373741
18922.302246	-119.604744
18927.685547	-119.517235
18933.068848	-119.570801
18938.452148	-119.507904
18943.835449	-119.446289
18949.218750	-119.445198
18954.602051	-119.561607
18959.985352	-119.499931
18965.368652	-119.490692
18970.751953	-119.572525
18976.135254	-119.603767
18981.518555	-119.588356
18986.901855	-119.300522
18992.285156	-119.549271
18997.668457	-119.557053
19003.051758	-119.476463
19008.435059	-119.656258
19013.818359	-119.533020
19019.201660	-119.383812
19024.584961	-119.541748
19029.968262	-119.517593
19035.351562	-119.601242
19040.734863	-119.366226
19046.118164	-119.644165
19051.501465	-119.463699
19056.884766	-119.548157
19062.268066	-119.419357
19067.651367	-119.613235
19073.034668	-119.384079
19078.417969	-119.670219
19083.801270	-119.501801
19089.184570	-119.541389
19094.567871	-119.522141
19099.951172	-119.493912
19105.334473	-119.520828
19110.717773	-119.334099
19116.101074	-119.794205
19121.484375	-119.414742
19126.867676	-119.700279
19132.250977	-119.262222
19137.634277	-119.621368
19143.017578	-119.525635
19148.400879	-119.593704
19153.784180	-119.541428
19159.167480	-119.468933
19164.550781	-119.502197
19169.934082	-119.611198
19175.317383	-119.431259
19180.700684	-119.602554
19186.083984	-119.524757
19191.467285	-119.559517
19196.850586	-119.396729
19202.233887	-119.721512
19207.617188	-119.451118
19213.000488	-119.589249
19218.383789	-119.432297
19223.767090	-119.523277
19229.150391	-119.660065
19234.533691	-119.431221
19239.916992	-119.586914
19245.300293	-119.520920
19250.683594	-119.598999
19256.066895	-119.404984
19261.450195	-119.468605
19266.833496	-119.698715
19272.216797	-119.454315
19277.600098	-119.534561
19282.983398	-119.676414
19288.366699	-119.409454
19293.750000	-119.676971
19299.133301	-119.472191
19304.516602	-119.519768
19309.899902	-119.684540
19315.283203	-119.432991
19320.666504	-119.592964
19326.049805	-119.561401
19331.433105	-119.566605
19336.816406	-119.554756
19342.199707	-119.430359
19347.583008	-119.632393
19352.966309	-119.642387
19358.349609	-119.422668
19363.732910	-119.618698
19369.116211	-119.646072
19374.499512	-119.557152
19379.882812	-119.468842
19385.266113	-119.636353
19390.649414	-119.398369
19396.032715	-119.584831
19401.416016	-119.588921
19406.799316	-119.628120
19412.182617	-119.559219
19417.565918	-119.460464
19422.949219	-119.581726
19428.332520	-119.534706
19433.715820	-119.624985
19439.099121	-119.562111
19444.482422	-119.501511
19449.865723	-119.707733
19455.249023	-119.456009
19460.632324	-119.474648
19466.015625	-119.869537
19471.398926	-119.385712
19476.782227	-119.563080
19482.165527	-119.694168
19487.548828	-119.476227
19492.932129	-119.675819
19498.315430	-119.504341
19503.698730	-119.588844
19509.082031	-119.623581
19514.465332	-119.561478
19519.848633	-119.504150
19525.231934	-119.670326
19530.615234	-119.638191
19535.998535	-119.486908
19541.381836	-119.511940
19546.765137	-119.645256
19552.148438	-119.646271
19557.531738	-119.392113
19562.915039	-119.710815
19568.298340	-119.633011
19573.681641	-119.498497
19579.064941	-119.699699
19584.448242	-119.494507
19589.831543	-119.604073
19595.214844	-119.605469
19600.598145	-119.562424
19605.981445	-119.625587
19611.364746	-119.634468
19616.748047	-119.482971
19622.131348	-119.639908
19627.514648	-119.510849
19632.897949	-119.637184
19638.281250	-119.508118
19643.664551	-119.626785
19649.047852	-119.573982
19654.431152	-119.621147
19659.814453	-119.586700
19665.197754	-119.598709
19670.581055	-119.623413
19675.964355	-119.472870
19681.347656	-119.677383
19686.730957	-119.625137
19692.114258	-119.533340
19697.497559	-119.586205
19702.880859	-119.684570
19708.264160	-119.614929
19713.647461	-119.450455
19719.030762	-119.638336
19724.414062	-119.702110
19729.797363	-119.481926
19735.180664	-119.577942
19740.563965	-119.732819
19745.947266	-119.499779
19751.330566	-119.589943
19756.713867	-119.598862
19762.097168	-119.591179
19767.480469	-119.620575
19772.863770	-119.519638
19778.247070	-119.624054
19783.630371	-119.639900
19789.013672	-119.473869
19794.396973	-119.700584
19799.780273	-119.571342
19805.163574	-119.677277
19810.546875	-119.598480
19815.930176	-119.538116
19821.313477	-119.675690
19826.696777	-119.723969
19832.080078	-119.305794
19837.463379	-119.820328
19842.846680	-119.520836
19848.229980	-119.562668
19853.613281	-119.763618
19858.996582	-119.389000
19864.379883	-119.892426
19869.763184	-119.393303
19875.146484	-119.733231
19880.529785	-119.527199
19885.913086	-119.652832
19891.296387	-119.704826
19896.679688	-119.529152
19902.062988	-119.661057
19907.446289	-119.616859
19912.829590	-119.579300
19918.212891	-119.480942
19923.596191	-119.728874
19928.979492	-119.577682
19934.362793	-119.624146
19939.746094	-119.611992
19945.129395	-119.667267
19950.512695	-119.514091
19955.895996	-119.602539
19961.279297	-119.648262
19966.662598	-119.669228
19972.045898	-119.492744
19977.429199	-119.739517
19982.812500	-119.687378
19988.195801	-119.502609
19993.579102	-119.671097
19998.962402	-119.568802
20004.345703	-119.697693
20009.729004	-119.577080
20015.112305	-119.645073
20020.495605	-119.622734
20025.878906	-119.674835
20031.262207	-119.635994
20036.645508	-119.508583
20042.028809	-119.718109
20047.412109	-119.524330
20052.795410	-119.775833
20058.178711	-119.463234
20063.562012	-119.757065
20068.945312	-119.539917
20074.328613	-119.632851
20079.711914	-119.660324
20085.095215	-119.664330
20090.478516	-119.668793
20095.861816	-119.508293
20101.245117	-119.689072
20106.628418	-119.690453
20112.011719	-119.629623
20117.395020	-119.602066
20122.778320	-119.713821
20128.161621	-119.559586
20133.544922	-119.506973
20138.928223	-119.745811
20144.311523	-119.549316
20149.694824	-119.665268
20155.078125	-119.632774
20160.461426	-119.708488
20165.844727	-119.587196
20171.228027	-119.605232
20176.611328	-119.644623
20181.994629	-119.651390
20187.377930	-119.592400
20192.761230	-119.677048
20198.144531	-119.640617
20203.527832	-119.573502
20208.911133	-119.699852
20214.294434	-119.690765
20219.677734	-119.570808
20225.061035	-119.736420
20230.444336	-119.498238
20235.827637	-119.574905
20241.210938	-119.674911
20246.594238	-119.726929
20251.977539	-119.575714
20257.360840	-119.690399
20262.744141	-119.746300
20268.127441	-119.565926
20273.510742	-119.499359
20278.894043	-119.838539
20284.277344	-119.566811
20289.660645	-119.508377
20295.043945	-119.875740
20300.427246	-119.404198
20305.810547	-119.807091
20311.193848	-119.587494
20316.577148	-119.672478
20321.960449	-119.577843
20327.343750	-119.730148
20332.727051	-119.644615
20338.110352	-119.571350
20343.493652	-119.814682
20348.876953	-119.508827
20354.260254	-119.802925
20359.643555	-119.584152
20365.026855	-119.578072
20370.410156	-119.605232
20375.793457	-119.707199
20381.176758	-119.692825
20386.560059	-119.664185
20391.943359	-119.659904
20397.326660	-119.548439
20402.709961	-119.697884
20408.093262	-119.704048
20413.476562	-119.633301
20418.859863	-119.662376
20424.243164	-119.651817
20429.626465	-119.628754
20435.009766	-119.705933
20440.393066	-119.722565
20445.776367	-119.578194
20451.159668	-119.635208
20456.542969	-119.922951
20461.926270	-119.546364
20467.309570	-119.688728
20472.692871	-119.586205
20478.076172	-119.795258
20483.459473	-119.580040
20488.842773	-119.696655
20494.226074	-119.621567
20499.609375	-119.725128
20504.992676	-119.566795
20510.375977	-119.762993
20515.759277	-119.551811
20521.142578	-119.780312
20526.525879	-119.552864
20531.909180	-119.636703
20537.292480	-119.707504
20542.675781	-119.556686
20548.059082	-119.740349
20553.442383	-119.625824
20558.825684	-119.739822
20564.208984	-119.442009
20569.592285	-119.783554
20574.975586	-119.794487
20580.358887	-119.564178
20585.742188	-119.723976
20591.125488	-119.699806
20596.508789	-119.630264
20601.892090	-119.701469
20607.275391	-119.686501
20612.658691	-119.713226
20618.041992	-119.590164
20623.425293	-119.607475
20628.808594	-119.644402
20634.191895	-119.820770
20639.575195	-119.659889
20644.958496	-119.732040
20650.341797	-119.597008
20655.725098	-119.778831
20661.108398	-119.592560
20666.491699	-119.714241
20671.875000	-119.670822
20677.258301	-119.686226
20682.641602	-119.735435
20688.024902	-119.655197
20693.408203	-119.705956
20698.791504	-119.631805
20704.174805	-119.722504
20709.558105	-119.723488
20714.941406	-119.716682
20720.324707	-119.679794
20725.708008	-119.704300
20731.091309	-119.622269
20736.474609	-119.755829
20741.857910	-119.612610
20747.241211	-119.855659
20752.624512	-119.452576
20758.007812	-119.747139
20763.391113	-119.819092
20768.774414	-119.623207
20774.157715	-119.745659
20779.541016	-119.704002
20784.924316	-119.673164
20790.307617	-119.812790
20795.690918	-119.560516
20801.074219	-119.771431
20806.457520	-119.762383
20811.840820	-119.621315
20817.224121	-119.833252
20822.607422	-119.677147
20827.990723	-119.745003
20833.374023	-119.773956
20838.757324	-119.608696
20844.140625	-119.843681
20849.523926	-119.637115
20854.907227	-119.664185
20860.290527	-119.872086
20865.673828	-119.788239
20871.057129	-119.595955
20876.440430	-119.849030
20881.823730	-119.715256
20887.207031	-119.773567
20892.590332	-119.691673
20897.973633	-119.837502
20903.356934	-119.684647
20908.740234	-119.782806
20914.123535	-119.707977
20919.506836	-119.881058
20924.890137	-119.748528
20930.273438	-119.705818
20935.656738	-119.856384
20941.040039	-119.742882
20946.423340	-119.737251
20951.806641	-119.739319
20957.189941	-119.967667
20962.573242	-119.623322
20967.956543	-119.818947
20973.339844	-119.886475
20978.723145	-119.701088
20984.106445	-119.871140
20989.489746	-119.836281
20994.873047	-119.799797
21000.256348	-119.809662
21005.639648	-119.840591
21011.022949	-119.776985
21016.406250	-119.740120
21021.789551	-119.871758
21027.172852	-119.868744
21032.556152	-119.824570
21037.939453	-119.762459
21043.322754	-119.838783
21048.706055	-119.832230
21054.089355	-119.816818
21059.472656	-119.860558
21064.855957	-119.790718
21070.239258	-119.860809
21075.622559	-119.849869
21081.005859	-119.865936
21086.389160	-119.866989
21091.772461	-119.827560
21097.155762	-119.824951
21102.539062	-119.850182
21107.922363	-119.849434
21113.305664	-119.844551
21118.688965	-119.925293
21124.072266	-119.799118
21129.455566	-119.859558
21134.838867	-119.836700
21140.222168	-119.918098
21145.605469	-119.864723
21150.988770	-119.826332
21156.372070	-119.888695
21161.755371	-119.858002
21167.138672	-119.900810
21172.521973	-119.853996
21177.905273	-119.893974
21183.288574	-119.861542
21188.671875	-119.849022
21194.055176	-119.920853
21199.438477	-119.855606
21204.821777	-119.885796
21210.205078	-119.891251
21215.588379	-119.893845
21220.971680	-119.862900
21226.354980	-119.907074
21231.738281	-119.873505
21237.121582	-119.868279
21242.504883	-119.886208
21247.888184	-119.904327
21253.271484	-119.863922
21258.654785	-119.910378
21264.038086	-119.871986
21269.421387	-119.907013
21274.804688	-119.869858
21280.187988	-119.893166
21285.571289	-119.902023
21290.954590	-119.888290
21296.337891	-119.907913
21301.721191	-119.879341
21307.104492	-119.889160
21312.487793	-119.899849
21317.871094	-119.896439
21323.254395	-119.882629
21328.637695	-119.915688
21334.020996	-119.861832
21339.404297	-119.921738
21344.787598	-119.892174
21350.170898	-119.894585
21355.554199	-119.903778
21360.937500	-119.897690
21366.320801	-119.893837
21371.704102	-119.902870
21377.087402	-119.898468
21382.470703	-119.900925
21387.854004	-119.902122
21393.237305	-119.896851
21398.620605	-119.893661
21404.003906	-119.908707
21409.387207	-119.897034
21414.770508	-119.899910
21420.153809	-119.896179
21425.537109	-119.902275
21430.920410	-119.902573
21436.303711	-119.901016
21441.687012	-119.905701
21447.070312	-119.895821
21452.453613	-119.904640
21457.836914	-119.901329
21463.220215	-119.902725
21468.603516	-119.904053
21473.986816	-119.900688
21479.370117	-119.903831
21484.753418	-119.901329
21490.136719	-119.903908
21495.520020	-119.904549
21500.903320	-119.900566
21506.286621	-119.905014
21511.669922	-119.904427
21517.053223	-119.902863
21522.436523	-119.904182
21527.819824	-119.903313
21533.203125	-119.904724
21538.586426	-119.904564
21543.969727	-119.903503
21549.353027	-119.903992
21554.736328	-119.906548
21560.119629	-119.904755
21565.502930	-119.903763
21570.886230	-119.905991
21576.269531	-119.903984
21581.652832	-119.906593
21587.036133	-119.905388
21592.419434	-119.904518
21597.802734	-119.906876
21603.186035	-119.905434
21608.569336	-119.906815
21613.952637	-119.905235
21619.335938	-119.905922
21624.719238	-119.906952
21630.102539	-119.906158
21635.485840	-119.906143
21640.869141	-119.906479
21646.252441	-119.906685
21651.635742	-119.906372
21657.019043	-119.907036
21662.402344	-119.906998
21667.785645	-119.906891
21673.168945	-119.907204
21678.552246	-119.907173
21683.935547	-119.907509
21689.318848	-119.907257
21694.702148	-119.907631
21700.085449	-119.907433
21705.468750	-119.907616
21710.852051	-119.907837
21716.235352	-119.907616
21721.618652	-119.907982
21727.001953	-119.907806
21732.385254	-119.907898
21737.768555	-119.907959
21743.151855	-119.908043
21748.535156	-119.908234
21753.918457	-119.908348
21759.301758	-119.908241
21764.685059	-119.908470
21770.068359	-119.908836
21775.451660	-119.908714
21780.834961	-119.908676
21786.218262	-119.908745
21791.601562	-119.908844
21796.984863	-119.908478
21802.368164	-119.909042
21807.751465	-119.908813
21813.134766	-119.909050
21818.518066	-119.909187
21823.901367	-119.909058
21829.284668	-119.908905
21834.667969	-119.909355
21840.051270	-119.909355
21845.434570	-119.909355
21850.817871	-119.909477
21856.201172	-119.909439
21861.584473	-119.909439
21866.967773	-119.909355
21872.351074	-119.909462
21877.734375	-119.909607
21883.117676	-119.909378
21888.500977	-119.909622
21893.884277	-119.909805
21899.267578	-119.909561
21904.650879	-119.909653
21910.034180	-119.909966
21915.417480	-119.909729
21920.800781	-119.909851
21926.184082	-119.909996
21931.567383	-119.910164
21936.950684	-119.910103
21942.333984	-119.909782
21947.717285	-119.910538
21953.100586	-119.910301
21958.483887	-119.910263
21963.867188	-119.910316
21969.250488	-119.910248
21974.633789	-119.910034
21980.017090	-119.910416
21985.400391	-119.909859
21990.783691	-119.910103
21996.166992	-119.910530
22001.550293	-119.910210
22006.933594	-119.910332
22012.316895	-119.910316
22017.700195	-119.910179
22023.083496	-119.910187
22028.466797	-119.910309
22033.850098	-119.910278
22039.233398	-119.910233
22044.616699	-119.910316
