Frequency (Hz)	Level (dB)
5.383301	-76.147697
10.766602	-76.022781
16.149902	-64.382568
21.533203	-51.556778
26.916504	-53.521461
32.299805	-58.460167
37.683105	-55.545326
43.066406	-51.655613
48.449707	-49.792614
53.833008	-49.288933
59.216309	-48.391155
64.599609	-48.887112
69.982910	-49.801430
75.366211	-50.839901
80.749512	-51.067440
86.132812	-51.629940
91.516113	-51.799171
96.899414	-50.984348
102.282715	-50.935482
107.666016	-50.590221
113.049316	-51.689884
118.432617	-52.312160
123.815918	-54.329109
129.199219	-54.964230
134.582520	-55.201881
139.965820	-56.012230
145.349121	-56.201382
150.732422	-55.029808
156.115723	-56.327785
161.499023	-56.545147
166.882324	-56.377701
172.265625	-57.280056
177.648926	-58.649651
183.032227	-57.973164
188.415527	-56.688168
193.798828	-58.185074
199.182129	-59.078152
204.565430	-60.300785
209.948730	-60.737911
215.332031	-59.534214
220.715332	-59.001186
226.098633	-58.361279
231.481934	-56.768799
236.865234	-54.934654
242.248535	-54.794395
247.631836	-54.390007
253.015137	-53.637856
258.398438	-54.072758
263.781738	-54.212330
269.165039	-54.577240
274.548340	-55.049175
279.931641	-54.756748
285.314941	-54.168472
290.698242	-54.114319
296.081543	-53.759350
301.464844	-54.176857
306.848145	-55.266235
312.231445	-56.863518
317.614746	-58.056934
322.998047	-58.886410
328.381348	-58.326725
333.764648	-56.805161
339.147949	-56.020866
344.531250	-55.747467
349.914551	-55.718395
355.297852	-56.178268
360.681152	-57.089325
366.064453	-57.334061
371.447754	-58.085583
376.831055	-58.560997
382.214355	-58.857819
387.597656	-59.796093
392.980957	-60.938354
398.364258	-61.616268
403.747559	-61.289707
409.130859	-60.320030
414.514160	-59.836182
419.897461	-60.159733
425.280762	-60.134548
430.664062	-60.503601
436.047363	-61.514938
441.430664	-60.903709
446.813965	-61.131557
452.197266	-60.872257
457.580566	-60.555771
462.963867	-60.560925
468.347168	-61.042778
473.730469	-61.616447
479.113770	-62.004101
484.497070	-62.127140
489.880371	-62.733376
495.263672	-62.134361
500.646973	-61.464153
506.030273	-60.327740
511.413574	-59.059612
516.796875	-58.094227
522.180176	-58.041389
527.563477	-58.172749
532.946777	-57.574379
538.330078	-57.860031
543.713379	-58.616940
549.096680	-59.286621
554.479980	-59.906895
559.863281	-61.282249
565.246582	-62.346989
570.629883	-61.720387
576.013184	-60.580875
581.396484	-60.547874
586.779785	-60.439796
592.163086	-60.396446
597.546387	-60.914455
602.929688	-61.002457
608.312988	-60.801975
613.696289	-60.564663
619.079590	-60.602562
624.462891	-60.181843
629.846191	-59.806282
635.229492	-59.638359
640.612793	-60.774925
645.996094	-61.826923
651.379395	-62.715496
656.762695	-63.564167
662.145996	-63.933548
667.529297	-63.894329
672.912598	-63.329857
678.295898	-62.955326
683.679199	-63.255787
689.062500	-63.759254
694.445801	-64.694450
699.829102	-65.565720
705.212402	-65.083122
710.595703	-64.592133
715.979004	-64.372269
721.362305	-64.482285
726.745605	-64.465492
732.128906	-64.945602
737.512207	-65.254364
742.895508	-65.671921
748.278809	-66.186852
753.662109	-67.144310
759.045410	-67.938042
764.428711	-68.238281
769.812012	-68.079460
775.195312	-67.378128
780.578613	-65.933113
785.961914	-65.089478
791.345215	-64.334007
796.728516	-62.794304
802.111816	-61.281158
807.495117	-60.621906
812.878418	-59.890427
818.261719	-59.842598
823.645020	-59.693233
829.028320	-59.366081
834.411621	-59.648174
839.794922	-59.921478
845.178223	-60.439827
850.561523	-61.683464
855.944824	-64.016449
861.328125	-66.681107
866.711426	-68.093712
872.094727	-68.918610
877.478027	-69.181023
882.861328	-67.879288
888.244629	-66.644867
893.627930	-66.559982
899.011230	-67.325172
904.394531	-67.627800
909.777832	-66.781029
915.161133	-66.157753
920.544434	-65.728966
925.927734	-65.961983
931.311035	-66.175606
936.694336	-65.931999
942.077637	-65.629250
947.460938	-64.508751
952.844238	-63.972069
958.227539	-63.305553
963.610840	-62.595692
968.994141	-62.271545
974.377441	-62.577454
979.760742	-62.605869
985.144043	-62.169094
990.527344	-63.110439
995.910645	-63.922562
1001.293945	-64.224876
1006.677246	-64.667130
1012.060547	-65.099136
1017.443848	-65.890671
1022.827148	-66.601395
1028.210449	-66.703918
1033.593750	-66.976013
1038.977051	-67.627235
1044.360352	-68.457535
1049.743652	-68.584183
1055.126953	-68.578857
1060.510254	-68.883942
1065.893555	-69.010490
1071.276855	-69.902832
1076.660156	-69.283257
1082.043457	-68.650787
1087.426758	-67.806854
1092.810059	-66.705940
1098.193359	-65.753227
1103.576660	-65.548393
1108.959961	-65.895409
1114.343262	-66.505959
1119.726562	-67.119637
1125.109863	-67.016632
1130.493164	-67.168350
1135.876465	-67.884727
1141.259766	-67.242935
1146.643066	-66.822220
1152.026367	-67.648918
1157.409668	-68.304779
1162.792969	-68.176651
1168.176270	-68.321793
1173.559570	-68.995468
1178.942871	-69.394234
1184.326172	-68.976280
1189.709473	-68.988846
1195.092773	-69.486099
1200.476074	-70.139664
1205.859375	-71.520538
1211.242676	-72.522041
1216.625977	-73.111809
1222.009277	-73.817963
1227.392578	-73.945557
1232.775879	-74.093338
1238.159180	-74.766373
1243.542480	-74.475761
1248.925781	-74.530350
1254.309082	-74.309975
1259.692383	-72.793953
1265.075684	-71.568085
1270.458984	-70.896400
1275.842285	-69.838959
1281.225586	-69.251244
1286.608887	-69.232834
1291.992188	-69.173340
1297.375488	-68.002823
1302.758789	-61.681263
1308.142090	-62.728920
1313.525391	-68.074249
1318.908691	-67.755775
1324.291992	-67.722122
1329.675293	-67.366714
1335.058594	-67.612221
1340.441895	-68.015724
1345.825195	-68.102890
1351.208496	-68.622498
1356.591797	-68.809624
1361.975098	-69.879082
1367.358398	-70.366943
1372.741699	-70.446663
1378.125000	-69.762581
1383.508301	-69.497963
1388.891602	-70.487152
1394.274902	-71.451408
1399.658203	-71.303596
1405.041504	-71.654579
1410.424805	-70.789375
1415.808105	-70.467316
1421.191406	-70.119652
1426.574707	-69.293076
1431.958008	-69.936661
1437.341309	-71.010605
1442.724609	-72.176071
1448.107910	-72.523010
1453.491211	-71.534851
1458.874512	-70.756584
1464.257812	-69.583832
1469.641113	-68.683296
1475.024414	-68.845253
1480.407715	-69.758759
1485.791016	-70.172768
1491.174316	-70.586746
1496.557617	-70.800323
1501.940918	-70.188507
1507.324219	-69.510422
1512.707520	-69.585655
1518.090820	-70.211624
1523.474121	-70.587639
1528.857422	-71.265839
1534.240723	-72.240105
1539.624023	-72.723053
1545.007324	-72.338196
1550.390625	-72.623520
1555.773926	-71.600327
1561.157227	-71.071724
1566.540527	-71.271721
1571.923828	-71.721878
1577.307129	-72.441742
1582.690430	-72.917091
1588.073730	-72.241982
1593.457031	-71.760452
1598.840332	-71.813690
1604.223633	-71.965599
1609.606934	-73.041786
1614.990234	-74.241234
1620.373535	-74.448738
1625.756836	-75.662331
1631.140137	-76.052414
1636.523438	-75.920807
1641.906738	-75.412598
1647.290039	-75.264595
1652.673340	-75.287621
1658.056641	-75.868584
1663.439941	-75.806480
1668.823242	-74.904800
1674.206543	-75.767845
1679.589844	-75.159660
1684.973145	-74.073387
1690.356445	-74.030144
1695.739746	-74.358307
1701.123047	-73.537613
1706.506348	-72.757126
1711.889648	-72.401581
1717.272949	-72.028000
1722.656250	-72.875977
1728.039551	-73.625122
1733.422852	-74.501389
1738.806152	-75.810616
1744.189453	-76.477470
1749.572754	-76.911407
1754.956055	-77.081474
1760.339355	-77.357536
1765.722656	-77.620323
1771.105957	-77.837242
1776.489258	-77.586334
1781.872559	-77.500732
1787.255859	-78.125320
1792.639160	-77.396019
1798.022461	-77.274887
1803.405762	-76.893692
1808.789062	-76.421356
1814.172363	-76.009583
1819.555664	-75.779198
1824.938965	-76.018402
1830.322266	-75.568878
1835.705566	-75.412048
1841.088867	-75.531059
1846.472168	-75.447334
1851.855469	-75.314514
1857.238770	-75.908897
1862.622070	-75.821953
1868.005371	-75.054100
1873.388672	-74.845177
1878.771973	-75.097801
1884.155273	-74.949081
1889.538574	-74.181000
1894.921875	-73.718712
1900.305176	-73.912430
1905.688477	-73.607857
1911.071777	-74.295845
1916.455078	-74.446312
1921.838379	-74.843765
1927.221680	-75.898438
1932.604980	-75.920189
1937.988281	-76.036896
1943.371582	-77.023277
1948.754883	-77.351463
1954.138184	-77.326355
1959.521484	-77.240417
1964.904785	-76.568001
1970.288086	-75.721306
1975.671387	-75.372368
1981.054688	-74.893311
1986.437988	-74.945343
1991.821289	-74.917870
1997.204590	-75.494713
2002.587891	-76.413902
2007.971191	-76.869896
2013.354492	-76.887024
2018.737793	-77.817848
2024.121094	-78.341225
2029.504395	-77.009430
2034.887695	-75.976913
2040.270996	-75.447777
2045.654297	-74.669655
2051.037598	-74.702484
2056.420898	-74.904785
2061.804199	-75.467918
2067.187500	-76.302780
2072.570801	-76.301422
2077.954102	-76.532570
2083.337402	-76.783501
2088.720703	-77.190857
2094.104004	-77.595070
2099.487305	-78.122955
2104.870605	-79.057983
2110.253906	-79.313484
2115.637207	-79.616318
2121.020508	-80.271797
2126.403809	-80.517021
2131.787109	-81.359909
2137.170410	-82.086449
2142.553711	-81.719933
2147.937012	-81.674454
2153.320312	-81.479248
2158.703613	-81.183876
2164.086914	-80.342224
2169.470215	-80.795197
2174.853516	-80.825043
2180.236816	-81.097099
2185.620117	-81.584900
2191.003418	-81.462013
2196.386719	-81.767540
2201.770020	-82.322662
2207.153320	-81.948387
2212.536621	-81.711021
2217.919922	-81.573151
2223.303223	-81.352348
2228.686523	-81.366241
2234.069824	-81.873260
2239.453125	-80.893822
2244.836426	-80.427002
2250.219727	-79.506813
2255.603027	-78.634888
2260.986328	-78.446854
2266.369629	-78.763596
2271.752930	-78.878212
2277.136230	-78.300278
2282.519531	-77.854912
2287.902832	-77.613785
2293.286133	-77.693336
2298.669434	-77.684181
2304.052734	-77.821472
2309.436035	-78.246414
2314.819336	-78.156052
2320.202637	-78.526443
2325.585938	-79.807541
2330.969238	-80.345749
2336.352539	-80.959915
2341.735840	-81.987595
2347.119141	-82.793503
2352.502441	-81.847595
2357.885742	-81.106720
2363.269043	-81.076622
2368.652344	-80.490616
2374.035645	-79.699440
2379.418945	-79.362869
2384.802246	-79.287552
2390.185547	-78.162025
2395.568848	-78.074821
2400.952148	-78.617607
2406.335449	-78.928391
2411.718750	-78.780060
2417.102051	-78.135414
2422.485352	-79.094688
2427.868652	-79.739586
2433.251953	-81.191040
2438.635254	-82.123428
2444.018555	-81.929733
2449.401855	-80.686279
2454.785156	-79.647415
2460.168457	-79.185677
2465.551758	-79.083435
2470.935059	-79.186897
2476.318359	-79.681313
2481.701660	-80.219551
2487.084961	-80.354813
2492.468262	-80.102715
2497.851562	-79.376816
2503.234863	-79.261681
2508.618164	-79.296715
2514.001465	-79.313026
2519.384766	-80.005493
2524.768066	-80.143791
2530.151367	-80.446579
2535.534668	-80.467201
2540.917969	-79.323662
2546.301270	-78.184517
2551.684570	-78.502151
2557.067871	-78.235786
2562.451172	-77.615234
2567.834473	-77.600487
2573.217773	-77.780746
2578.601074	-78.353096
2583.984375	-78.107155
2589.367676	-78.506660
2594.750977	-78.121033
2600.134277	-78.068237
2605.517578	-78.162735
2610.900879	-78.794510
2616.284180	-79.064232
2621.667480	-79.423286
2627.050781	-80.234367
2632.434082	-80.399605
2637.817383	-80.436981
2643.200684	-79.846008
2648.583984	-79.912056
2653.967285	-80.427681
2659.350586	-80.708725
2664.733887	-81.276436
2670.117188	-81.404419
2675.500488	-80.775932
2680.883789	-81.472832
2686.267090	-81.831131
2691.650391	-82.060806
2697.033691	-82.445641
2702.416992	-82.473572
2707.800293	-82.463943
2713.183594	-82.542114
2718.566895	-82.669777
2723.950195	-82.285622
2729.333496	-81.244225
2734.716797	-81.238297
2740.100098	-81.181183
2745.483398	-80.884125
2750.866699	-80.072479
2756.250000	-80.367271
2761.633301	-81.280014
2767.016602	-81.670624
2772.399902	-81.463165
2777.783203	-81.413177
2783.166504	-80.184135
2788.549805	-79.309975
2793.933105	-79.065582
2799.316406	-78.900627
2804.699707	-78.133446
2810.083008	-78.502533
2815.466309	-79.342094
2820.849609	-79.523895
2826.232910	-80.267021
2831.616211	-80.412651
2836.999512	-80.482567
2842.382812	-80.145302
2847.766113	-80.500832
2853.149414	-81.134254
2858.532715	-81.330917
2863.916016	-80.226898
2869.299316	-80.339523
2874.682617	-81.373863
2880.065918	-82.024292
2885.449219	-81.533295
2890.832520	-81.694824
2896.215820	-83.165588
2901.599121	-83.221382
2906.982422	-83.060898
2912.365723	-83.295090
2917.749023	-83.942703
2923.132324	-84.142288
2928.515625	-83.978386
2933.898926	-83.970360
2939.282227	-83.848442
2944.665527	-83.263062
2950.048828	-82.647240
2955.432129	-82.468109
2960.815430	-81.744003
2966.198730	-81.941620
2971.582031	-81.558075
2976.965332	-81.064011
2982.348633	-81.511726
2987.731934	-81.068336
2993.115234	-81.485847
2998.498535	-82.035995
3003.881836	-82.300652
3009.265137	-81.664230
3014.648438	-80.913170
3020.031738	-80.209282
3025.415039	-79.899216
3030.798340	-79.460251
3036.181641	-80.214577
3041.564941	-80.403526
3046.948242	-80.643082
3052.331543	-80.458366
3057.714844	-80.341911
3063.098145	-80.883644
3068.481445	-81.225731
3073.864746	-81.153740
3079.248047	-80.742928
3084.631348	-80.460907
3090.014648	-80.176651
3095.397949	-80.138687
3100.781250	-80.186043
3106.164551	-80.493736
3111.547852	-81.824539
3116.931152	-81.714081
3122.314453	-81.359215
3127.697754	-81.432495
3133.081055	-82.264008
3138.464355	-82.231361
3143.847656	-82.445732
3149.230957	-82.619934
3154.614258	-82.923935
3159.997559	-82.826698
3165.380859	-82.989220
3170.764160	-82.990150
3176.147461	-82.729874
3181.530762	-82.184929
3186.914062	-82.290680
3192.297363	-82.329559
3197.680664	-82.435127
3203.063965	-82.834633
3208.447266	-83.204964
3213.830566	-84.093254
3219.213867	-84.819611
3224.597168	-84.830063
3229.980469	-84.316269
3235.363770	-84.246758
3240.747070	-85.009041
3246.130371	-85.011345
3251.513672	-84.853127
3256.896973	-84.788788
3262.280273	-84.085899
3267.663574	-84.338745
3273.046875	-84.499229
3278.430176	-83.942017
3283.813477	-83.731682
3289.196777	-83.422852
3294.580078	-83.488022
3299.963379	-83.049927
3305.346680	-83.400299
3310.729980	-82.990051
3316.113281	-82.916039
3321.496582	-82.742279
3326.879883	-82.936165
3332.263184	-83.387474
3337.646484	-83.882637
3343.029785	-83.878990
3348.413086	-82.840935
3353.796387	-82.316170
3359.179688	-81.652275
3364.562988	-81.007881
3369.946289	-81.137688
3375.329590	-81.080177
3380.712891	-81.511856
3386.096191	-82.071274
3391.479492	-82.668770
3396.862793	-82.621895
3402.246094	-82.618195
3407.629395	-83.030167
3413.012695	-83.900658
3418.395996	-84.252968
3423.779297	-84.299644
3429.162598	-83.542679
3434.545898	-82.898506
3439.929199	-82.966431
3445.312500	-83.277161
3450.695801	-83.770081
3456.079102	-84.563675
3461.462402	-85.331635
3466.845703	-85.844330
3472.229004	-86.117798
3477.612305	-86.178558
3482.995605	-85.565041
3488.378906	-84.856133
3493.762207	-84.470009
3499.145508	-84.249069
3504.528809	-84.065277
3509.912109	-84.476707
3515.295410	-84.794746
3520.678711	-85.236488
3526.062012	-84.808098
3531.445312	-84.717690
3536.828613	-84.267914
3542.211914	-83.332756
3547.595215	-82.995781
3552.978516	-83.412048
3558.361816	-83.841736
3563.745117	-84.618683
3569.128418	-85.119995
3574.511719	-84.688614
3579.895020	-84.601601
3585.278320	-83.948204
3590.661621	-83.900452
3596.044922	-83.094185
3601.428223	-82.922874
3606.811523	-83.543640
3612.194824	-83.904465
3617.578125	-83.750244
3622.961426	-84.200661
3628.344727	-84.388786
3633.728027	-84.127602
3639.111328	-84.041626
3644.494629	-83.450371
3649.877930	-82.929375
3655.261230	-83.291672
3660.644531	-83.001106
3666.027832	-83.036209
3671.411133	-83.324226
3676.794434	-84.137352
3682.177734	-84.585335
3687.561035	-84.656761
3692.944336	-84.432335
3698.327637	-84.178925
3703.710938	-84.263680
3709.094238	-84.317589
3714.477539	-84.670898
3719.860840	-84.790878
3725.244141	-84.767838
3730.627441	-85.057007
3736.010742	-85.095406
3741.394043	-85.688698
3746.777344	-85.818230
3752.160645	-86.007027
3757.543945	-86.812469
3762.927246	-86.881683
3768.310547	-86.366760
3773.693848	-86.405052
3779.077148	-85.741348
3784.460449	-85.282234
3789.843750	-84.907440
3795.227051	-85.237831
3800.610352	-85.460251
3805.993652	-85.626450
3811.376953	-85.533279
3816.760254	-84.356384
3822.143555	-84.474609
3827.526855	-85.306534
3832.910156	-85.489166
3838.293457	-85.768913
3843.676758	-86.618835
3849.060059	-86.520126
3854.443359	-86.496986
3859.826660	-86.784073
3865.209961	-86.352272
3870.593262	-84.836044
3875.976562	-84.441765
3881.359863	-85.273438
3886.743164	-85.406487
3892.126465	-86.184975
3897.509766	-86.591194
3902.893066	-86.320168
3908.276367	-86.266243
3913.659668	-86.638756
3919.042969	-86.370506
3924.426270	-86.426178
3929.809570	-87.046791
3935.192871	-87.248116
3940.576172	-86.341179
3945.959473	-86.117439
3951.342773	-86.517387
3956.726074	-87.043625
3962.109375	-87.484169
3967.492676	-87.575569
3972.875977	-87.194038
3978.259277	-87.547432
3983.642578	-87.694290
3989.025879	-88.383141
3994.409180	-88.230972
3999.792480	-88.030090
4005.175781	-87.866768
4010.559082	-87.716660
4015.942383	-87.135338
4021.325684	-86.392532
4026.708984	-86.471764
4032.092285	-86.327606
4037.475586	-86.130524
4042.858887	-86.269920
4048.242188	-86.580185
4053.625488	-86.628998
4059.008789	-87.515938
4064.392090	-87.921249
4069.775391	-88.250290
4075.158691	-88.473808
4080.541992	-87.316330
4085.925293	-86.831886
4091.308594	-85.992691
4096.691895	-85.296112
4102.075195	-86.238388
4107.458496	-86.188797
4112.841797	-86.218369
4118.225098	-86.829521
4123.608398	-87.133194
4128.991699	-86.605247
4134.375000	-86.137390
4139.758301	-85.929535
4145.141602	-86.553017
4150.524902	-86.226212
4155.908203	-86.162140
4161.291504	-86.702454
4166.674805	-86.954941
4172.058105	-87.086884
4177.441406	-85.865593
4182.824707	-84.818474
4188.208008	-84.956322
4193.591309	-85.672249
4198.974609	-86.816437
4204.357910	-86.995369
4209.741211	-87.434044
4215.124512	-87.294968
4220.507812	-87.411209
4225.891113	-86.868507
4231.274414	-86.525017
4236.657715	-86.054573
4242.041016	-85.782089
4247.424316	-86.090469
4252.807617	-86.995178
4258.190918	-86.783638
4263.574219	-85.924065
4268.957520	-85.018593
4274.340820	-85.589546
4279.724121	-86.543861
4285.107422	-86.793282
4290.490723	-86.961311
4295.874023	-87.830940
4301.257324	-87.829483
4306.640625	-87.601242
4312.023926	-87.667831
4317.407227	-88.031868
4322.790527	-88.813118
4328.173828	-88.943230
4333.557129	-88.959747
4338.940430	-88.551003
4344.323730	-87.696289
4349.707031	-87.429558
4355.090332	-86.428528
4360.473633	-86.426300
4365.856934	-86.620544
4371.240234	-86.987328
4376.623535	-86.774048
4382.006836	-87.007683
4387.390137	-87.077446
4392.773438	-87.031715
4398.156738	-87.604637
4403.540039	-87.835403
4408.923340	-87.225052
4414.306641	-87.597946
4419.689941	-87.742531
4425.073242	-86.976639
4430.456543	-86.937141
4435.839844	-88.054688
4441.223145	-88.847031
4446.606445	-89.198380
4451.989746	-89.010643
4457.373047	-88.241249
4462.756348	-88.377693
4468.139648	-89.019485
4473.522949	-88.695206
4478.906250	-88.589836
4484.289551	-88.445091
4489.672852	-87.800819
4495.056152	-88.194839
4500.439453	-88.552986
4505.822754	-89.131485
4511.206055	-89.079010
4516.589355	-88.910240
4521.972656	-88.446289
4527.355957	-87.938637
4532.739258	-87.209869
4538.122559	-86.765495
4543.505859	-86.877457
4548.889160	-86.365425
4554.272461	-86.636955
4559.655762	-86.499634
4565.039062	-86.659103
4570.422363	-87.188400
4575.805664	-87.442657
4581.188965	-87.950241
4586.572266	-87.637054
4591.955566	-87.665680
4597.338867	-88.179939
4602.722168	-88.659981
4608.105469	-88.883049
4613.488770	-88.914841
4618.872070	-88.861504
4624.255371	-88.638428
4629.638672	-88.369835
4635.021973	-88.030457
4640.405273	-87.795471
4645.788574	-87.288513
4651.171875	-87.049919
4656.555176	-87.971352
4661.938477	-88.553749
4667.321777	-88.415459
4672.705078	-88.098633
4678.088379	-88.306061
4683.471680	-88.569733
4688.854980	-88.610420
4694.238281	-88.509682
4699.621582	-88.244919
4705.004883	-87.495110
4710.388184	-87.593102
4715.771484	-88.546532
4721.154785	-88.660027
4726.538086	-88.642883
4731.921387	-88.368835
4737.304688	-87.982216
4742.687988	-88.620110
4748.071289	-88.996857
4753.454590	-88.467346
4758.837891	-88.536774
4764.221191	-87.544083
4769.604492	-84.912773
4774.987793	-84.251564
4780.371094	-86.652168
4785.754395	-87.972443
4791.137695	-87.564323
4796.520996	-87.487617
4801.904297	-87.657455
4807.287598	-87.862274
4812.670898	-87.761833
4818.054199	-88.058952
4823.437500	-88.109818
4828.820801	-88.153442
4834.204102	-89.154259
4839.587402	-88.893349
4844.970703	-89.253540
4850.354004	-89.787788
4855.737305	-89.812126
4861.120605	-90.543770
4866.503906	-90.565933
4871.887207	-90.034325
4877.270508	-90.536346
4882.653809	-90.431839
4888.037109	-90.224892
4893.420410	-89.958092
4898.803711	-90.046082
4904.187012	-90.519867
4909.570312	-90.768021
4914.953613	-90.651093
4920.336914	-90.294991
4925.720215	-90.224068
4931.103516	-89.558914
4936.486816	-89.169434
4941.870117	-88.736717
4947.253418	-89.011497
4952.636719	-89.047073
4958.020020	-88.612961
4963.403320	-88.976387
4968.786621	-89.322426
4974.169922	-89.470253
4979.553223	-90.142914
4984.936523	-89.781982
4990.319824	-89.712563
4995.703125	-89.617836
5001.086426	-89.770203
5006.469727	-90.735291
5011.853027	-91.061043
5017.236328	-91.286140
5022.619629	-91.081306
5028.002930	-90.774513
5033.386230	-90.430267
5038.769531	-90.201805
5044.152832	-89.771454
5049.536133	-89.587982
5054.919434	-90.721092
5060.302734	-90.612022
5065.686035	-90.492393
5071.069336	-90.796829
5076.452637	-90.866936
5081.835938	-90.732269
5087.219238	-90.354454
5092.602539	-89.687866
5097.985840	-91.147766
5103.369141	-91.758812
5108.752441	-91.729698
5114.135742	-91.665878
5119.519043	-91.705673
5124.902344	-91.643112
5130.285645	-92.127434
5135.668945	-92.406914
5141.052246	-91.997452
5146.435547	-91.986504
5151.818848	-92.069504
5157.202148	-92.673203
5162.585449	-92.091965
5167.968750	-91.977325
5173.352051	-91.905838
5178.735352	-91.674614
5184.118652	-91.066292
5189.501953	-90.613350
5194.885254	-89.437386
5200.268555	-91.301613
5205.651855	-91.889755
5211.035156	-90.944977
5216.418457	-90.645424
5221.801758	-90.761711
5227.185059	-91.792366
5232.568359	-91.287590
5237.951660	-90.964790
5243.334961	-91.719772
5248.718262	-91.966225
5254.101562	-92.116211
5259.484863	-92.191566
5264.868164	-91.953842
5270.251465	-91.753876
5275.634766	-92.342308
5281.018066	-92.410995
5286.401367	-92.346382
5291.784668	-91.615768
5297.167969	-90.822456
5302.551270	-91.107292
5307.934570	-90.846764
5313.317871	-90.101585
5318.701172	-89.834145
5324.084473	-90.513214
5329.467773	-90.331322
5334.851074	-90.658272
5340.234375	-90.687660
5345.617676	-90.579109
5351.000977	-90.978394
5356.384277	-91.457512
5361.767578	-91.716782
5367.150879	-91.594238
5372.534180	-91.833206
5377.917480	-91.244820
5383.300781	-91.552544
5388.684082	-91.434601
5394.067383	-90.565063
5399.450684	-90.163231
5404.833984	-90.890068
5410.217285	-90.818481
5415.600586	-90.766327
5420.983887	-90.653061
5426.367188	-90.670715
5431.750488	-90.396355
5437.133789	-90.302895
5442.517090	-90.328072
5447.900391	-91.057388
5453.283691	-91.038498
5458.666992	-90.776268
5464.050293	-90.814499
5469.433594	-92.213234
5474.816895	-92.460274
5480.200195	-92.459969
5485.583496	-92.412987
5490.966797	-92.246513
5496.350098	-91.911972
5501.733398	-91.509827
5507.116699	-91.184967
5512.500000	-90.792221
5517.883301	-90.487709
5523.266602	-90.681107
5528.649902	-90.483894
5534.033203	-90.407913
5539.416504	-91.322372
5544.799805	-91.696388
5550.183105	-91.777565
5555.566406	-91.701607
5560.949707	-91.769501
5566.333008	-91.986397
5571.716309	-91.576736
5577.099609	-91.473351
5582.482910	-91.700081
5587.866211	-91.907776
5593.249512	-92.016945
5598.632812	-91.786766
5604.016113	-91.656548
5609.399414	-92.014305
5614.782715	-91.407822
5620.166016	-91.241112
5625.549316	-91.291473
5630.932617	-91.393425
5636.315918	-91.177505
5641.699219	-91.513977
5647.082520	-90.985847
5652.465820	-91.344505
5657.849121	-90.760689
5663.232422	-91.154694
5668.615723	-91.152145
5673.999023	-91.042122
5679.382324	-90.626526
5684.765625	-90.879517
5690.148926	-91.535248
5695.532227	-91.657936
5700.915527	-92.060204
5706.298828	-93.008888
5711.682129	-92.584053
5717.065430	-92.682625
5722.448730	-93.010780
5727.832031	-93.010902
5733.215332	-93.641335
5738.598633	-93.593994
5743.981934	-94.027573
5749.365234	-93.463310
5754.748535	-93.662193
5760.131836	-94.231125
5765.515137	-94.322411
5770.898438	-94.073486
5776.281738	-94.307823
5781.665039	-94.324295
5787.048340	-94.460175
5792.431641	-94.098503
5797.814941	-93.729530
5803.198242	-93.836433
5808.581543	-93.452507
5813.964844	-93.659698
5819.348145	-93.600601
5824.731445	-92.974976
5830.114746	-94.089149
5835.498047	-93.546059
5840.881348	-93.482201
5846.264648	-93.215202
5851.647949	-92.934319
5857.031250	-93.089508
5862.414551	-92.574837
5867.797852	-92.629089
5873.181152	-93.231514
5878.564453	-92.783356
5883.947754	-92.631325
5889.331055	-93.736473
5894.714355	-93.955032
5900.097656	-93.840675
5905.480957	-93.272354
5910.864258	-93.525085
5916.247559	-94.076538
5921.630859	-93.222687
5927.014160	-93.335571
5932.397461	-94.450630
5937.780762	-94.122002
5943.164062	-94.083511
5948.547363	-93.950172
5953.930664	-93.605705
5959.313965	-93.786133
5964.697266	-93.926804
5970.080566	-93.475525
5975.463867	-93.807739
5980.847168	-93.894196
5986.230469	-94.206184
5991.613770	-94.341835
5996.997070	-94.175003
6002.380371	-94.872261
6007.763672	-93.870766
6013.146973	-94.118568
6018.530273	-93.894135
6023.913574	-93.579033
6029.296875	-93.368469
6034.680176	-93.362137
6040.063477	-93.634865
6045.446777	-93.662270
6050.830078	-92.733421
6056.213379	-92.930565
6061.596680	-93.895676
6066.979980	-94.041397
6072.363281	-93.843773
6077.746582	-93.494133
6083.129883	-93.721191
6088.513184	-93.821648
6093.896484	-94.381981
6099.279785	-93.788582
6104.663086	-93.593422
6110.046387	-93.804634
6115.429688	-93.792038
6120.812988	-94.081238
6126.196289	-94.727280
6131.579590	-94.126022
6136.962891	-94.210167
6142.346191	-94.539719
6147.729492	-94.373718
6153.112793	-94.644028
6158.496094	-94.416603
6163.879395	-94.534248
6169.262695	-95.094139
6174.645996	-94.782402
6180.029297	-94.697838
6185.412598	-94.436920
6190.795898	-94.343231
6196.179199	-94.602432
6201.562500	-94.333168
6206.945801	-93.546288
6212.329102	-94.253700
6217.712402	-94.449188
6223.095703	-94.648155
6228.479004	-93.999809
6233.862305	-93.325104
6239.245605	-94.074432
6244.628906	-94.876175
6250.012207	-94.436874
6255.395508	-94.254723
6260.778809	-94.082771
6266.162109	-94.487045
6271.545410	-94.670235
6276.928711	-94.913124
6282.312012	-94.186501
6287.695312	-94.221313
6293.078613	-94.163231
6298.461914	-93.801003
6303.845215	-93.693535
6309.228516	-93.800079
6314.611816	-93.830246
6319.995117	-94.303284
6325.378418	-94.076004
6330.761719	-93.828644
6336.145020	-93.869598
6341.528320	-93.675392
6346.911621	-94.315735
6352.294922	-94.906525
6357.678223	-95.496399
6363.061523	-95.031723
6368.444824	-94.862122
6373.828125	-94.580811
6379.211426	-95.269135
6384.594727	-95.066292
6389.978027	-94.858337
6395.361328	-94.400528
6400.744629	-95.154648
6406.127930	-95.287605
6411.511230	-95.040642
6416.894531	-95.527481
6422.277832	-95.386711
6427.661133	-95.156212
6433.044434	-95.622581
6438.427734	-94.825432
6443.811035	-94.980217
6449.194336	-95.316940
6454.577637	-95.485359
6459.960938	-94.801392
6465.344238	-94.961815
6470.727539	-95.889153
6476.110840	-95.081177
6481.494141	-94.549370
6486.877441	-93.671555
6492.260742	-93.735046
6497.644043	-94.655525
6503.027344	-94.780289
6508.410645	-94.737015
6513.793945	-94.326622
6519.177246	-94.675743
6524.560547	-94.769119
6529.943848	-94.228317
6535.327148	-94.047928
6540.710449	-94.921646
6546.093750	-94.286514
6551.477051	-94.229515
6556.860352	-94.785583
6562.243652	-94.158119
6567.626953	-94.219414
6573.010254	-94.795166
6578.393555	-95.119560
6583.776855	-94.726501
6589.160156	-94.620743
6594.543457	-95.159134
6599.926758	-94.390678
6605.310059	-93.807472
6610.693359	-93.761726
6616.076660	-93.589081
6621.459961	-94.125938
6626.843262	-93.489433
6632.226562	-93.573456
6637.609863	-93.460564
6642.993164	-93.986435
6648.376465	-93.787666
6653.759766	-93.503349
6659.143066	-93.310844
6664.526367	-93.792755
6669.909668	-93.397186
6675.292969	-93.388741
6680.676270	-94.155052
6686.059570	-93.901253
6691.442871	-93.571815
6696.826172	-94.064857
6702.209473	-95.094597
6707.592773	-95.533638
6712.976074	-95.111420
6718.359375	-95.132042
6723.742676	-95.190773
6729.125977	-94.517075
6734.509277	-94.122238
6739.892578	-93.634628
6745.275879	-93.795914
6750.659180	-93.911362
6756.042480	-94.051430
6761.425781	-94.742836
6766.809082	-94.479515
6772.192383	-94.060204
6777.575684	-94.222496
6782.958984	-94.257324
6788.342285	-95.184982
6793.725586	-94.512405
6799.108887	-94.854065
6804.492188	-95.067024
6809.875488	-94.828400
6815.258789	-94.836525
6820.642090	-94.603340
6826.025391	-94.579750
6831.408691	-94.239624
6836.791992	-94.773415
6842.175293	-95.216011
6847.558594	-95.317345
6852.941895	-95.670242
6858.325195	-95.746216
6863.708496	-96.131050
6869.091797	-96.198318
6874.475098	-96.276138
6879.858398	-96.408722
6885.241699	-95.737785
6890.625000	-94.361847
6896.008301	-94.531540
6901.391602	-94.584869
6906.774902	-94.211418
6912.158203	-94.511093
6917.541504	-94.705223
6922.924805	-94.764877
6928.308105	-95.210152
6933.691406	-95.037186
6939.074707	-94.591423
6944.458008	-94.574432
6949.841309	-94.805367
6955.224609	-94.896225
6960.607910	-94.731262
6965.991211	-94.735313
6971.374512	-94.928955
6976.757812	-94.607292
6982.141113	-94.923103
6987.524414	-94.379539
6992.907715	-93.870148
6998.291016	-94.201782
7003.674316	-93.724960
7009.057617	-93.891594
7014.440918	-94.244247
7019.824219	-94.814308
7025.207520	-94.604103
7030.590820	-95.418625
7035.974121	-95.736618
7041.357422	-95.934273
7046.740723	-95.654259
7052.124023	-95.386932
7057.507324	-95.344833
7062.890625	-94.985764
7068.273926	-94.918350
7073.657227	-94.982758
7079.040527	-94.978928
7084.423828	-94.591736
7089.807129	-94.717659
7095.190430	-95.515038
7100.573730	-95.467308
7105.957031	-95.696526
7111.340332	-96.265320
7116.723633	-96.526955
7122.106934	-95.504707
7127.490234	-94.734596
7132.873535	-94.755035
7138.256836	-94.732788
7143.640137	-94.214523
7149.023438	-94.283287
7154.406738	-94.637466
7159.790039	-94.613365
7165.173340	-94.115494
7170.556641	-94.505798
7175.939941	-95.403732
7181.323242	-95.559013
7186.706543	-95.886734
7192.089844	-96.319336
7197.473145	-96.578056
7202.856445	-96.264977
7208.239746	-95.925369
7213.623047	-94.801224
7219.006348	-95.524734
7224.389648	-95.809738
7229.772949	-95.597115
7235.156250	-95.855682
7240.539551	-96.356407
7245.922852	-96.228180
7251.306152	-95.706955
7256.689453	-95.571472
7262.072754	-96.306328
7267.456055	-96.073166
7272.839355	-96.418533
7278.222656	-96.486595
7283.605957	-95.965157
7288.989258	-95.552956
7294.372559	-94.855377
7299.755859	-94.519310
7305.139160	-94.439163
7310.522461	-94.572563
7315.905762	-94.715759
7321.289062	-94.557243
7326.672363	-94.597771
7332.055664	-94.825066
7337.438965	-94.786659
7342.822266	-94.324226
7348.205566	-94.458138
7353.588867	-95.589058
7358.972168	-95.831757
7364.355469	-95.789497
7369.738770	-96.104233
7375.122070	-95.966942
7380.505371	-96.747566
7385.888672	-96.771225
7391.271973	-96.778694
7396.655273	-96.218407
7402.038574	-96.222488
7407.421875	-96.701797
7412.805176	-96.416565
7418.188477	-96.078270
7423.571777	-96.168259
7428.955078	-95.990189
7434.338379	-95.658829
7439.721680	-95.088448
7445.104980	-95.017784
7450.488281	-95.234825
7455.871582	-95.337677
7461.254883	-96.386993
7466.638184	-96.582603
7472.021484	-96.222618
7477.404785	-96.380806
7482.788086	-96.499290
7488.171387	-96.035965
7493.554688	-95.661438
7498.937988	-96.521065
7504.321289	-97.092834
7509.704590	-96.960098
7515.087891	-96.279533
7520.471191	-95.840622
7525.854492	-96.421181
7531.237793	-96.126381
7536.621094	-95.602623
7542.004395	-96.328133
7547.387695	-96.409737
7552.770996	-96.604156
7558.154297	-96.852524
7563.537598	-97.338181
7568.920898	-97.460350
7574.304199	-96.958038
7579.687500	-96.590897
7585.070801	-96.436081
7590.454102	-96.446968
7595.837402	-95.424049
7601.220703	-95.799393
7606.604004	-95.150711
7611.987305	-95.044662
7617.370605	-94.519203
7622.753906	-94.782898
7628.137207	-94.742813
7633.520508	-94.697304
7638.903809	-94.522041
7644.287109	-95.244057
7649.670410	-95.355789
7655.053711	-95.471458
7660.437012	-95.891968
7665.820312	-95.771523
7671.203613	-96.218964
7676.586914	-96.462219
7681.970215	-96.848900
7687.353516	-97.616486
7692.736816	-96.971245
7698.120117	-96.650307
7703.503418	-96.958092
7708.886719	-97.194016
7714.270020	-97.411278
7719.653320	-97.566566
7725.036621	-97.114670
7730.419922	-96.617516
7735.803223	-97.584869
7741.186523	-97.539062
7746.569824	-96.555580
7751.953125	-97.018631
7757.336426	-96.809044
7762.719727	-97.217094
7768.103027	-96.672485
7773.486328	-96.692413
7778.869629	-96.516342
7784.252930	-96.173500
7789.636230	-95.986488
7795.019531	-96.230019
7800.402832	-96.601646
7805.786133	-96.698296
7811.169434	-97.351837
7816.552734	-97.210648
7821.936035	-97.386482
7827.319336	-97.476219
7832.702637	-97.250298
7838.085938	-96.802490
7843.469238	-95.941147
7848.852539	-96.633308
7854.235840	-96.726074
7859.619141	-96.572754
7865.002441	-96.259834
7870.385742	-96.681168
7875.769043	-97.762634
7881.152344	-97.755196
7886.535645	-97.363182
7891.918945	-97.178352
7897.302246	-96.719933
7902.685547	-96.870110
7908.068848	-96.610313
7913.452148	-96.112518
7918.835449	-96.376694
7924.218750	-96.237503
7929.602051	-96.045227
7934.985352	-95.883087
7940.368652	-95.757324
7945.751953	-95.638901
7951.135254	-97.126999
7956.518555	-97.713158
7961.901855	-98.419113
7967.285156	-98.997932
7972.668457	-98.428551
7978.051758	-97.321739
7983.435059	-96.763702
7988.818359	-97.279724
7994.201660	-97.191711
7999.584961	-97.169212
8004.968262	-97.180679
8010.351562	-97.955544
8015.734863	-98.287025
8021.118164	-98.093491
8026.501465	-97.931938
8031.884766	-97.990227
8037.268066	-97.816628
8042.651367	-97.687958
8048.034668	-97.541191
8053.417969	-96.987854
8058.801270	-96.597832
8064.184570	-97.069626
8069.567871	-97.605728
8074.951172	-97.538040
8080.334473	-96.615089
8085.717773	-96.613731
8091.101074	-96.924072
8096.484375	-97.482811
8101.867676	-97.877190
8107.250977	-96.612534
8112.634277	-96.337639
8118.017578	-96.613037
8123.400879	-97.140541
8128.784180	-96.687866
8134.167480	-97.448402
8139.550781	-97.741478
8144.934082	-98.433548
8150.317383	-98.449547
8155.700684	-98.153008
8161.083984	-98.171051
8166.467285	-97.474190
8171.850586	-97.728699
8177.233887	-97.528847
8182.617188	-97.041000
8188.000488	-96.968674
8193.383789	-96.496841
8198.767090	-96.986671
8204.150391	-97.428574
8209.533691	-97.709236
8214.916992	-96.524284
8220.300293	-96.893707
8225.683594	-97.716652
8231.066895	-98.037766
8236.450195	-98.564163
8241.833496	-98.684296
8247.216797	-99.114014
8252.600098	-98.694168
8257.983398	-98.938965
8263.366699	-98.066238
8268.750000	-96.955872
8274.133301	-97.467300
8279.516602	-98.352646
8284.899902	-98.565971
8290.283203	-99.243401
8295.666504	-98.821938
8301.049805	-99.378090
8306.433105	-99.096291
8311.816406	-99.428703
8317.199707	-99.850822
8322.583008	-98.804588
8327.966309	-98.323997
8333.349609	-98.480339
8338.732910	-98.884766
8344.116211	-99.318039
8349.499512	-98.955879
8354.882812	-98.517960
8360.266113	-99.078468
8365.649414	-99.895973
8371.032715	-99.432671
8376.416016	-98.784264
8381.799316	-98.208366
8387.182617	-98.555580
8392.565918	-97.852242
8397.949219	-97.565903
8403.332520	-97.616043
8408.715820	-97.768875
8414.099121	-97.884880
8419.482422	-98.857224
8424.865723	-98.848137
8430.249023	-98.653427
8435.632324	-98.429726
8441.015625	-98.004028
8446.398926	-98.544632
8451.782227	-98.264763
8457.165527	-98.238411
8462.548828	-98.269203
8467.932129	-98.540428
8473.315430	-98.578865
8478.698730	-98.785942
8484.082031	-98.806076
8489.465332	-98.929588
8494.848633	-98.971191
8500.231934	-98.253571
8505.615234	-99.024414
8510.998535	-99.844025
8516.381836	-100.294243
8521.765137	-99.737946
8527.148438	-99.693550
8532.531738	-98.870926
8537.915039	-99.458748
8543.298340	-99.860832
8548.681641	-98.793221
8554.064941	-99.048569
8559.448242	-98.084969
8564.831543	-97.298203
8570.214844	-98.618820
8575.598145	-98.949013
8580.981445	-98.293556
8586.364746	-98.082802
8591.748047	-98.106979
8597.131348	-98.075607
8602.514648	-97.923332
8607.897949	-97.631073
8613.281250	-97.614395
8618.664551	-97.468689
8624.047852	-97.707100
8629.431152	-97.617271
8634.814453	-97.773842
8640.197754	-98.737831
8645.581055	-99.614548
8650.964355	-99.218697
8656.347656	-99.078278
8661.730957	-99.096336
8667.114258	-99.636665
8672.497559	-97.683342
8677.880859	-97.245026
8683.264160	-97.728180
8688.647461	-98.610321
8694.030762	-98.123756
8699.414062	-98.477432
8704.797363	-98.707672
8710.180664	-98.690926
8715.563965	-99.608398
8720.947266	-99.520561
8726.330566	-99.258530
8731.713867	-99.422585
8737.097168	-97.998268
8742.480469	-97.837250
8747.863770	-98.043198
8753.247070	-97.984718
8758.630371	-97.497139
8764.013672	-97.769844
8769.396973	-97.149529
8774.780273	-98.020203
8780.163574	-98.449707
8785.546875	-98.496185
8790.930176	-98.180756
8796.313477	-98.804527
8801.696777	-98.202034
8807.080078	-98.791649
8812.463379	-99.225227
8817.846680	-99.727333
8823.229980	-99.404877
8828.613281	-99.157578
8833.996582	-99.550407
8839.379883	-100.486290
8844.763184	-100.773483
8850.146484	-100.184990
8855.529785	-99.996544
8860.913086	-98.835632
8866.296387	-98.677536
8871.679688	-98.107780
8877.062988	-98.796455
8882.446289	-99.174278
8887.829590	-99.564041
8893.212891	-100.393127
8898.596191	-99.325012
8903.979492	-100.018562
8909.362793	-99.570908
8914.746094	-99.279022
8920.129395	-99.725967
8925.512695	-100.028831
8930.895996	-100.965759
8936.279297	-99.993507
8941.662598	-98.943123
8947.045898	-98.601562
8952.429199	-99.556267
8957.812500	-100.745674
8963.195801	-100.961044
8968.579102	-100.673843
8973.962402	-100.383636
8979.345703	-100.200188
8984.729004	-98.879593
8990.112305	-99.459679
8995.495605	-99.364555
9000.878906	-99.172447
9006.262207	-99.756424
9011.645508	-99.785629
9017.028809	-99.832077
9022.412109	-99.500916
9027.795410	-99.661980
9033.178711	-99.696892
9038.562012	-99.472885
9043.945312	-99.223129
9049.328613	-99.372276
9054.711914	-99.473152
9060.095215	-99.691315
9065.478516	-98.900368
9070.861816	-99.546501
9076.245117	-99.640091
9081.628418	-99.808846
9087.011719	-99.745209
9092.395020	-99.130707
9097.778320	-98.378151
9103.161621	-99.851288
9108.544922	-99.617180
9113.928223	-98.758759
9119.311523	-99.626427
9124.694824	-99.310890
9130.078125	-99.833038
9135.461426	-99.846107
9140.844727	-99.636879
9146.228027	-100.082336
9151.611328	-100.066574
9156.994629	-99.664864
9162.377930	-99.693703
9167.761230	-99.735039
9173.144531	-99.678017
9178.527832	-100.196953
9183.911133	-98.503944
9189.294434	-98.953957
9194.677734	-99.116386
9200.061035	-100.131035
9205.444336	-101.093704
9210.827637	-101.278099
9216.210938	-101.587250
9221.594238	-101.783684
9226.977539	-101.535095
9232.360840	-101.564804
9237.744141	-101.288475
9243.127441	-101.004158
9248.510742	-100.333687
9253.894043	-100.869766
9259.277344	-100.165199
9264.660645	-99.717339
9270.043945	-100.063095
9275.427246	-100.030457
9280.810547	-99.069984
9286.193848	-99.564674
9291.577148	-99.311722
9296.960449	-99.157532
9302.343750	-99.909668
9307.727051	-100.046692
9313.110352	-100.202271
9318.493652	-99.735512
9323.876953	-99.432388
9329.260254	-99.135429
9334.643555	-100.878700
9340.026855	-101.225334
9345.410156	-99.622993
9350.793457	-100.332008
9356.176758	-100.046410
9361.560059	-99.649353
9366.943359	-101.283440
9372.326660	-101.072510
9377.709961	-100.726662
9383.093262	-101.266464
9388.476562	-101.207893
9393.859863	-100.026436
9399.243164	-100.393410
9404.626465	-100.419579
9410.009766	-99.527245
9415.393066	-100.197495
9420.776367	-100.661537
9426.159668	-100.651619
9431.542969	-101.351151
9436.926270	-101.215279
9442.309570	-100.176231
9447.692871	-100.266716
9453.076172	-100.627991
9458.459473	-101.077492
9463.842773	-101.728012
9469.226074	-101.314720
9474.609375	-100.288475
9479.992676	-99.077606
9485.375977	-100.736877
9490.759277	-100.885735
9496.142578	-99.631081
9501.525879	-100.102005
9506.909180	-101.115730
9512.292480	-101.547256
9517.675781	-102.062798
9523.059082	-101.503548
9528.442383	-100.223320
9533.825684	-100.542755
9539.208984	-100.611038
9544.592285	-100.386200
9549.975586	-100.890152
9555.358887	-101.071510
9560.742188	-101.071327
9566.125488	-101.251556
9571.508789	-100.066277
9576.892090	-99.969795
9582.275391	-100.931938
9587.658691	-101.277214
9593.041992	-99.779640
9598.425293	-101.062775
9603.808594	-102.533394
9609.191895	-100.612785
9614.575195	-100.941002
9619.958496	-102.080833
9625.341797	-102.472527
9630.725098	-102.026459
9636.108398	-100.313377
9641.491699	-100.508766
9646.875000	-100.608055
9652.258301	-101.489746
9657.641602	-101.698959
9663.024902	-100.682068
9668.408203	-100.629959
9673.791504	-101.572716
9679.174805	-101.654137
9684.558105	-101.742996
9689.941406	-101.719772
9695.324707	-101.780777
9700.708008	-101.734894
9706.091309	-101.603302
9711.474609	-101.512611
9716.857910	-101.299141
9722.241211	-101.591934
9727.624512	-101.050354
9733.007812	-99.770676
9738.391113	-100.725151
9743.774414	-100.723343
9749.157715	-100.629684
9754.541016	-100.845695
9759.924316	-101.465965
9765.307617	-100.842827
9770.690918	-100.564774
9776.074219	-100.138481
9781.457520	-100.641304
9786.840820	-100.636856
9792.224121	-99.864548
9797.607422	-99.366745
9802.990723	-99.992966
9808.374023	-100.853523
9813.757324	-100.434746
9819.140625	-101.038139
9824.523926	-100.783714
9829.907227	-100.687500
9835.290527	-101.153801
9840.673828	-101.079063
9846.057129	-99.954704
9851.440430	-100.114456
9856.823730	-101.711441
9862.207031	-101.681419
9867.590332	-101.211990
9872.973633	-100.937943
9878.356934	-101.183182
9883.740234	-100.571136
9889.123535	-101.530235
9894.506836	-100.856377
9899.890137	-100.933479
9905.273438	-100.568375
9910.656738	-100.351013
9916.040039	-99.152130
9921.423340	-101.569801
9926.806641	-100.629486
9932.189941	-100.649841
9937.573242	-101.756035
9942.956543	-100.606903
9948.339844	-99.948593
9953.723145	-100.696030
9959.106445	-100.568817
9964.489746	-100.113525
9969.873047	-100.373184
9975.256348	-101.134209
9980.639648	-101.294342
9986.022949	-101.048874
9991.406250	-100.569420
9996.789551	-99.680511
10002.172852	-100.558197
10007.556152	-101.845337
10012.939453	-102.026276
10018.322754	-101.944237
10023.706055	-101.666626
10029.089355	-101.973297
10034.472656	-101.926888
10039.855957	-101.551323
10045.239258	-101.733543
10050.622559	-100.740318
10056.005859	-100.641701
10061.389160	-101.491356
10066.772461	-100.709068
10072.155762	-100.916763
10077.539062	-100.694687
10082.922363	-101.353371
10088.305664	-102.200890
10093.688965	-100.214684
10099.072266	-101.044907
10104.455566	-101.573547
10109.838867	-101.568535
10115.222168	-100.341393
10120.605469	-100.582840
10125.988770	-100.957199
10131.372070	-101.269539
10136.755371	-100.801971
10142.138672	-101.324348
10147.521973	-101.657730
10152.905273	-101.556358
10158.288574	-101.560768
10163.671875	-101.128502
10169.055176	-101.234077
10174.438477	-101.224892
10179.821777	-101.760162
10185.205078	-101.984673
10190.588379	-100.731796
10195.971680	-100.227890
10201.354980	-100.243164
10206.738281	-100.442543
10212.121582	-101.615593
10217.504883	-101.397156
10222.888184	-100.311089
10228.271484	-101.788872
10233.654785	-101.530151
10239.038086	-101.306007
10244.421387	-102.297211
10249.804688	-101.383713
10255.187988	-101.735840
10260.571289	-102.105286
10265.954590	-101.866211
10271.337891	-101.483215
10276.721191	-101.195526
10282.104492	-101.824402
10287.487793	-102.307259
10292.871094	-101.211525
10298.254395	-100.962120
10303.637695	-102.450920
10309.020996	-101.808014
10314.404297	-101.573875
10319.787598	-101.497971
10325.170898	-101.117111
10330.554199	-101.377174
10335.937500	-101.625305
10341.320801	-101.465950
10346.704102	-100.410927
10352.087402	-100.421944
10357.470703	-101.282417
10362.854004	-101.501892
10368.237305	-102.618599
10373.620605	-102.321205
10379.003906	-100.134552
10384.387207	-96.291405
10389.770508	-91.388412
10395.153809	-96.986748
10400.537109	-102.828720
10405.920410	-101.227356
10411.303711	-99.779022
10416.687012	-100.295662
10422.070312	-101.502403
10427.453613	-101.790199
10432.836914	-101.788643
10438.220215	-101.707649
10443.603516	-101.591469
10448.986816	-102.567024
10454.370117	-102.985886
10459.753418	-102.534134
10465.136719	-101.452972
10470.520020	-101.738907
10475.903320	-103.041794
10481.286621	-102.064171
10486.669922	-102.270859
10492.053223	-102.642464
10497.436523	-102.652435
10502.819824	-102.976555
10508.203125	-102.980438
10513.586426	-102.341698
10518.969727	-102.422729
10524.353027	-101.370613
10529.736328	-101.698662
10535.119629	-101.929413
10540.502930	-101.628319
10545.886230	-101.817612
10551.269531	-100.855080
10556.652832	-101.673386
10562.036133	-103.142494
10567.419434	-103.779022
10572.802734	-103.351799
10578.186035	-102.221329
10583.569336	-102.634415
10588.952637	-103.050735
10594.335938	-102.736572
10599.719238	-103.293510
10605.102539	-103.333672
10610.485840	-102.162552
10615.869141	-101.582352
10621.252441	-102.514511
10626.635742	-102.716301
10632.019043	-102.448441
10637.402344	-102.298851
10642.785645	-102.456879
10648.168945	-102.872330
10653.552246	-102.979469
10658.935547	-101.815857
10664.318848	-101.069809
10669.702148	-102.732727
10675.085449	-102.464951
10680.468750	-102.085579
10685.852051	-101.391472
10691.235352	-101.109367
10696.618652	-102.264343
10702.001953	-101.993935
10707.385254	-101.592857
10712.768555	-102.048737
10718.151855	-102.136993
10723.535156	-102.839905
10728.918457	-102.252533
10734.301758	-102.962982
10739.685059	-103.227921
10745.068359	-102.206169
10750.451660	-103.164192
10755.834961	-103.455025
10761.218262	-103.055664
10766.601562	-102.284332
10771.984863	-102.420738
10777.368164	-102.299049
10782.751465	-102.333130
10788.134766	-102.449303
10793.518066	-102.574402
10798.901367	-102.766724
10804.284668	-103.206017
10809.667969	-102.572617
10815.051270	-103.310783
10820.434570	-102.606354
10825.817871	-102.544716
10831.201172	-102.247887
10836.584473	-102.728561
10841.967773	-103.045105
10847.351074	-103.526672
10852.734375	-102.449814
10858.117676	-101.118744
10863.500977	-100.257950
10868.884277	-101.154686
10874.267578	-101.919685
10879.650879	-102.769989
10885.034180	-103.205879
10890.417480	-104.223656
10895.800781	-103.071503
10901.184082	-102.844116
10906.567383	-104.710541
10911.950684	-104.840454
10917.333984	-105.110077
10922.717285	-104.341911
10928.100586	-102.665771
10933.483887	-102.085503
10938.867188	-101.781609
10944.250488	-102.447182
10949.633789	-104.114403
10955.017090	-103.224380
10960.400391	-102.092484
10965.783691	-101.619331
10971.166992	-102.411926
10976.550293	-102.689468
10981.933594	-104.017311
10987.316895	-104.118332
10992.700195	-103.377510
10998.083496	-102.766319
11003.466797	-102.559624
11008.850098	-104.109535
11014.233398	-102.875381
11019.616699	-103.516769
11025.000000	-102.124184
11030.383301	-101.295006
11035.766602	-101.935303
11041.149902	-103.261375
11046.533203	-103.834610
11051.916504	-103.251526
11057.299805	-102.070580
11062.683105	-102.359413
11068.066406	-102.343056
11073.449707	-104.362152
11078.833008	-103.958832
11084.216309	-103.937714
11089.599609	-103.845505
11094.982910	-104.125214
11100.366211	-104.801140
11105.749512	-103.642479
11111.132812	-103.120636
11116.516113	-102.580505
11121.899414	-102.226692
11127.282715	-101.781914
11132.666016	-102.921341
11138.049316	-103.126823
11143.432617	-103.705299
11148.815918	-103.506851
11154.199219	-103.364418
11159.582520	-104.816330
11164.965820	-104.310699
11170.349121	-104.069321
11175.732422	-104.413322
11181.115723	-103.941055
11186.499023	-104.057823
11191.882324	-104.961411
11197.265625	-103.873322
11202.648926	-103.771172
11208.032227	-103.800972
11213.415527	-104.540581
11218.798828	-103.856689
11224.182129	-103.917671
11229.565430	-103.073891
11234.948730	-103.682495
11240.332031	-102.600258
11245.715332	-102.645126
11251.098633	-103.473099
11256.481934	-103.602501
11261.865234	-102.250786
11267.248535	-103.706772
11272.631836	-103.283150
11278.015137	-104.008965
11283.398438	-103.511063
11288.781738	-104.383842
11294.165039	-103.780777
11299.548340	-104.226326
11304.931641	-104.660118
11310.314941	-104.683426
11315.698242	-103.825226
11321.081543	-103.522110
11326.464844	-104.236656
11331.848145	-104.554482
11337.231445	-103.804596
11342.614746	-103.637558
11347.998047	-104.204643
11353.381348	-103.870972
11358.764648	-104.201508
11364.147949	-103.998497
11369.531250	-104.040749
11374.914551	-105.286842
11380.297852	-105.181877
11385.681152	-104.860550
11391.064453	-104.927292
11396.447754	-104.818817
11401.831055	-104.958786
11407.214355	-105.238777
11412.597656	-105.942490
11417.980957	-104.802155
11423.364258	-104.750885
11428.747559	-104.223389
11434.130859	-104.718239
11439.514160	-104.779984
11444.897461	-104.305687
11450.280762	-105.000221
11455.664062	-103.964523
11461.047363	-104.774155
11466.430664	-105.498886
11471.813965	-103.715912
11477.197266	-103.819328
11482.580566	-104.607285
11487.963867	-104.709991
11493.347168	-104.931175
11498.730469	-103.816078
11504.113770	-103.002640
11509.497070	-104.343170
11514.880371	-103.503189
11520.263672	-104.829323
11525.646973	-104.504646
11531.030273	-103.772446
11536.413574	-104.465446
11541.796875	-103.632576
11547.180176	-102.328186
11552.563477	-103.785889
11557.946777	-104.465439
11563.330078	-104.219147
11568.713379	-104.302689
11574.096680	-105.142860
11579.479980	-104.833961
11584.863281	-104.528351
11590.246582	-105.051895
11595.629883	-104.923607
11601.013184	-105.164871
11606.396484	-104.979759
11611.779785	-104.959213
11617.163086	-105.635956
11622.546387	-105.738396
11627.929688	-105.852806
11633.312988	-105.773415
11638.696289	-105.586945
11644.079590	-105.816238
11649.462891	-105.329300
11654.846191	-105.285156
11660.229492	-105.239624
11665.612793	-105.146889
11670.996094	-105.349632
11676.379395	-105.312668
11681.762695	-105.352226
11687.145996	-105.054344
11692.529297	-105.336533
11697.912598	-105.385948
11703.295898	-104.742897
11708.679199	-105.198868
11714.062500	-104.936028
11719.445801	-104.252907
11724.829102	-103.304886
11730.212402	-103.548592
11735.595703	-103.955917
11740.979004	-104.240021
11746.362305	-103.785248
11751.745605	-105.418732
11757.128906	-106.032509
11762.512207	-105.291862
11767.895508	-105.134346
11773.278809	-105.316772
11778.662109	-104.933357
11784.045410	-105.090714
11789.428711	-105.732140
11794.812012	-105.182419
11800.195312	-104.524002
11805.578613	-103.617371
11810.961914	-104.383156
11816.345215	-104.717735
11821.728516	-104.455467
11827.111816	-104.839630
11832.495117	-105.347092
11837.878418	-105.506187
11843.261719	-105.554649
11848.645020	-105.660149
11854.028320	-105.766235
11859.411621	-105.143707
11864.794922	-104.861847
11870.178223	-105.374146
11875.561523	-105.161453
11880.944824	-105.241653
11886.328125	-105.573730
11891.711426	-105.441162
11897.094727	-105.470047
11902.478027	-104.731667
11907.861328	-105.069679
11913.244629	-105.431419
11918.627930	-104.715729
11924.011230	-104.485329
11929.394531	-103.724014
11934.777832	-105.224632
11940.161133	-105.967209
11945.544434	-105.657661
11950.927734	-105.284859
11956.311035	-105.471199
11961.694336	-104.820755
11967.077637	-105.706360
11972.460938	-105.224236
11977.844238	-104.942833
11983.227539	-105.009293
11988.610840	-105.120064
11993.994141	-105.113960
11999.377441	-105.186211
12004.760742	-105.406807
12010.144043	-104.721519
12015.527344	-105.095131
12020.910645	-105.036987
12026.293945	-104.843948
12031.677246	-103.463310
12037.060547	-104.183189
12042.443848	-103.530014
12047.827148	-104.524681
12053.210449	-104.364716
12058.593750	-103.601967
12063.977051	-103.444939
12069.360352	-104.269188
12074.743652	-104.492470
12080.126953	-104.194046
12085.510254	-104.624924
12090.893555	-103.618454
12096.276855	-104.396782
12101.660156	-105.435921
12107.043457	-105.280861
12112.426758	-104.978073
12117.810059	-104.551620
12123.193359	-105.237663
12128.576660	-105.640739
12133.959961	-105.480659
12139.343262	-105.268211
12144.726562	-105.062943
12150.109863	-105.429619
12155.493164	-105.002487
12160.876465	-105.008308
12166.259766	-104.061020
12171.643066	-104.144493
12177.026367	-104.399651
12182.409668	-105.427048
12187.792969	-104.867905
12193.176270	-104.846222
12198.559570	-105.484543
12203.942871	-105.980453
12209.326172	-106.273857
12214.709473	-105.986343
12220.092773	-106.106628
12225.476074	-105.568466
12230.859375	-105.220009
12236.242676	-105.229988
12241.625977	-105.838463
12247.009277	-105.713806
12252.392578	-106.572487
12257.775879	-105.572227
12263.159180	-105.915642
12268.542480	-106.498528
12273.925781	-107.078835
12279.309082	-106.418076
12284.692383	-106.127251
12290.075684	-106.321991
12295.458984	-106.607460
12300.842285	-106.559929
12306.225586	-105.639458
12311.608887	-105.785263
12316.992188	-106.278297
12322.375488	-106.269264
12327.758789	-106.468102
12333.142090	-105.672585
12338.525391	-104.224037
12343.908691	-105.025566
12349.291992	-104.445404
12354.675293	-103.114586
12360.058594	-104.397430
12365.441895	-106.210518
12370.825195	-106.133354
12376.208496	-105.951302
12381.591797	-106.461174
12386.975098	-106.861748
12392.358398	-106.034546
12397.741699	-105.477943
12403.125000	-106.975800
12408.508301	-106.656090
12413.891602	-105.761093
12419.274902	-106.147011
12424.658203	-106.282433
12430.041504	-106.040909
12435.424805	-106.130798
12440.808105	-107.050713
12446.191406	-106.459015
12451.574707	-105.791954
12456.958008	-106.577812
12462.341309	-106.474861
12467.724609	-106.494003
12473.107910	-105.341347
12478.491211	-106.377426
12483.874512	-106.021133
12489.257812	-105.308426
12494.641113	-104.895386
12500.024414	-105.369865
12505.407715	-106.223907
12510.791016	-104.725876
12516.174316	-104.791695
12521.557617	-106.436302
12526.940918	-106.586845
12532.324219	-107.013412
12537.707520	-104.589310
12543.090820	-104.154335
12548.474121	-105.450233
12553.857422	-106.746643
12559.240723	-107.968277
12564.624023	-107.385117
12570.007324	-107.049896
12575.390625	-106.790413
12580.773926	-106.554504
12586.157227	-106.971115
12591.540527	-107.659897
12596.923828	-107.192337
12602.307129	-106.800400
12607.690430	-107.061333
12613.073730	-106.200562
12618.457031	-106.410492
12623.840332	-106.098045
12629.223633	-105.181053
12634.606934	-106.754761
12639.990234	-107.071648
12645.373535	-107.304245
12650.756836	-106.497002
12656.140137	-106.111824
12661.523438	-106.096603
12666.906738	-106.275383
12672.290039	-106.804123
12677.673340	-105.918564
12683.056641	-105.819794
12688.439941	-107.439529
12693.823242	-106.718941
12699.206543	-105.865082
12704.589844	-105.737740
12709.973145	-106.824509
12715.356445	-107.609215
12720.739746	-107.471809
12726.123047	-108.231743
12731.506348	-107.955338
12736.889648	-107.989868
12742.272949	-107.471062
12747.656250	-107.095840
12753.039551	-107.098915
12758.422852	-106.650703
12763.806152	-105.592445
12769.189453	-105.368652
12774.572754	-107.280876
12779.956055	-107.157135
12785.339355	-107.229340
12790.722656	-107.252739
12796.105957	-107.108803
12801.489258	-107.454910
12806.872559	-108.133217
12812.255859	-107.790901
12817.639160	-107.202271
12823.022461	-106.531044
12828.405762	-106.962502
12833.789062	-107.327293
12839.172363	-106.938820
12844.555664	-105.970955
12849.938965	-105.638245
12855.322266	-106.725273
12860.705566	-106.555794
12866.088867	-107.206421
12871.472168	-106.842781
12876.855469	-106.520996
12882.238770	-106.835976
12887.622070	-106.475327
12893.005371	-106.976593
12898.388672	-106.616348
12903.771973	-106.568596
12909.155273	-106.997032
12914.538574	-107.352409
12919.921875	-106.980583
12925.305176	-107.563072
12930.688477	-107.168549
12936.071777	-105.961395
12941.455078	-105.235832
12946.838379	-106.385002
12952.221680	-107.703217
12957.604980	-107.612541
12962.988281	-106.860657
12968.371582	-106.336899
12973.754883	-105.951736
12979.138184	-105.367180
12984.521484	-105.786903
12989.904785	-107.266777
12995.288086	-107.382370
13000.671387	-107.471184
13006.054688	-106.626282
13011.437988	-105.844154
13016.821289	-106.232826
13022.204590	-105.576172
13027.587891	-105.850006
13032.971191	-106.098076
13038.354492	-105.651115
13043.737793	-105.129509
13049.121094	-106.432716
13054.504395	-106.690361
13059.887695	-106.443634
13065.270996	-106.341843
13070.654297	-106.221878
13076.037598	-105.700821
13081.420898	-106.218811
13086.804199	-106.093285
13092.187500	-105.780891
13097.570801	-106.177849
13102.954102	-106.564072
13108.337402	-105.720406
13113.720703	-106.332558
13119.104004	-107.526917
13124.487305	-105.543335
13129.870605	-105.289474
13135.253906	-104.876572
13140.637207	-102.446922
13146.020508	-103.413979
13151.403809	-104.749428
13156.787109	-104.932976
13162.170410	-105.434708
13167.553711	-105.362160
13172.937012	-104.713203
13178.320312	-105.188004
13183.703613	-106.316406
13189.086914	-106.271233
13194.470215	-106.320465
13199.853516	-105.775414
13205.236816	-103.827827
13210.620117	-103.972458
13216.003418	-105.203568
13221.386719	-105.171623
13226.770020	-104.269333
13232.153320	-103.778282
13237.536621	-104.444420
13242.919922	-104.367699
13248.303223	-105.245232
13253.686523	-106.023819
13259.069824	-104.432808
13264.453125	-103.361351
13269.836426	-103.103348
13275.219727	-104.933807
13280.603027	-105.427277
13285.986328	-106.207085
13291.369629	-106.319466
13296.752930	-105.255318
13302.136230	-105.019753
13307.519531	-106.102562
13312.902832	-104.725723
13318.286133	-104.168076
13323.669434	-102.486221
13329.052734	-99.614563
13334.436035	-98.783485
13339.819336	-102.031586
13345.202637	-103.638321
13350.585938	-103.717606
13355.969238	-103.552094
13361.352539	-103.253822
13366.735840	-102.572456
13372.119141	-104.732796
13377.502441	-106.035515
13382.885742	-105.265266
13388.269043	-105.221947
13393.652344	-105.021683
13399.035645	-105.086884
13404.418945	-104.330666
13409.802246	-104.225510
13415.185547	-104.584854
13420.568848	-105.315353
13425.952148	-104.043594
13431.335449	-103.948853
13436.718750	-104.478416
13442.102051	-104.900497
13447.485352	-103.852524
13452.868652	-101.360756
13458.251953	-97.994133
13463.635254	-99.564690
13469.018555	-102.847694
13474.401855	-102.939575
13479.785156	-103.380859
13485.168457	-102.534508
13490.551758	-100.619789
13495.935059	-101.991432
13501.318359	-104.773727
13506.701660	-104.929863
13512.084961	-105.288704
13517.468262	-104.167648
13522.851562	-104.768745
13528.234863	-106.147858
13533.618164	-106.300301
13539.001465	-106.456207
13544.384766	-105.231552
13549.768066	-104.919922
13555.151367	-104.860825
13560.534668	-105.033371
13565.917969	-105.904716
13571.301270	-106.421562
13576.684570	-107.198425
13582.067871	-106.985893
13587.451172	-107.034370
13592.834473	-106.514450
13598.217773	-107.012138
13603.601074	-106.978287
13608.984375	-106.328720
13614.367676	-106.369476
13619.750977	-106.145622
13625.134277	-107.414192
13630.517578	-108.291260
13635.900879	-106.335701
13641.284180	-106.169502
13646.667480	-106.665359
13652.050781	-106.643623
13657.434082	-107.293350
13662.817383	-107.494469
13668.200684	-107.398529
13673.583984	-108.020782
13678.967285	-108.681465
13684.350586	-107.771286
13689.733887	-106.999649
13695.117188	-107.312782
13700.500488	-109.117409
13705.883789	-108.844719
13711.267090	-108.306129
13716.650391	-108.119553
13722.033691	-107.361000
13727.416992	-108.035492
13732.800293	-107.719223
13738.183594	-107.184433
13743.566895	-107.270782
13748.950195	-107.787277
13754.333496	-107.785431
13759.716797	-106.332680
13765.100098	-107.139404
13770.483398	-107.153580
13775.866699	-106.552475
13781.250000	-106.765869
13786.633301	-107.196991
13792.016602	-108.124077
13797.399902	-109.226509
13802.783203	-108.645752
13808.166504	-108.627571
13813.549805	-107.661880
13818.933105	-106.728325
13824.316406	-106.410812
13829.699707	-105.490562
13835.083008	-105.897141
13840.466309	-105.408775
13845.849609	-99.367714
13851.232910	-101.594070
13856.616211	-106.242241
13861.999512	-107.200569
13867.382812	-106.320656
13872.766113	-108.131500
13878.149414	-108.771919
13883.532715	-108.543243
13888.916016	-108.653458
13894.299316	-109.428894
13899.682617	-108.708870
13905.065918	-107.822670
13910.449219	-105.241669
13915.832520	-105.505577
13921.215820	-107.508347
13926.599121	-107.375793
13931.982422	-107.415642
13937.365723	-108.575867
13942.749023	-107.769127
13948.132324	-109.040176
13953.515625	-109.193161
13958.898926	-108.159485
13964.282227	-108.636894
13969.665527	-108.317612
13975.048828	-107.889694
13980.432129	-108.687233
13985.815430	-108.419754
13991.198730	-106.980148
13996.582031	-106.475159
14001.965332	-106.085220
14007.348633	-104.695938
14012.731934	-105.882767
14018.115234	-105.541084
14023.498535	-106.468994
14028.881836	-107.798088
14034.265137	-108.091667
14039.648438	-107.780159
14045.031738	-106.716286
14050.415039	-106.700989
14055.798340	-108.221031
14061.181641	-108.160416
14066.564941	-107.629784
14071.948242	-107.321251
14077.331543	-107.586311
14082.714844	-107.866714
14088.098145	-108.799278
14093.481445	-108.125244
14098.864746	-105.711090
14104.248047	-106.933205
14109.631348	-108.314522
14115.014648	-107.340225
14120.397949	-107.934753
14125.781250	-108.268158
14131.164551	-108.231361
14136.547852	-108.254539
14141.931152	-107.607140
14147.314453	-105.658096
14152.697754	-106.598282
14158.081055	-107.623016
14163.464355	-108.388702
14168.847656	-108.086922
14174.230957	-106.612869
14179.614258	-107.610176
14184.997559	-108.163101
14190.380859	-108.928856
14195.764160	-108.258842
14201.147461	-107.597954
14206.530762	-106.861191
14211.914062	-106.549049
14217.297363	-106.072487
14222.680664	-107.158623
14228.063965	-108.093452
14233.447266	-107.293823
14238.830566	-107.295387
14244.213867	-107.252235
14249.597168	-106.790596
14254.980469	-107.498543
14260.363770	-107.454689
14265.747070	-107.974243
14271.130371	-107.770729
14276.513672	-107.811279
14281.896973	-107.534950
14287.280273	-107.389168
14292.663574	-107.223419
14298.046875	-106.957214
14303.430176	-106.833374
14308.813477	-106.350090
14314.196777	-106.182877
14319.580078	-106.527603
14324.963379	-106.307236
14330.346680	-106.893799
14335.729980	-106.691521
14341.113281	-106.223267
14346.496582	-106.119797
14351.879883	-107.046219
14357.263184	-107.173904
14362.646484	-106.912308
14368.029785	-105.862251
14373.413086	-105.678009
14378.796387	-105.956337
14384.179688	-105.846527
14389.562988	-106.226013
14394.946289	-106.528999
14400.329590	-106.214638
14405.712891	-105.990974
14411.096191	-106.620270
14416.479492	-106.980431
14421.862793	-107.387764
14427.246094	-107.713326
14432.629395	-107.278763
14438.012695	-107.322456
14443.395996	-106.467384
14448.779297	-105.650703
14454.162598	-106.055855
14459.545898	-105.926262
14464.929199	-106.861237
14470.312500	-105.985382
14475.695801	-105.956329
14481.079102	-106.027542
14486.462402	-106.140572
14491.845703	-106.292000
14497.229004	-105.979599
14502.612305	-106.454002
14507.995605	-105.858856
14513.378906	-106.439705
14518.762207	-105.533913
14524.145508	-105.098083
14529.528809	-106.097443
14534.912109	-105.530617
14540.295410	-106.293060
14545.678711	-106.926254
14551.062012	-107.016335
14556.445312	-106.511665
14561.828613	-105.665016
14567.211914	-105.625351
14572.595215	-105.399391
14577.978516	-104.750740
14583.361816	-105.930969
14588.745117	-106.007629
14594.128418	-106.040161
14599.511719	-107.065155
14604.895020	-106.476074
14610.278320	-106.333939
14615.661621	-106.408081
14621.044922	-106.459625
14626.428223	-107.088150
14631.811523	-106.695915
14637.194824	-106.011192
14642.578125	-106.444160
14647.961426	-106.386269
14653.344727	-106.944695
14658.728027	-106.623367
14664.111328	-106.434029
14669.494629	-107.698654
14674.877930	-107.292938
14680.261230	-106.209129
14685.644531	-106.239311
14691.027832	-106.552635
14696.411133	-104.877083
14701.794434	-105.422607
14707.177734	-106.572044
14712.561035	-106.889587
14717.944336	-106.317352
14723.327637	-106.132980
14728.710938	-106.755112
14734.094238	-106.970772
14739.477539	-106.703796
14744.860840	-106.397636
14750.244141	-105.843552
14755.627441	-105.450119
14761.010742	-105.281120
14766.394043	-106.332703
14771.777344	-106.405495
14777.160645	-106.259399
14782.543945	-106.337242
14787.927246	-106.543564
14793.310547	-106.780128
14798.693848	-106.192001
14804.077148	-105.925781
14809.460449	-106.065025
14814.843750	-105.285019
14820.227051	-104.780365
14825.610352	-103.660217
14830.993652	-104.839943
14836.376953	-105.695770
14841.760254	-106.153130
14847.143555	-105.441841
14852.526855	-106.154701
14857.910156	-105.606941
14863.293457	-105.524841
14868.676758	-105.809906
14874.060059	-106.125168
14879.443359	-106.039551
14884.826660	-106.046120
14890.209961	-105.626434
14895.593262	-105.946472
14900.976562	-105.985504
14906.359863	-105.111458
14911.743164	-105.329819
14917.126465	-106.038757
14922.509766	-106.411781
14927.893066	-106.162689
14933.276367	-104.768234
14938.659668	-103.809021
14944.042969	-104.974174
14949.426270	-106.345634
14954.809570	-106.263481
14960.192871	-105.698456
14965.576172	-106.565765
14970.959473	-105.125999
14976.342773	-104.827736
14981.726074	-106.087761
14987.109375	-107.303070
14992.492676	-106.602684
14997.875977	-104.942879
15003.259277	-105.060600
15008.642578	-105.951691
15014.025879	-105.639862
15019.409180	-105.669754
15024.792480	-105.143951
15030.175781	-105.416367
15035.559082	-106.033028
15040.942383	-106.294922
15046.325684	-106.516541
15051.708984	-106.286011
15057.092285	-105.899124
15062.475586	-105.234131
15067.858887	-105.189941
15073.242188	-104.985573
15078.625488	-105.851761
15084.008789	-105.751656
15089.392090	-104.925400
15094.775391	-105.424095
15100.158691	-105.456604
15105.541992	-106.229675
15110.925293	-106.107193
15116.308594	-106.145615
15121.691895	-105.773911
15127.075195	-105.754311
15132.458496	-105.456657
15137.841797	-104.632698
15143.225098	-104.914581
15148.608398	-104.804146
15153.991699	-104.764160
15159.375000	-104.904327
15164.758301	-105.563499
15170.141602	-105.447517
15175.524902	-103.752327
15180.908203	-104.192673
15186.291504	-105.841888
15191.674805	-106.169479
15197.058105	-105.866417
15202.441406	-105.972824
15207.824707	-106.670837
15213.208008	-106.315987
15218.591309	-105.747620
15223.974609	-105.485374
15229.357910	-106.266769
15234.741211	-106.393372
15240.124512	-106.228394
15245.507812	-105.671349
15250.891113	-106.901840
15256.274414	-106.247116
15261.657715	-104.926620
15267.041016	-105.260910
15272.424316	-106.001755
15277.807617	-104.947701
15283.190918	-105.581894
15288.574219	-105.774422
15293.957520	-105.649353
15299.340820	-106.215836
15304.724121	-104.679901
15310.107422	-104.745705
15315.490723	-104.778290
15320.874023	-105.160789
15326.257324	-106.033485
15331.640625	-104.746651
15337.023926	-104.691528
15342.407227	-105.293671
15347.790527	-105.885933
15353.173828	-104.865250
15358.557129	-105.100670
15363.940430	-105.464790
15369.323730	-104.903191
15374.707031	-105.022858
15380.090332	-105.958710
15385.473633	-106.741592
15390.856934	-106.211685
15396.240234	-105.956818
15401.623535	-106.148643
15407.006836	-106.310905
15412.390137	-106.409706
15417.773438	-105.991493
15423.156738	-105.243919
15428.540039	-105.489998
15433.923340	-104.950920
15439.306641	-104.733704
15444.689941	-104.747726
15450.073242	-105.650436
15455.456543	-105.581757
15460.839844	-104.672523
15466.223145	-105.583862
15471.606445	-105.720467
15476.989746	-105.312607
15482.373047	-106.140198
15487.756348	-104.717819
15493.139648	-103.604698
15498.522949	-106.030510
15503.906250	-106.450905
15509.289551	-106.108482
15514.672852	-105.281212
15520.056152	-105.191971
15525.439453	-104.963448
15530.822754	-105.462517
15536.206055	-105.550163
15541.589355	-105.639526
15546.972656	-105.902847
15552.355957	-105.069450
15557.739258	-105.317123
15563.122559	-105.253990
15568.505859	-104.877983
15573.889160	-106.241394
15579.272461	-106.595184
15584.655762	-105.512085
15590.039062	-105.805397
15595.422363	-106.217140
15600.805664	-105.705658
15606.188965	-104.647835
15611.572266	-105.211945
15616.955566	-104.771645
15622.338867	-105.141464
15627.722168	-105.451202
15633.105469	-105.543884
15638.488770	-106.133240
15643.872070	-105.806984
15649.255371	-105.527740
15654.638672	-106.073860
15660.021973	-106.771965
15665.405273	-106.675980
15670.788574	-106.735252
15676.171875	-106.797424
15681.555176	-106.874580
15686.938477	-106.663933
15692.321777	-106.635605
15697.705078	-105.524239
15703.088379	-104.811081
15708.471680	-103.842422
15713.854980	-105.645485
15719.238281	-105.907181
15724.621582	-105.677208
15730.004883	-104.889725
15735.388184	-105.384850
15740.771484	-105.145386
15746.154785	-106.046936
15751.538086	-106.533150
15756.921387	-106.678497
15762.304688	-106.469147
15767.687988	-106.448059
15773.071289	-105.976616
15778.454590	-104.737251
15783.837891	-105.493187
15789.221191	-106.383621
15794.604492	-106.405518
15799.987793	-106.644958
15805.371094	-106.880188
15810.754395	-106.777191
15816.137695	-106.495552
15821.520996	-106.666061
15826.904297	-106.761276
15832.287598	-106.171837
15837.670898	-106.344627
15843.054199	-105.922386
15848.437500	-106.483711
15853.820801	-107.093346
15859.204102	-106.535469
15864.587402	-106.371101
15869.970703	-106.221443
15875.354004	-106.641243
15880.737305	-105.889038
15886.120605	-105.827400
15891.503906	-106.952438
15896.887207	-106.661644
15902.270508	-106.435776
15907.653809	-107.260391
15913.037109	-106.696228
15918.420410	-106.822044
15923.803711	-106.335457
15929.187012	-106.465164
15934.570312	-106.811600
15939.953613	-106.442497
15945.336914	-107.446312
15950.720215	-107.775230
15956.103516	-107.113235
15961.486816	-107.091751
15966.870117	-106.820107
15972.253418	-105.914894
15977.636719	-107.870071
15983.020020	-110.392151
15988.403320	-112.222832
15993.786621	-114.065010
15999.169922	-117.971664
16004.553223	-124.652115
16009.936523	-127.380211
16015.319824	-126.458496
16020.703125	-125.892136
16026.086426	-127.459496
16031.469727	-127.880058
16036.853027	-127.402740
16042.236328	-127.730087
16047.619629	-127.467163
16053.002930	-128.243683
16058.386230	-128.058975
16063.769531	-128.064743
16069.152832	-127.928352
16074.536133	-127.577911
16079.919434	-128.523331
16085.302734	-127.626266
16090.686035	-127.620537
16096.069336	-127.933014
16101.452637	-128.144501
16106.835938	-128.042175
16112.219238	-128.229202
16117.602539	-128.016769
16122.985840	-128.365036
16128.369141	-128.137268
16133.752441	-128.373291
16139.135742	-128.119522
16144.519043	-128.078842
16149.902344	-128.180542
16155.285645	-127.963181
16160.668945	-128.446487
16166.052246	-127.553543
16171.435547	-128.642303
16176.818848	-127.798119
16182.202148	-128.084671
16187.585449	-127.840523
16192.968750	-128.233963
16198.352051	-127.977570
16203.735352	-128.205322
16209.118652	-128.211273
16214.501953	-127.765739
16219.885254	-128.352234
16225.268555	-127.893402
16230.651855	-127.987923
16236.035156	-127.967804
16241.418457	-128.426117
16246.801758	-128.298386
16252.185059	-128.116348
16257.568359	-128.276184
16262.951660	-127.859032
16268.334961	-128.149734
16273.718262	-127.960701
16279.101562	-128.286499
16284.484863	-128.482941
16289.868164	-128.221909
16295.251465	-128.387024
16300.634766	-128.161270
16306.018066	-128.139297
16311.401367	-127.673073
16316.784668	-128.601273
16322.167969	-128.076797
16327.551270	-128.230423
16332.934570	-128.161850
16338.317871	-128.091568
16343.701172	-128.183365
16349.084473	-128.220551
16354.467773	-128.072418
16359.851074	-128.166534
16365.234375	-128.224258
16370.617676	-128.405304
16376.000977	-127.968460
16381.384277	-128.278549
16386.767578	-128.472244
16392.150879	-127.730621
16397.534180	-128.426453
16402.917480	-128.513290
16408.300781	-127.908318
16413.684082	-128.510284
16419.067383	-127.882568
16424.450684	-128.288437
16429.833984	-128.325027
16435.217285	-127.904907
16440.600586	-128.050537
16445.983887	-128.522842
16451.367188	-127.832581
16456.750488	-127.883507
16462.133789	-128.531494
16467.517090	-127.925827
16472.900391	-128.032913
16478.283691	-128.353897
16483.666992	-128.138733
16489.050293	-128.107254
16494.433594	-128.001144
16499.816895	-128.382874
16505.200195	-128.194641
16510.583496	-127.788895
16515.966797	-128.114700
16521.350098	-128.308105
16526.733398	-128.145737
16532.116699	-128.521103
16537.500000	-127.903519
16542.883301	-128.223358
16548.266602	-128.450226
16553.649902	-128.071564
16559.033203	-128.116226
16564.416504	-128.209763
16569.799805	-128.181381
16575.183105	-128.002060
16580.566406	-128.387512
16585.949707	-128.080795
16591.333008	-128.338913
16596.716309	-128.264679
16602.099609	-128.256210
16607.482910	-128.197296
16612.866211	-127.622993
16618.249512	-128.908997
16623.632812	-128.154587
16629.016113	-127.762360
16634.399414	-128.013168
16639.782715	-128.302673
16645.166016	-128.195496
16650.549316	-128.373093
16655.932617	-127.912498
16661.315918	-128.382767
16666.699219	-128.467636
16672.082520	-128.039291
16677.465820	-128.648407
16682.849121	-128.001190
16688.232422	-128.437958
16693.615723	-128.369812
16698.999023	-128.379410
16704.382324	-128.296509
16709.765625	-128.232819
16715.148926	-128.393250
16720.532227	-128.126892
16725.915527	-128.122375
16731.298828	-127.964317
16736.682129	-128.304337
16742.065430	-128.223907
16747.448730	-128.208527
16752.832031	-128.161819
16758.215332	-128.459152
16763.598633	-127.986328
16768.981934	-128.622772
16774.365234	-127.933853
16779.748535	-128.260010
16785.131836	-128.175278
16790.515137	-128.142578
16795.898438	-128.358002
16801.281738	-128.180283
16806.665039	-128.076843
16812.048340	-128.247742
16817.431641	-128.602402
16822.814941	-128.375809
16828.198242	-128.241852
16833.581543	-128.032486
16838.964844	-128.606171
16844.348145	-128.260300
16849.731445	-128.302948
16855.114746	-128.136749
16860.498047	-128.536530
16865.881348	-128.274033
16871.264648	-128.110336
16876.647949	-128.279510
16882.031250	-128.262634
16887.414551	-128.061417
16892.797852	-128.143738
16898.181152	-127.887840
16903.564453	-128.590347
16908.947754	-127.924850
16914.331055	-128.448227
16919.714355	-128.530304
16925.097656	-128.116516
16930.480957	-128.133469
16935.864258	-128.048294
16941.247559	-128.344315
16946.630859	-128.052155
16952.014160	-128.183441
16957.397461	-128.155457
16962.780762	-128.465134
16968.164062	-128.197998
16973.547363	-128.583313
16978.930664	-128.023438
16984.313965	-128.168594
16989.697266	-128.252670
16995.080566	-128.455811
17000.463867	-128.002914
17005.847168	-128.381210
17011.230469	-127.960091
17016.613770	-128.559982
17021.997070	-127.913742
17027.380371	-128.291885
17032.763672	-128.101685
17038.146973	-128.492950
17043.530273	-128.118546
17048.913574	-128.184464
17054.296875	-128.168610
17059.680176	-128.233597
17065.063477	-128.596436
17070.446777	-128.043564
17075.830078	-128.517105
17081.213379	-128.080490
17086.596680	-128.379959
17091.979980	-128.153580
17097.363281	-128.467453
17102.746582	-128.619278
17108.129883	-128.479034
17113.513184	-128.347351
17118.896484	-128.477081
17124.279785	-127.886475
17129.663086	-128.579773
17135.046387	-128.290436
17140.429688	-128.202927
17145.812988	-128.528107
17151.196289	-128.193405
17156.579590	-128.074844
17161.962891	-128.476288
17167.346191	-128.102737
17172.729492	-128.162323
17178.112793	-128.735611
17183.496094	-128.054657
17188.879395	-128.329330
17194.262695	-128.424210
17199.645996	-128.485504
17205.029297	-128.321655
17210.412598	-128.767120
17215.795898	-128.256470
17221.179199	-128.099594
17226.562500	-128.418777
17231.945801	-128.278076
17237.329102	-128.455673
17242.712402	-128.333298
17248.095703	-128.202606
17253.479004	-128.564133
17258.862305	-128.549515
17264.245605	-127.865891
17269.628906	-128.405090
17275.012207	-128.291077
17280.395508	-128.294785
17285.778809	-128.288620
17291.162109	-128.197861
17296.545410	-128.830658
17301.928711	-128.129837
17307.312012	-128.448700
17312.695312	-128.565659
17318.078613	-127.903542
17323.461914	-128.844864
17328.845215	-128.149902
17334.228516	-128.330292
17339.611816	-128.864975
17344.995117	-127.923615
17350.378418	-128.537888
17355.761719	-128.692490
17361.145020	-127.953819
17366.528320	-128.382629
17371.911621	-128.693542
17377.294922	-128.100372
17382.678223	-128.479294
17388.061523	-128.132217
17393.444824	-128.415283
17398.828125	-128.692932
17404.211426	-128.120773
17409.594727	-128.353775
17414.978027	-128.166656
17420.361328	-128.456146
17425.744629	-128.382126
17431.127930	-128.278229
17436.511230	-128.413452
17441.894531	-128.265732
17447.277832	-128.196823
17452.661133	-128.401855
17458.044434	-128.478073
17463.427734	-128.160431
17468.811035	-128.088486
17474.194336	-128.277664
17479.577637	-128.357071
17484.960938	-128.810577
17490.344238	-128.183197
17495.727539	-128.331619
17501.110840	-128.517853
17506.494141	-128.159714
17511.877441	-128.462250
17517.260742	-128.513168
17522.644043	-128.029587
17528.027344	-128.403076
17533.410645	-128.100708
17538.793945	-128.604706
17544.177246	-128.101791
17549.560547	-128.713196
17554.943848	-127.925316
17560.327148	-128.672180
17565.710449	-128.179718
17571.093750	-128.516479
17576.477051	-128.392212
17581.860352	-128.621185
17587.243652	-128.026642
17592.626953	-128.348389
17598.010254	-128.532440
17603.393555	-128.362701
17608.776855	-128.792877
17614.160156	-128.420395
17619.543457	-128.211929
17624.926758	-128.529922
17630.310059	-128.428619
17635.693359	-128.388702
17641.076660	-128.287216
17646.459961	-128.285065
17651.843262	-128.417191
17657.226562	-128.293167
17662.609863	-128.544037
17667.993164	-128.415634
17673.376465	-128.144516
17678.759766	-128.466385
17684.143066	-128.590851
17689.526367	-128.325470
17694.909668	-128.485840
17700.292969	-128.001511
17705.676270	-128.384308
17711.059570	-128.326431
17716.442871	-128.365067
17721.826172	-128.167343
17727.209473	-128.319611
17732.592773	-128.370697
17737.976074	-128.536896
17743.359375	-128.456772
17748.742676	-128.430832
17754.125977	-128.234772
17759.509277	-128.473434
17764.892578	-128.168701
17770.275879	-128.540894
17775.659180	-128.335205
17781.042480	-128.235580
17786.425781	-128.740295
17791.809082	-128.296738
17797.192383	-128.275269
17802.575684	-128.326965
17807.958984	-128.442627
17813.342285	-128.336884
17818.725586	-128.505096
17824.108887	-128.594940
17829.492188	-128.580978
17834.875488	-128.565430
17840.258789	-128.125610
17845.642090	-128.567444
17851.025391	-128.226929
17856.408691	-128.446945
17861.791992	-128.429764
17867.175293	-128.406784
17872.558594	-128.585068
17877.941895	-128.544388
17883.325195	-128.182373
17888.708496	-128.215607
17894.091797	-128.561325
17899.475098	-128.366745
17904.858398	-128.457718
17910.241699	-128.351852
17915.625000	-128.679413
17921.008301	-128.061157
17926.391602	-128.597534
17931.774902	-128.358612
17937.158203	-128.354904
17942.541504	-128.367981
17947.924805	-128.187424
17953.308105	-128.518417
17958.691406	-128.307541
17964.074707	-128.360809
17969.458008	-128.776932
17974.841309	-128.116486
17980.224609	-128.441727
17985.607910	-128.093933
17990.991211	-128.578400
17996.374512	-128.383942
18001.757812	-128.657242
18007.141113	-128.013031
18012.524414	-128.668655
18017.907715	-128.357971
18023.291016	-128.321045
18028.674316	-128.736359
18034.057617	-128.152496
18039.440918	-128.769424
18044.824219	-128.499054
18050.207520	-128.265594
18055.590820	-128.271576
18060.974121	-128.470917
18066.357422	-128.274841
18071.740723	-128.759689
18077.124023	-128.190521
18082.507324	-128.631424
18087.890625	-128.591766
18093.273926	-128.470108
18098.657227	-128.105988
18104.040527	-128.281738
18109.423828	-128.740005
18114.807129	-128.083847
18120.190430	-128.294144
18125.573730	-128.555496
18130.957031	-128.219696
18136.340332	-128.520142
18141.723633	-128.208466
18147.106934	-128.492188
18152.490234	-128.210678
18157.873535	-128.845047
18163.256836	-128.131073
18168.640137	-128.390442
18174.023438	-128.559113
18179.406738	-128.222717
18184.790039	-128.356857
18190.173340	-128.342499
18195.556641	-128.306259
18200.939941	-128.384918
18206.323242	-128.216095
18211.706543	-128.885910
18217.089844	-128.501450
18222.473145	-128.302673
18227.856445	-128.595398
18233.239746	-128.469894
18238.623047	-128.262222
18244.006348	-128.264191
18249.389648	-128.846008
18254.772949	-128.166840
18260.156250	-128.546478
18265.539551	-128.395798
18270.922852	-128.486481
18276.306152	-128.226730
18281.689453	-128.494034
18287.072754	-128.228668
18292.456055	-128.536285
18297.839355	-127.955750
18303.222656	-128.764801
18308.605957	-128.559631
18313.989258	-127.943207
18319.372559	-128.837769
18324.755859	-128.340347
18330.139160	-128.406769
18335.522461	-128.804214
18340.905762	-128.694885
18346.289062	-128.341644
18351.672363	-128.467270
18357.055664	-128.624664
18362.438965	-128.545654
18367.822266	-128.184921
18373.205566	-128.688309
18378.588867	-128.633514
18383.972168	-128.381744
18389.355469	-128.198792
18394.738770	-128.572617
18400.122070	-128.567474
18405.505371	-128.650040
18410.888672	-128.054901
18416.271973	-128.373932
18421.655273	-128.501297
18427.038574	-128.172653
18432.421875	-128.503387
18437.805176	-128.379593
18443.188477	-128.648483
18448.571777	-128.384705
18453.955078	-128.300674
18459.338379	-128.403503
18464.721680	-128.565140
18470.104980	-128.468735
18475.488281	-128.185715
18480.871582	-128.223618
18486.254883	-128.808197
18491.638184	-128.198318
18497.021484	-128.614700
18502.404785	-128.423050
18507.788086	-128.608154
18513.171387	-128.272491
18518.554688	-128.601028
18523.937988	-128.637421
18529.321289	-128.503418
18534.704590	-128.301361
18540.087891	-128.436890
18545.471191	-128.557449
18550.854492	-128.450714
18556.237793	-128.401642
18561.621094	-129.023026
18567.004395	-128.659546
18572.387695	-128.567688
18577.770996	-128.312027
18583.154297	-128.871384
18588.537598	-128.283783
18593.920898	-128.480911
18599.304199	-128.134583
18604.687500	-128.783432
18610.070801	-128.131775
18615.454102	-128.502731
18620.837402	-128.247726
18626.220703	-129.048355
18631.604004	-128.239059
18636.987305	-128.516190
18642.370605	-128.571350
18647.753906	-129.027710
18653.137207	-128.295242
18658.520508	-128.750290
18663.903809	-128.921616
18669.287109	-128.380859
18674.670410	-128.475403
18680.053711	-128.492706
18685.437012	-128.299286
18690.820312	-128.974945
18696.203613	-128.238586
18701.586914	-128.529510
18706.970215	-128.751907
18712.353516	-128.144211
18717.736816	-128.675598
18723.120117	-128.429306
18728.503418	-128.227142
18733.886719	-128.407822
18739.270020	-128.807449
18744.653320	-128.167236
18750.036621	-128.322876
18755.419922	-128.668274
18760.803223	-128.352676
18766.186523	-128.720978
18771.569824	-128.548370
18776.953125	-128.334930
18782.336426	-128.517532
18787.719727	-128.540939
18793.103027	-128.888687
18798.486328	-128.196686
18803.869629	-128.664581
18809.252930	-128.720413
18814.636230	-128.338058
18820.019531	-128.298630
18825.402832	-128.551071
18830.786133	-128.279602
18836.169434	-128.678268
18841.552734	-128.600876
18846.936035	-128.358139
18852.319336	-129.054321
18857.702637	-128.482254
18863.085938	-128.636093
18868.469238	-128.453781
18873.852539	-128.292084
18879.235840	-128.801926
18884.619141	-128.610336
18890.002441	-128.440781
18895.385742	-128.900208
18900.769043	-128.151688
18906.152344	-128.659546
18911.535645	-128.096970
18916.918945	-128.646667
18922.302246	-128.566727
18927.685547	-128.480942
18933.068848	-128.757904
18938.452148	-128.615234
18943.835449	-128.401123
18949.218750	-128.366425
18954.602051	-128.648712
18959.985352	-128.347458
18965.368652	-128.470413
18970.751953	-128.514282
18976.135254	-128.506271
18981.518555	-128.752502
18986.901855	-128.455429
18992.285156	-128.689941
18997.668457	-128.257553
19003.051758	-128.848495
19008.435059	-128.414612
19013.818359	-128.406296
19019.201660	-128.698090
19024.584961	-128.257980
19029.968262	-128.879974
19035.351562	-128.497604
19040.734863	-128.347961
19046.118164	-128.454422
19051.501465	-128.883713
19056.884766	-128.098206
19062.268066	-128.830887
19067.651367	-128.158875
19073.034668	-128.837906
19078.417969	-128.343155
19083.801270	-128.612991
19089.184570	-128.271378
19094.567871	-128.652817
19099.951172	-128.292465
19105.334473	-128.876648
19110.717773	-128.277420
19116.101074	-128.521042
19121.484375	-128.531723
19126.867676	-128.853363
19132.250977	-128.385162
19137.634277	-128.387634
19143.017578	-128.793259
19148.400879	-128.308914
19153.784180	-128.673065
19159.167480	-128.372101
19164.550781	-128.549850
19169.934082	-128.163193
19175.317383	-128.861633
19180.700684	-128.542328
19186.083984	-128.886871
19191.467285	-128.580154
19196.850586	-128.643463
19202.233887	-128.355850
19207.617188	-128.561569
19213.000488	-128.867783
19218.383789	-128.569183
19223.767090	-128.650192
19229.150391	-128.602951
19234.533691	-128.537231
19239.916992	-128.762009
19245.300293	-128.602600
19250.683594	-128.546295
19256.066895	-128.409470
19261.450195	-128.875412
19266.833496	-128.128998
19272.216797	-128.155304
19277.600098	-128.882309
19282.983398	-128.013809
19288.366699	-128.761063
19293.750000	-128.457870
19299.133301	-128.735092
19304.516602	-127.970963
19309.899902	-129.082321
19315.283203	-128.532211
19320.666504	-128.250458
19326.049805	-128.381454
19331.433105	-128.954361
19336.816406	-128.612289
19342.199707	-128.582077
19347.583008	-128.165543
19352.966309	-128.362106
19358.349609	-128.742508
19363.732910	-128.672699
19369.116211	-128.826370
19374.499512	-128.550003
19379.882812	-128.561844
19385.266113	-128.679703
19390.649414	-128.378159
19396.032715	-128.480789
19401.416016	-128.428955
19406.799316	-128.811493
19412.182617	-128.687881
19417.565918	-128.803421
19422.949219	-128.707855
19428.332520	-128.655029
19433.715820	-128.451614
19439.099121	-128.296417
19444.482422	-128.389420
19449.865723	-128.661667
19455.249023	-128.534653
19460.632324	-128.489731
19466.015625	-128.376648
19471.398926	-128.409973
19476.782227	-128.795868
19482.165527	-128.221588
19487.548828	-128.652695
19492.932129	-128.117172
19498.315430	-129.000153
19503.698730	-128.328735
19509.082031	-128.420532
19514.465332	-128.634109
19519.848633	-128.150421
19525.231934	-128.653610
19530.615234	-128.431641
19535.998535	-128.691208
19541.381836	-128.433990
19546.765137	-128.551559
19552.148438	-128.256393
19557.531738	-128.613541
19562.915039	-128.578842
19568.298340	-128.765182
19573.681641	-128.460464
19579.064941	-128.791885
19584.448242	-128.644974
19589.831543	-128.630814
19595.214844	-128.485596
19600.598145	-128.936661
19605.981445	-128.590515
19611.364746	-128.479874
19616.748047	-128.587158
19622.131348	-128.624481
19627.514648	-128.634338
19632.897949	-128.707703
19638.281250	-128.319122
19643.664551	-128.709961
19649.047852	-128.505203
19654.431152	-128.511841
19659.814453	-128.855225
19665.197754	-128.633041
19670.581055	-128.637451
19675.964355	-128.288818
19681.347656	-128.817825
19686.730957	-128.602905
19692.114258	-128.762497
19697.497559	-128.492676
19702.880859	-128.549225
19708.264160	-128.562088
19713.647461	-128.504440
19719.030762	-129.109039
19724.414062	-128.122391
19729.797363	-128.938385
19735.180664	-128.555710
19740.563965	-128.747757
19745.947266	-128.428406
19751.330566	-128.595245
19756.713867	-128.860733
19762.097168	-128.182938
19767.480469	-128.848724
19772.863770	-129.058365
19778.247070	-128.180298
19783.630371	-128.509430
19789.013672	-128.615479
19794.396973	-128.455276
19799.780273	-128.469711
19805.163574	-128.288712
19810.546875	-128.616394
19815.930176	-128.584900
19821.313477	-128.197098
19826.696777	-128.748367
19832.080078	-128.300705
19837.463379	-128.631973
19842.846680	-128.736145
19848.229980	-128.827728
19853.613281	-128.854706
19858.996582	-128.469894
19864.379883	-128.786514
19869.763184	-128.709259
19875.146484	-128.209244
19880.529785	-128.734482
19885.913086	-128.781097
19891.296387	-128.332581
19896.679688	-128.854462
19902.062988	-128.586792
19907.446289	-128.838257
19912.829590	-128.119141
19918.212891	-129.098511
19923.596191	-128.492432
19928.979492	-128.861633
19934.362793	-128.723282
19939.746094	-128.535965
19945.129395	-128.514786
19950.512695	-128.531357
19955.895996	-128.334549
19961.279297	-129.004272
19966.662598	-128.530746
19972.045898	-128.733124
19977.429199	-128.579315
19982.812500	-128.612778
19988.195801	-128.848816
19993.579102	-128.205963
19998.962402	-128.928772
20004.345703	-128.564468
20009.729004	-128.606689
20015.112305	-128.111008
20020.495605	-128.824631
20025.878906	-128.395248
20031.262207	-128.836304
20036.645508	-128.753937
20042.028809	-128.451736
20047.412109	-128.791458
20052.795410	-128.392136
20058.178711	-128.994614
20063.562012	-128.371918
20068.945312	-128.771835
20074.328613	-128.589233
20079.711914	-128.340805
20085.095215	-127.991905
20090.478516	-129.047852
20095.861816	-128.671173
20101.245117	-128.069687
20106.628418	-128.781189
20112.011719	-128.667404
20117.395020	-128.696777
20122.778320	-128.328445
20128.161621	-128.876434
20133.544922	-128.543640
20138.928223	-128.498001
20144.311523	-128.639755
20149.694824	-128.484741
20155.078125	-129.093979
20160.461426	-128.262955
20165.844727	-128.887390
20171.228027	-128.424316
20176.611328	-128.573563
20181.994629	-128.934067
20187.377930	-128.234894
20192.761230	-128.762543
20198.144531	-128.651718
20203.527832	-128.539856
20208.911133	-128.614197
20214.294434	-128.834625
20219.677734	-128.652954
20225.061035	-128.945099
20230.444336	-128.703964
20235.827637	-128.482941
20241.210938	-128.773224
20246.594238	-128.282913
20251.977539	-128.479218
20257.360840	-128.613113
20262.744141	-129.122192
20268.127441	-128.652756
20273.510742	-128.721436
20278.894043	-128.459778
20284.277344	-128.600632
20289.660645	-128.803177
20295.043945	-128.459976
20300.427246	-128.979965
20305.810547	-128.688324
20311.193848	-128.787506
20316.577148	-128.307938
20321.960449	-128.913239
20327.343750	-128.718903
20332.727051	-128.196487
20338.110352	-128.454391
20343.493652	-128.541122
20348.876953	-128.704269
20354.260254	-128.722336
20359.643555	-128.782944
20365.026855	-128.542068
20370.410156	-128.650024
20375.793457	-128.292526
20381.176758	-128.832367
20386.560059	-128.422989
20391.943359	-128.643539
20397.326660	-128.259323
20402.709961	-128.914627
20408.093262	-128.582321
20413.476562	-128.668137
20418.859863	-128.438354
20424.243164	-128.797943
20429.626465	-128.613312
20435.009766	-128.400803
20440.393066	-128.749680
20445.776367	-128.375153
20451.159668	-128.726166
20456.542969	-128.220612
20461.926270	-128.545120
20467.309570	-128.367096
20472.692871	-128.429352
20478.076172	-128.932541
20483.459473	-128.416733
20488.842773	-128.561996
20494.226074	-129.042068
20499.609375	-128.466690
20504.992676	-128.577911
20510.375977	-128.783920
20515.759277	-128.566360
20521.142578	-128.855011
20526.525879	-128.419296
20531.909180	-128.518127
20537.292480	-128.723862
20542.675781	-128.842484
20548.059082	-128.215286
20553.442383	-129.031693
20558.825684	-128.165573
20564.208984	-128.974442
20569.592285	-128.527206
20574.975586	-128.934509
20580.358887	-128.431229
20585.742188	-128.879364
20591.125488	-128.153763
20596.508789	-128.835464
20601.892090	-128.651627
20607.275391	-128.316437
20612.658691	-128.713470
20618.041992	-128.693863
20623.425293	-128.581024
20628.808594	-129.075821
20634.191895	-128.470490
20639.575195	-128.718567
20644.958496	-128.520370
20650.341797	-128.353058
20655.725098	-128.979172
20661.108398	-128.718369
20666.491699	-128.613602
20671.875000	-128.960983
20677.258301	-128.474060
20682.641602	-129.269485
20688.024902	-128.753372
20693.408203	-128.807755
20698.791504	-128.585510
20704.174805	-128.790024
20709.558105	-129.068909
20714.941406	-128.621338
20720.324707	-128.685333
20725.708008	-128.647781
20731.091309	-128.910721
20736.474609	-128.572861
20741.857910	-128.949402
20747.241211	-128.870361
20752.624512	-129.000107
20758.007812	-128.890717
20763.391113	-128.907639
20768.774414	-128.887222
20774.157715	-128.539917
20779.541016	-128.872314
20784.924316	-128.837402
20790.307617	-129.222961
20795.690918	-128.956131
20801.074219	-128.680405
20806.457520	-129.011429
20811.840820	-129.070633
20817.224121	-128.590179
20822.607422	-129.094391
20827.990723	-129.306976
20833.374023	-128.783508
20838.757324	-129.173096
20844.140625	-128.796021
20849.523926	-129.148270
20854.907227	-128.848480
20860.290527	-129.353119
20865.673828	-128.815933
20871.057129	-129.287888
20876.440430	-128.842529
20881.823730	-129.362503
20887.207031	-129.181915
20892.590332	-129.138870
20897.973633	-129.618515
20903.356934	-129.184967
20908.740234	-129.382614
20914.123535	-128.757782
20919.506836	-129.363251
20924.890137	-129.183334
20930.273438	-129.517853
20935.656738	-129.358368
20941.040039	-129.453064
20946.423340	-129.461090
20951.806641	-129.714508
20957.189941	-129.332581
20962.573242	-129.559097
20967.956543	-129.760300
20973.339844	-129.486206
20978.723145	-129.536163
20984.106445	-129.385223
20989.489746	-129.769882
20994.873047	-129.752441
21000.256348	-129.476334
21005.639648	-129.934219
21011.022949	-129.699600
21016.406250	-129.639893
21021.789551	-129.860550
21027.172852	-129.807281
21032.556152	-129.669357
21037.939453	-129.772156
21043.322754	-129.818939
21048.706055	-129.883789
21054.089355	-129.666443
21059.472656	-130.024216
21064.855957	-130.042358
21070.239258	-129.783249
21075.622559	-130.049484
21081.005859	-129.957108
21086.389160	-130.105820
21091.772461	-129.988312
21097.155762	-130.103210
21102.539062	-130.063065
21107.922363	-129.925385
21113.305664	-130.230408
21118.688965	-130.001251
21124.072266	-130.051071
21129.455566	-130.318542
21134.838867	-130.086487
21140.222168	-130.187546
21145.605469	-130.286591
21150.988770	-130.159821
21156.372070	-130.077438
21161.755371	-130.291763
21167.138672	-130.345093
21172.521973	-130.266693
21177.905273	-130.213684
21183.288574	-130.388611
21188.671875	-130.105087
21194.055176	-130.408066
21199.438477	-130.281067
21204.821777	-130.219025
21210.205078	-130.454208
21215.588379	-130.324905
21220.971680	-130.296646
21226.354980	-130.347778
21231.738281	-130.436264
21237.121582	-130.244278
21242.504883	-130.459427
21247.888184	-130.477127
21253.271484	-130.295013
21258.654785	-130.414154
21264.038086	-130.416565
21269.421387	-130.411652
21274.804688	-130.428864
21280.187988	-130.395004
21285.571289	-130.408279
21290.954590	-130.456375
21296.337891	-130.395065
21301.721191	-130.470276
21307.104492	-130.408981
21312.487793	-130.447449
21317.871094	-130.473999
21323.254395	-130.443359
21328.637695	-130.436813
21334.020996	-130.503510
21339.404297	-130.408966
21344.787598	-130.469238
21350.170898	-130.464584
21355.554199	-130.478943
21360.937500	-130.427719
21366.320801	-130.513611
21371.704102	-130.452148
21377.087402	-130.474960
21382.470703	-130.473557
21387.854004	-130.498657
21393.237305	-130.436539
21398.620605	-130.500076
21404.003906	-130.484482
21409.387207	-130.462906
21414.770508	-130.497925
21420.153809	-130.479889
21425.537109	-130.475052
21430.920410	-130.490982
21436.303711	-130.493927
21441.687012	-130.470810
21447.070312	-130.485672
21452.453613	-130.504456
21457.836914	-130.487595
21463.220215	-130.488998
21468.603516	-130.469910
21473.986816	-130.505341
21479.370117	-130.498886
21484.753418	-130.480774
21490.136719	-130.484573
21495.520020	-130.501694
21500.903320	-130.481979
21506.286621	-130.497528
21511.669922	-130.487366
21517.053223	-130.494751
21522.436523	-130.493942
21527.819824	-130.498718
21533.203125	-130.483414
21538.586426	-130.503723
21543.969727	-130.492020
21549.353027	-130.491425
21554.736328	-130.494064
21560.119629	-130.497482
21565.502930	-130.494888
21570.886230	-130.496399
21576.269531	-130.488861
21581.652832	-130.500229
21587.036133	-130.492462
21592.419434	-130.496414
21597.802734	-130.497101
21603.186035	-130.493469
21608.569336	-130.499527
21613.952637	-130.492966
21619.335938	-130.497009
21624.719238	-130.494415
21630.102539	-130.498734
21635.485840	-130.495590
21640.869141	-130.496643
21646.252441	-130.495850
21651.635742	-130.497177
21657.019043	-130.497284
21662.402344	-130.496994
21667.785645	-130.496780
21673.168945	-130.497223
21678.552246	-130.496872
21683.935547	-130.497223
21689.318848	-130.497498
21694.702148	-130.497559
21700.085449	-130.497696
21705.468750	-130.497620
21710.852051	-130.497757
21716.235352	-130.497971
21721.618652	-130.497726
21727.001953	-130.498001
21732.385254	-130.498535
21737.768555	-130.498215
21743.151855	-130.498367
21748.535156	-130.498535
21753.918457	-130.498291
21759.301758	-130.498459
21764.685059	-130.498444
21770.068359	-130.498825
21775.451660	-130.498764
21780.834961	-130.499146
21786.218262	-130.499039
21791.601562	-130.498749
21796.984863	-130.498886
21802.368164	-130.499054
21807.751465	-130.499069
21813.134766	-130.499222
21818.518066	-130.499252
21823.901367	-130.499130
21829.284668	-130.499359
21834.667969	-130.499420
21840.051270	-130.499405
21845.434570	-130.499481
21850.817871	-130.499405
21856.201172	-130.499542
21861.584473	-130.499725
21866.967773	-130.499695
21872.351074	-130.499649
21877.734375	-130.499832
21883.117676	-130.499939
21888.500977	-130.499832
21893.884277	-130.499695
21899.267578	-130.499817
21904.650879	-130.499878
21910.034180	-130.500061
21915.417480	-130.500015
21920.800781	-130.499893
21926.184082	-130.500092
21931.567383	-130.500076
21936.950684	-130.500229
21942.333984	-130.499634
21947.717285	-130.500275
21953.100586	-130.500534
21958.483887	-130.500107
21963.867188	-130.500275
21969.250488	-130.499771
21974.633789	-130.500656
21980.017090	-130.500717
21985.400391	-130.499939
21990.783691	-130.499832
21996.166992	-130.500153
22001.550293	-130.499893
22006.933594	-130.500137
22012.316895	-130.500259
22017.700195	-130.500397
22023.083496	-130.500412
22028.466797	-130.500244
22033.850098	-130.500351
22039.233398	-130.500351
22044.616699	-130.500412
